0 0.288328 0.306320 0.231707 0.331295
0 0.433798 0.307849 0.240418 0.346585
0 0.527875 0.213558 0.101045 0.147808
0 0.655923 0.213048 0.113240 0.165138
0 0.753484 0.304791 0.231707 0.332314
0 0.867596 0.294088 0.219512 0.317023
0 1.035714 0.291030 0.186411 0.266055
0 1.155923 0.283384 0.200348 0.285423
0 1.201220 0.285423 0.189895 0.271152
0 1.358014 0.269623 0.168990 0.241590
0 1.501742 0.268094 0.170732 0.244648
0 0.325784 0.346585 0.073171 0.161060
0 0.559233 0.338430 0.097561 0.171254
0 0.385017 0.155963 0.041812 0.036697
0 0.497387 0.168705 0.071429 0.037717
0 0.794425 0.160041 0.045296 0.057085
0 0.936411 0.176351 0.067944 0.079511
0 0.989547 0.343527 0.034843 0.134557
