0 0.404321 0.359538 0.286008 0.395376
0 0.751029 0.401156 0.230453 0.319075
0 0.907407 0.409827 0.213992 0.297110
0 1.206790 0.356069 0.294239 0.404624
0 1.017490 0.371098 0.273663 0.376879
0 0.163580 0.267630 0.133745 0.183815
0 0.290123 0.239306 0.115226 0.157225
0 0.233539 0.249133 0.067901 0.093642
0 1.407407 0.266474 0.078189 0.109827
0 1.462963 0.269364 0.102881 0.141040
0 1.629630 0.264740 0.102881 0.143353
0 1.725309 0.289595 0.109053 0.172254
0 1.588477 0.256647 0.074074 0.104046
0 0.791152 0.196532 0.203704 0.228902
0 0.092593 0.332370 0.156379 0.167630
0 0.033951 0.231792 0.034979 0.095954
0 0.112140 0.227746 0.034979 0.023121
0 0.074074 0.229480 0.049383 0.026590
0 0.314815 0.219653 0.057613 0.053179
0 0.365226 0.220231 0.043210 0.028902
0 0.895062 0.215029 0.082305 0.083237
0 1.339506 0.233526 0.037037 0.055491
0 1.498971 0.215029 0.026749 0.013873
0 1.493827 0.204046 0.024691 0.012717
0 1.525720 0.217341 0.018519 0.016185
0 1.547325 0.224277 0.032922 0.025434
0 1.645062 0.206936 0.018519 0.011561
0 1.685185 0.215607 0.037037 0.028902
0 1.681070 0.199422 0.020576 0.015029
0 1.739712 0.209827 0.034979 0.021965
0 1.768519 0.217341 0.018519 0.046243
0 0.556584 0.201734 0.327160 0.241618
0 0.088477 0.200578 0.078189 0.026590
0 0.216049 0.202890 0.078189 0.024277
0 1.060700 0.206936 0.096708 0.025434
0 1.263374 0.217341 0.131687 0.027746
0 1.402263 0.209249 0.096708 0.016185
0 1.550412 0.206936 0.080247 0.023121
