0 0.448889 0.721875 0.377778 0.518750
0 0.041111 0.539375 0.055556 0.076250
0 0.103333 0.545625 0.046667 0.068750
0 0.200000 0.540000 0.044444 0.062500
0 0.227778 0.544375 0.042222 0.061250
0 0.245556 0.540625 0.042222 0.061250
0 0.282222 0.533125 0.040000 0.058750
0 0.321111 0.542500 0.042222 0.057500
0 0.352222 0.536875 0.033333 0.048750
0 0.070000 0.531875 0.051111 0.073750
0 0.594444 0.523750 0.028889 0.040000
0 0.568889 0.526250 0.022222 0.030000
0 0.616667 0.526250 0.024444 0.035000
0 0.714444 0.558750 0.037778 0.055000
0 0.745556 0.544375 0.060000 0.083750
0 0.842222 0.543750 0.062222 0.087500
0 0.868889 0.544375 0.057778 0.081250
0 0.164444 0.536875 0.035556 0.048750
0 0.246667 0.508125 0.017778 0.006250
0 0.576667 0.506250 0.015556 0.010000
0 0.721111 0.514375 0.020000 0.016250
0 0.026667 0.507500 0.026667 0.017500
0 0.387778 0.506250 0.033333 0.010000
0 0.366667 0.515625 0.031111 0.013750
0 0.548889 0.507500 0.031111 0.010000
0 0.781111 0.510000 0.037778 0.010000
0 0.808889 0.518750 0.026667 0.007500
