0 0.160833 0.525000 0.178333 0.660000
0 0.782500 0.431250 0.061667 0.227500
0 0.754167 0.415000 0.045000 0.165000
0 0.641667 0.401250 0.033333 0.127500
0 0.602500 0.402500 0.048333 0.185000
0 0.443333 0.415000 0.076667 0.285000
0 0.467500 0.383750 0.045000 0.172500
0 0.195833 0.416250 0.068333 0.257500
0 0.241667 0.397500 0.060000 0.220000
0 0.299167 0.382500 0.048333 0.180000
0 0.020833 0.408750 0.041667 0.252500
0 0.485000 0.388750 0.033333 0.127500
0 0.412500 0.421250 0.041667 0.157500
0 0.545833 0.441250 0.091667 0.337500
0 0.355833 0.467500 0.121667 0.450000
0 0.690000 0.435000 0.076667 0.285000
0 0.847500 0.446250 0.095000 0.352500
0 0.832500 0.423750 0.051667 0.207500
0 0.896667 0.425000 0.023333 0.185000
0 0.728333 0.401250 0.023333 0.172500
0 0.620833 0.397500 0.015000 0.150000
0 0.530000 0.350000 0.040000 0.130000
0 0.318333 0.320000 0.016667 0.045000
0 0.330833 0.387500 0.021667 0.165000
0 0.413333 0.326250 0.020000 0.032500
