0 0.230612 0.418052 0.191837 0.280285
0 0.406122 0.384798 0.257143 0.370546
0 0.555102 0.423990 0.187755 0.273159
0 0.653061 0.401425 0.138776 0.199525
0 0.708163 0.393112 0.151020 0.216152
0 0.812245 0.435867 0.171429 0.249406
0 0.887755 0.432304 0.191837 0.270784
0 1.055102 0.425178 0.208163 0.294537
0 1.377551 0.412114 0.200000 0.287411
0 1.542857 0.393112 0.114286 0.168646
0 1.681633 0.391924 0.073469 0.123515
0 1.234694 0.422803 0.159184 0.232779
0 1.146939 0.408551 0.179592 0.256532
0 1.287755 0.394299 0.175510 0.251781
0 1.446939 0.402613 0.126531 0.187648
