0 0.048077 0.573718 0.096154 0.408120
0 0.277244 0.601496 0.115385 0.373932
0 0.220353 0.534188 0.081731 0.269231
0 0.307692 0.514957 0.057692 0.192308
0 0.394231 0.552350 0.083333 0.271368
0 0.447917 0.522436 0.065705 0.215812
0 0.564103 0.639957 0.115385 0.382479
0 0.844551 0.647436 0.131410 0.431624
0 0.627404 0.548077 0.078526 0.262821
0 0.758814 0.504274 0.056090 0.188034
0 0.478365 0.496795 0.049679 0.160256
0 0.506410 0.487179 0.051282 0.166667
0 0.735577 0.489316 0.051282 0.170940
0 0.119391 0.472222 0.142628 0.145299
0 0.961538 0.501068 0.067308 0.143162
