0 0.308426 0.308511 0.206677 0.338298
0 0.448331 0.317021 0.209857 0.342553
0 0.167727 0.220745 0.109698 0.179787
0 0.243243 0.219149 0.111288 0.180851
0 0.589030 0.200000 0.084261 0.138298
0 0.533386 0.195745 0.087440 0.144681
0 0.650238 0.181915 0.089030 0.146809
0 0.769475 0.184043 0.089030 0.144681
0 0.887917 0.254787 0.128776 0.213830
0 0.984897 0.155319 0.081081 0.136170
0 1.034181 0.119149 0.068362 0.110638
0 0.951510 0.116489 0.071542 0.118085
0 0.869634 0.096277 0.047695 0.077660
0 0.822734 0.095745 0.058824 0.095745
0 0.790143 0.102128 0.054054 0.089362
0 0.755962 0.090957 0.074722 0.124468
0 0.709062 0.104255 0.073132 0.119149
0 0.613672 0.105851 0.063593 0.107447
0 0.550874 0.102128 0.065183 0.106383
0 0.409380 0.086170 0.062003 0.102128
0 0.331479 0.100000 0.081081 0.134043
0 1.254372 0.370745 0.273450 0.447872
0 1.209062 0.207447 0.109698 0.182979
0 0.674086 0.099468 0.063593 0.105319
0 0.469793 0.107447 0.065183 0.042553
0 1.156598 0.112234 0.077901 0.032979
0 1.172496 0.144681 0.055644 0.040426
0 1.211447 0.150000 0.076312 0.065957
0 1.327504 0.162766 0.120827 0.091489
0 0.962639 0.059043 0.042925 0.039362
0 1.012719 0.052660 0.054054 0.030851
0 0.065978 0.156915 0.049285 0.047872
