0 0.117561 0.597656 0.030860 0.051758
0 0.137399 0.599121 0.030860 0.049805
0 0.160544 0.599365 0.028655 0.046387
0 0.172300 0.600342 0.030125 0.049316
0 0.184056 0.599121 0.030125 0.049805
0 0.450404 0.588135 0.030860 0.050293
0 0.483468 0.592773 0.032329 0.053711
0 0.632990 0.531982 0.015430 0.026855
0 0.644747 0.579102 0.033064 0.053711
0 0.723365 0.527344 0.024247 0.040039
0 0.739897 0.528320 0.023512 0.039062
0 0.759001 0.563232 0.026451 0.044434
0 0.782880 0.572754 0.027186 0.043945
0 0.757164 0.528076 0.022777 0.037598
0 0.776635 0.527100 0.023512 0.039551
0 0.778839 0.521729 0.027921 0.045410
0 0.805658 0.520508 0.030125 0.048828
0 0.840558 0.555664 0.026451 0.043945
0 0.832476 0.530518 0.020573 0.033691
0 0.846069 0.541504 0.024247 0.040039
0 0.865173 0.540771 0.028655 0.046387
0 0.886848 0.548096 0.029390 0.048340
0 0.946730 0.520020 0.027186 0.045898
0 0.795738 0.531250 0.016165 0.027344
0 0.725569 0.508301 0.013960 0.011719
0 0.759001 0.506348 0.016165 0.010742
0 1.466936 0.493896 0.016899 0.010254
