0 0.131635 0.349083 0.114650 0.187588
0 0.055202 0.339915 0.080679 0.135402
0 0.251592 0.334274 0.082803 0.135402
0 0.401274 0.370240 0.144374 0.232722
0 0.533970 0.322285 0.074310 0.125529
0 0.598726 0.351904 0.106157 0.176305
0 0.746285 0.344147 0.099788 0.160790
0 0.945860 0.364598 0.142251 0.232722
0 0.833333 0.342031 0.099788 0.165021
0 1.096603 0.351199 0.112527 0.183357
0 1.148620 0.337800 0.093418 0.156559
0 1.228238 0.331453 0.087049 0.143865
0 1.410828 0.327927 0.087049 0.142454
0 1.369427 0.318054 0.076433 0.122708
0 1.306794 0.311001 0.065817 0.111425
0 0.481953 0.290550 0.046709 0.076164
0 0.215499 0.511283 0.269639 0.241185
0 0.789809 0.500705 0.237792 0.236953
0 1.182590 0.484485 0.203822 0.218618
0 1.289809 0.311707 0.057325 0.033850
