0 0.026250 0.708647 0.052500 0.319549
0 0.060000 0.714286 0.070000 0.263158
0 0.028750 0.691729 0.057500 0.285714
0 0.087500 0.680451 0.060000 0.233083
0 0.162500 0.676692 0.070000 0.255639
0 0.138750 0.684211 0.057500 0.210526
0 0.180000 0.663534 0.060000 0.221805
0 0.200000 0.663534 0.055000 0.206767
0 0.225000 0.661654 0.055000 0.210526
0 0.263750 0.650376 0.052500 0.203008
0 0.281250 0.652256 0.047500 0.184211
0 0.301250 0.640977 0.047500 0.184211
0 0.338750 0.648496 0.042500 0.169173
0 0.361250 0.635338 0.042500 0.165414
0 0.438750 0.629699 0.032500 0.131579
0 0.480000 0.774436 0.115000 0.436090
0 0.560000 0.721805 0.080000 0.300752
0 0.595000 0.695489 0.075000 0.278195
0 0.651250 0.734962 0.102500 0.379699
0 0.691250 0.710526 0.092500 0.338346
0 0.723750 0.686090 0.087500 0.327068
0 0.752500 0.671053 0.080000 0.296992
0 0.790000 0.669173 0.065000 0.248120
0 0.826250 0.577068 0.007500 0.041353
0 0.882500 0.601504 0.025000 0.090226
0 0.891250 0.599624 0.022500 0.093985
0 0.913750 0.599624 0.027500 0.101504
0 0.936250 0.599624 0.027500 0.101504
0 0.980000 0.571429 0.015000 0.060150
0 0.082500 0.328947 0.055000 0.206767
0 0.040000 0.319549 0.060000 0.218045
0 0.195000 0.359023 0.050000 0.184211
0 0.230000 0.368421 0.045000 0.172932
0 0.277500 0.374060 0.045000 0.161654
0 0.325000 0.400376 0.045000 0.161654
0 0.371250 0.409774 0.042500 0.157895
0 0.463750 0.424812 0.037500 0.135338
0 0.032500 0.577068 0.020000 0.056391
0 0.068750 0.575188 0.022500 0.045113
0 0.092500 0.582707 0.010000 0.045113
0 0.146250 0.571429 0.017500 0.030075
0 0.458750 0.578947 0.022500 0.052632
0 0.621250 0.577068 0.027500 0.056391
0 0.836250 0.588346 0.012500 0.026316
0 0.850000 0.588346 0.015000 0.018797
0 0.807500 0.573308 0.010000 0.026316
0 0.961250 0.531955 0.012500 0.026316
0 0.981250 0.531955 0.017500 0.026316
0 0.027500 0.065789 0.020000 0.041353
0 0.085000 0.110902 0.020000 0.056391
0 0.105000 0.105263 0.015000 0.045113
0 0.118750 0.105263 0.012500 0.045113
0 0.141250 0.129699 0.022500 0.041353
0 0.167500 0.131579 0.020000 0.045113
0 0.300000 0.225564 0.020000 0.052632
0 0.017500 0.109023 0.020000 0.045113
0 0.038750 0.118421 0.012500 0.033835
0 0.051250 0.122180 0.012500 0.026316
0 0.073750 0.133459 0.017500 0.056391
0 0.188750 0.146617 0.012500 0.030075
0 0.492500 0.302632 0.010000 0.026316
0 0.561250 0.328947 0.017500 0.033835
0 0.900000 0.567669 0.015000 0.052632
0 0.950000 0.562030 0.020000 0.048872
0 0.017500 0.172932 0.035000 0.120301
0 0.051250 0.180451 0.027500 0.090226
0 0.085000 0.208647 0.035000 0.093985
0 0.126250 0.203008 0.047500 0.150376
0 0.168750 0.223684 0.032500 0.131579
0 0.207500 0.225564 0.040000 0.112782
0 0.250000 0.248120 0.040000 0.120301
0 0.291250 0.276316 0.037500 0.093985
0 0.347500 0.300752 0.065000 0.082707
0 0.248750 0.174812 0.022500 0.033835
0 0.428750 0.312030 0.052500 0.105263
0 0.472500 0.313910 0.030000 0.093985
0 0.490000 0.381579 0.040000 0.041353
0 0.526250 0.364662 0.027500 0.067669
0 0.536250 0.330827 0.017500 0.045113
0 0.557500 0.374060 0.035000 0.063910
0 0.595000 0.366541 0.035000 0.071429
0 0.625000 0.372180 0.030000 0.045113
0 0.655000 0.379699 0.025000 0.045113
0 0.683750 0.415414 0.027500 0.071429
0 0.713750 0.430451 0.032500 0.071429
0 0.745000 0.443609 0.030000 0.060150
0 0.778750 0.458647 0.032500 0.045113
0 0.802500 0.475564 0.015000 0.026316
0 0.822500 0.483083 0.020000 0.018797
0 0.017500 0.345865 0.035000 0.165414
0 0.057500 0.355263 0.030000 0.161654
0 0.107500 0.359023 0.040000 0.139098
0 0.173750 0.362782 0.032500 0.116541
0 0.250000 0.377820 0.025000 0.124060
0 0.373750 0.411654 0.047500 0.116541
0 0.427500 0.385338 0.025000 0.048872
0 0.487500 0.445489 0.050000 0.101504
0 0.547500 0.451128 0.045000 0.090226
0 0.700000 0.484962 0.020000 0.052632
