0 0.202703 0.270000 0.153153 0.256000
0 0.271772 0.285000 0.171171 0.282000
0 0.411411 0.298000 0.198198 0.324000
0 0.498498 0.323000 0.246246 0.402000
0 0.593093 0.283000 0.177177 0.286000
0 0.776276 0.339000 0.297297 0.490000
0 0.852853 0.279000 0.168168 0.278000
0 1.025526 0.311000 0.237237 0.386000
0 1.133634 0.287000 0.189189 0.310000
0 1.192192 0.272000 0.156156 0.252000
0 1.247748 0.249000 0.153153 0.250000
0 1.316817 0.240000 0.135135 0.220000
0 1.462462 0.199000 0.066066 0.110000
0 1.409910 0.199000 0.069069 0.114000
0 1.370871 0.204000 0.063063 0.108000
0 0.123123 0.229000 0.084084 0.138000
0 0.037538 0.231000 0.075075 0.142000
0 0.088589 0.230000 0.087087 0.140000
0 0.660661 0.242000 0.054054 0.112000
0 0.687688 0.149000 0.036036 0.030000
0 0.900901 0.238000 0.024024 0.064000
0 0.331832 0.241000 0.045045 0.094000
0 0.057057 0.176000 0.030030 0.032000
0 0.013514 0.156000 0.027027 0.016000
0 1.490991 0.238000 0.015015 0.132000
0 1.067568 0.247000 0.033033 0.070000
