0 0.296094 0.702020 0.048438 0.191919
0 0.357031 0.667929 0.064062 0.255051
0 0.378906 0.657828 0.051562 0.204545
0 0.410156 0.674242 0.039062 0.161616
0 0.431250 0.573232 0.018750 0.080808
0 0.447656 0.607323 0.026562 0.113636
0 0.482031 0.623737 0.051562 0.207071
0 0.508594 0.642677 0.051562 0.204545
0 0.532031 0.597222 0.026562 0.113636
0 0.553125 0.635101 0.046875 0.194444
0 0.568750 0.612374 0.043750 0.179293
0 0.592969 0.633838 0.045312 0.186869
0 0.658594 0.676768 0.076563 0.308081
0 0.642969 0.635101 0.051562 0.209596
0 0.701562 0.623737 0.053125 0.212121
0 0.753906 0.675505 0.045312 0.179293
0 0.763281 0.655303 0.042188 0.169192
0 0.252344 0.643939 0.048438 0.080808
0 0.310156 0.627525 0.035937 0.093434
0 0.299219 0.564394 0.014063 0.047980
0 0.496094 0.558081 0.014063 0.030303
0 0.466406 0.561869 0.017188 0.027778
