0 0.560145 0.542391 0.140580 0.515217
0 0.455072 0.606522 0.162319 0.595652
0 0.130435 0.519565 0.040580 0.156522
0 0.168116 0.522826 0.037681 0.136957
0 0.189130 0.520652 0.033333 0.128261
0 0.092754 0.521739 0.040580 0.152174
0 0.071739 0.521739 0.039130 0.147826
0 0.037681 0.527174 0.043478 0.158696
0 0.019565 0.533696 0.039130 0.167391
0 0.815942 0.510870 0.040580 0.147826
0 0.709420 0.502174 0.018841 0.069565
0 0.642029 0.498913 0.017391 0.071739
0 0.944928 0.520652 0.052174 0.197826
0 0.916667 0.516304 0.039130 0.145652
0 0.981159 0.527174 0.037681 0.197826
0 0.269565 0.523913 0.028986 0.104348
0 0.736957 0.521739 0.018841 0.039130
0 0.683333 0.519565 0.021739 0.043478
0 0.785507 0.511957 0.020290 0.067391
0 0.884058 0.478261 0.023188 0.060870
0 0.410145 0.427174 0.057971 0.106522
