0 0.059432 0.355072 0.118863 0.217391
0 0.145995 0.370290 0.142119 0.198551
0 0.267442 0.379710 0.142119 0.197101
0 0.390181 0.385507 0.134367 0.185507
0 0.569767 0.359420 0.167959 0.234783
0 0.463824 0.361594 0.116279 0.163768
0 0.785530 0.373188 0.144703 0.198551
0 0.735142 0.373913 0.105943 0.147826
0 0.940568 0.373913 0.129199 0.179710
0 1.074935 0.385507 0.118863 0.162319
0 1.206718 0.355797 0.170543 0.233333
0 1.408269 0.360870 0.170543 0.231884
0 1.577519 0.373188 0.167959 0.230435
0 1.679587 0.360870 0.180879 0.249275
0 1.487080 0.331884 0.142119 0.200000
0 1.354005 0.337681 0.144703 0.202899
0 1.311370 0.338406 0.121447 0.166667
0 1.145995 0.324638 0.131783 0.185507
0 0.607235 0.347826 0.144703 0.202899
0 0.638243 0.347101 0.129199 0.178261
0 0.687339 0.340580 0.108527 0.147826
0 0.208010 0.283333 0.064599 0.047826
0 0.133075 0.252174 0.064599 0.034783
0 0.253230 0.253623 0.051680 0.037681
0 0.301034 0.258696 0.043928 0.036232
0 0.365633 0.270290 0.049096 0.030435
0 0.452196 0.268116 0.082687 0.031884
0 0.524548 0.268841 0.046512 0.033333
0 0.705426 0.268841 0.072351 0.033333
0 0.908269 0.287681 0.059432 0.036232
0 1.312661 0.236957 0.041344 0.039130
0 1.636951 0.257246 0.069767 0.047826
0 1.723514 0.242029 0.067183 0.031884
0 1.090439 0.266667 0.072351 0.031884
0 1.018088 0.267391 0.041344 0.021739
0 0.806202 0.240580 0.062016 0.028986
0 0.816537 0.250000 0.031008 0.018841
0 0.890181 0.269565 0.028424 0.031884
0 0.919897 0.261594 0.036176 0.027536
0 0.944444 0.250000 0.038760 0.036232
0 0.697674 0.250000 0.072351 0.030435
0 0.635659 0.244203 0.051680 0.033333
0 0.273902 0.163043 0.537468 0.088406
0 0.854005 0.161594 0.555556 0.073913
0 1.450904 0.149275 0.622739 0.078261
