0 0.054409 0.356250 0.037523 0.062500
0 0.080675 0.333750 0.045028 0.077500
0 0.131332 0.332500 0.037523 0.060000
0 0.176360 0.313125 0.037523 0.061250
0 0.159475 0.318750 0.037523 0.065000
0 0.212946 0.301875 0.031895 0.053750
0 0.239212 0.265000 0.031895 0.055000
0 0.271107 0.256250 0.028143 0.047500
0 0.294559 0.254375 0.033771 0.053750
0 0.306754 0.241250 0.028143 0.050000
0 0.338649 0.232500 0.028143 0.047500
0 0.379925 0.614375 0.058161 0.093750
0 0.524390 0.614375 0.058161 0.098750
0 0.570356 0.590625 0.078799 0.131250
0 0.851782 0.537500 0.063790 0.105000
0 0.897749 0.546875 0.050657 0.086250
0 1.303940 0.475625 0.052533 0.086250
0 1.180113 0.473750 0.045028 0.077500
0 1.214822 0.462500 0.046904 0.075000
0 1.246717 0.456250 0.054409 0.087500
0 1.154784 0.466250 0.046904 0.075000
0 0.985929 0.436250 0.043152 0.072500
0 1.020638 0.401875 0.041276 0.071250
0 0.962477 0.361250 0.037523 0.062500
0 1.237336 0.363125 0.031895 0.051250
0 0.574109 0.237500 0.030019 0.052500
0 0.535647 0.231875 0.028143 0.046250
0 0.604128 0.228750 0.033771 0.055000
0 0.625704 0.220625 0.024390 0.043750
0 0.645403 0.220625 0.030019 0.048750
0 0.523452 0.195000 0.022514 0.037500
0 0.712946 0.176875 0.026266 0.043750
0 0.691370 0.168750 0.020638 0.035000
0 0.729831 0.156875 0.022514 0.036250
0 0.749531 0.158125 0.020638 0.033750
0 0.767355 0.156250 0.018762 0.032500
0 0.810507 0.155000 0.018762 0.032500
0 0.831144 0.152500 0.022514 0.040000
0 0.848030 0.147500 0.018762 0.032500
0 0.868668 0.151250 0.018762 0.035000
0 0.475610 0.200625 0.024390 0.041250
0 0.325516 0.193125 0.024390 0.041250
0 0.305816 0.210625 0.018762 0.031250
0 1.074109 0.446250 0.043152 0.072500
0 1.103189 0.478750 0.045028 0.072500
0 1.139775 0.448125 0.039400 0.068750
0 1.284240 0.448125 0.046904 0.078750
0 0.779550 0.627500 0.103189 0.067500
0 0.696998 0.620625 0.073171 0.073750
0 0.380863 0.233125 0.026266 0.023750
0 0.408068 0.221875 0.035647 0.018750
0 0.438086 0.218750 0.016886 0.017500
0 0.457786 0.221875 0.018762 0.026250
0 0.475610 0.215625 0.016886 0.016250
0 0.500938 0.206875 0.015009 0.016250
0 0.964353 0.148750 0.063790 0.037500
0 1.272045 0.400000 0.033771 0.030000
0 1.296435 0.407500 0.026266 0.030000
0 1.325516 0.420000 0.054409 0.042500
0 0.925891 0.512500 0.061914 0.065000
0 1.009381 0.363750 0.037523 0.030000
0 1.026266 0.346250 0.048780 0.027500
0 0.513133 0.158750 0.043152 0.027500
0 0.550657 0.160000 0.035647 0.022500
0 0.295497 0.655625 0.058161 0.018750
0 0.394934 0.245625 0.031895 0.023750
0 0.936210 0.614375 0.060038 0.091250
0 1.067542 0.379375 0.033771 0.033750
0 0.615385 0.625000 0.075047 0.070000
