0 0.911379 0.481159 0.212254 0.344928
0 0.683807 0.482609 0.207877 0.339130
0 0.449672 0.378986 0.142232 0.230435
0 0.588621 0.384058 0.113786 0.188406
0 0.750547 0.361594 0.126915 0.207246
0 1.017505 0.394928 0.148796 0.242029
0 0.344639 0.360870 0.115974 0.191304
0 0.504376 0.365942 0.129103 0.207246
0 0.190372 0.310870 0.096280 0.155072
0 0.108315 0.313043 0.146608 0.237681
0 0.264770 0.318841 0.109409 0.179710
0 0.052516 0.221739 0.065646 0.110145
0 0.897155 0.178986 0.030635 0.050725
0 0.913567 0.179710 0.028446 0.046377
0 0.933260 0.182609 0.024070 0.040580
0 1.375274 0.172464 0.032823 0.052174
0 1.347921 0.167391 0.035011 0.056522
0 1.312910 0.173188 0.026258 0.044928
0 1.297593 0.175362 0.030635 0.052174
0 1.263676 0.174638 0.028446 0.050725
0 1.245077 0.171739 0.026258 0.047826
0 1.206783 0.171739 0.032823 0.053623
0 1.189278 0.171014 0.032823 0.052174
0 1.163020 0.177536 0.032823 0.053623
0 1.128009 0.173913 0.032823 0.052174
0 1.146608 0.176087 0.030635 0.053623
0 1.070022 0.174638 0.021882 0.039130
0 1.102845 0.178986 0.026258 0.044928
0 0.652079 0.181159 0.030635 0.049275
0 1.001094 0.176812 0.028446 0.046377
0 0.509847 0.256522 0.043764 0.043478
0 0.579869 0.234783 0.048140 0.037681
0 0.609409 0.244928 0.041575 0.028986
0 0.685996 0.242029 0.045952 0.031884
0 0.805252 0.223913 0.126915 0.085507
0 0.897155 0.271739 0.070022 0.044928
0 0.823851 0.284783 0.037199 0.036232
0 0.858862 0.295652 0.059081 0.034783
0 0.707877 0.289855 0.076586 0.049275
0 0.656455 0.273188 0.074398 0.047826
0 0.370897 0.240580 0.054705 0.037681
0 0.312910 0.236232 0.074398 0.031884
0 0.277899 0.211594 0.048140 0.028986
0 0.529540 0.224638 0.065646 0.031884
0 0.450766 0.212319 0.056893 0.018841
0 0.359956 0.188406 0.085339 0.057971
0 0.283370 0.183333 0.396061 0.044928
0 0.828228 0.178986 0.269147 0.071014
0 0.615974 0.181884 0.234136 0.056522
