0 0.133515 0.486364 0.125341 0.205455
0 0.234332 0.491818 0.119891 0.201818
0 0.190736 0.442727 0.119891 0.201818
0 0.347411 0.462727 0.128065 0.212727
0 0.403270 0.488182 0.119891 0.201818
0 0.482289 0.488182 0.119891 0.201818
0 0.574932 0.483636 0.125341 0.207273
0 0.652589 0.487273 0.122616 0.203636
0 0.752044 0.487273 0.125341 0.203636
0 0.848774 0.475455 0.122616 0.205455
0 0.946866 0.481818 0.122616 0.203636
0 1.043597 0.479091 0.119891 0.201818
0 1.141689 0.476364 0.125341 0.207273
0 1.239782 0.476364 0.114441 0.185455
0 1.275204 0.447273 0.114441 0.189091
0 0.324251 0.350909 0.092643 0.069091
0 0.412807 0.358182 0.040872 0.043636
0 0.485014 0.374545 0.081744 0.065455
0 0.538147 0.357273 0.073569 0.045455
0 0.600817 0.367273 0.035422 0.050909
0 0.641689 0.366364 0.046322 0.049091
0 0.683924 0.386364 0.065395 0.070909
0 0.794278 0.362727 0.106267 0.074545
0 0.910082 0.373636 0.054496 0.052727
0 0.949591 0.350909 0.057221 0.040000
0 0.987738 0.378182 0.051771 0.043636
0 1.055858 0.357273 0.057221 0.049091
0 1.153951 0.366364 0.057221 0.034545
0 1.085831 0.383636 0.068120 0.058182
0 1.201635 0.351818 0.065395 0.060000
