0 0.016875 0.602060 0.023750 0.089888
0 0.041250 0.603933 0.020000 0.074906
0 0.070938 0.604401 0.031875 0.117041
0 0.081250 0.609551 0.035000 0.127341
0 0.111250 0.615169 0.047500 0.176030
0 0.150000 0.625468 0.055000 0.204120
0 0.221562 0.631554 0.063125 0.233146
0 0.274062 0.634363 0.078125 0.287453
0 0.387500 0.637172 0.100000 0.367978
0 0.453437 0.639981 0.065625 0.242509
0 0.507188 0.624532 0.043125 0.159176
0 0.532188 0.619382 0.036875 0.137640
0 0.587500 0.637172 0.080000 0.293071
0 0.680000 0.635768 0.051250 0.189139
0 0.320937 0.615637 0.029375 0.109551
0 0.344687 0.625000 0.044375 0.165730
0 0.186562 0.614700 0.031875 0.118914
0 0.632812 0.623596 0.029375 0.106742
0 0.712812 0.620318 0.025625 0.094569
0 0.773125 0.635300 0.050000 0.184457
0 0.815312 0.646067 0.065625 0.241573
0 0.738437 0.633427 0.029375 0.107678
0 0.855000 0.631554 0.036250 0.135768
0 0.882812 0.626404 0.036875 0.134831
0 0.924063 0.638109 0.059375 0.216292
0 0.954063 0.627809 0.036875 0.137640
0 0.976562 0.649813 0.040625 0.119850
0 0.734062 0.582397 0.029375 0.029963
0 0.494063 0.580056 0.024375 0.032772
