0 0.051793 0.370896 0.103586 0.192537
0 0.117530 0.377612 0.111554 0.208955
0 0.209163 0.380597 0.131474 0.238806
0 0.339641 0.394030 0.121514 0.223881
0 0.379482 0.402985 0.121514 0.226866
0 0.436255 0.394030 0.139442 0.253731
0 0.569721 0.401493 0.139442 0.259701
0 0.622510 0.411194 0.137450 0.255224
0 0.713147 0.414179 0.147410 0.270149
0 0.790837 0.405224 0.151394 0.282090
0 0.915339 0.422388 0.157371 0.286567
0 0.887450 0.411194 0.145418 0.267164
0 1.057769 0.422388 0.155378 0.286567
0 0.496016 0.330597 0.079681 0.147761
0 0.531873 0.336567 0.079681 0.147761
0 0.009960 0.276119 0.019920 0.056716
0 1.138446 0.305970 0.021912 0.044776
0 1.214143 0.308209 0.017928 0.034328
0 1.250000 0.303731 0.017928 0.034328
0 1.279880 0.306716 0.021912 0.043284
0 1.288845 0.307463 0.019920 0.041791
0 1.305777 0.302985 0.021912 0.041791
0 1.318725 0.306716 0.019920 0.037313
0 1.103586 0.299254 0.023904 0.046269
0 1.124502 0.300746 0.013944 0.028358
0 1.001992 0.300746 0.015936 0.034328
0 0.848606 0.300000 0.019920 0.041791
0 0.866534 0.296269 0.015936 0.034328
0 0.285857 0.279104 0.013944 0.029851
0 0.301793 0.278358 0.017928 0.031343
0 0.126494 0.259701 0.053785 0.035821
0 0.768924 0.297015 0.067729 0.065672
0 0.406375 0.270896 0.039841 0.064179
0 0.354582 0.267910 0.039841 0.043284
