0 0.095000 0.671756 0.085000 0.316794
0 0.166875 0.653626 0.056250 0.215649
0 0.249375 0.648855 0.056250 0.209924
0 0.300625 0.666031 0.081250 0.301527
0 0.336875 0.654580 0.058750 0.217557
0 0.386875 0.556298 0.038750 0.150763
0 0.430625 0.651718 0.056250 0.208015
0 0.503750 0.667939 0.085000 0.320611
0 0.533125 0.561069 0.031250 0.122137
0 0.592500 0.654580 0.055000 0.209924
0 0.605625 0.561069 0.031250 0.114504
0 0.568750 0.558206 0.030000 0.116412
0 0.625625 0.568702 0.028750 0.110687
0 0.675625 0.659351 0.078750 0.295802
0 0.793125 0.656489 0.051250 0.190840
0 0.837500 0.664122 0.075000 0.286260
0 0.885625 0.649809 0.051250 0.192748
0 0.958750 0.660305 0.075000 0.278626
0 0.674375 0.432252 0.013750 0.051527
0 0.626250 0.437977 0.015000 0.062977
0 0.217500 0.556298 0.025000 0.093511
0 0.197500 0.559160 0.017500 0.072519
0 0.200000 0.434160 0.012500 0.047710
0 0.188750 0.380725 0.012500 0.051527
0 0.142500 0.439885 0.020000 0.078244
0 0.346875 0.549618 0.023750 0.095420
0 0.237500 0.553435 0.022500 0.087786
0 0.263125 0.547710 0.021250 0.083969
0 0.282500 0.541985 0.017500 0.068702
0 0.716875 0.574427 0.026250 0.103053
0 0.690000 0.567748 0.032500 0.124046
0 0.754375 0.567748 0.026250 0.101145
0 0.462500 0.445611 0.167500 0.208015
0 0.325000 0.447519 0.125000 0.196565
