0 0.019565 0.592170 0.039130 0.099511
0 0.020290 0.573002 0.040580 0.059543
0 0.126087 0.597471 0.072464 0.100326
0 0.063043 0.581158 0.039130 0.056281
0 0.096377 0.581974 0.044928 0.061175
0 0.156522 0.591762 0.052174 0.070962
0 0.184058 0.584829 0.049275 0.066884
0 0.201449 0.564845 0.037681 0.051387
0 0.215942 0.561175 0.034783 0.050571
0 0.251449 0.577080 0.042029 0.059543
0 0.269565 0.596656 0.057971 0.080750
0 0.366667 0.592170 0.055072 0.076672
0 0.347101 0.583605 0.047826 0.067700
0 0.465217 0.591762 0.057971 0.080750
0 0.429710 0.577488 0.042029 0.058728
0 0.410870 0.561175 0.036232 0.048940
0 0.396377 0.557096 0.033333 0.045677
0 0.289855 0.562398 0.034783 0.048124
0 0.526812 0.579935 0.042029 0.058728
0 0.557971 0.584829 0.049275 0.066884
0 0.495652 0.566476 0.037681 0.054649
0 0.571014 0.571370 0.040580 0.057912
0 0.601449 0.577488 0.040580 0.055465
0 0.634783 0.581158 0.049275 0.069331
0 0.672464 0.574225 0.037681 0.053834
0 0.701449 0.579527 0.043478 0.061175
0 0.779710 0.611338 0.084058 0.115008
0 0.818116 0.590131 0.065217 0.092170
0 0.911594 0.629690 0.092754 0.128874
0 0.971739 0.635400 0.056522 0.128874
0 0.741304 0.561990 0.027536 0.039152
0 0.863768 0.561175 0.031884 0.044046
0 0.593478 0.555873 0.027536 0.038336
0 0.471014 0.564845 0.037681 0.054649
0 0.649275 0.556281 0.028986 0.039152
0 0.034058 0.544861 0.024638 0.021207
0 0.075362 0.542414 0.026087 0.017945
0 0.086957 0.544861 0.023188 0.019576
0 0.107971 0.539560 0.024638 0.013866
0 0.133333 0.542007 0.028986 0.025285
0 0.157971 0.539152 0.020290 0.013051
0 0.171014 0.539967 0.020290 0.013051
0 0.161594 0.546900 0.018841 0.013866
0 0.275362 0.549347 0.028986 0.023654
0 0.350725 0.540375 0.031884 0.017129
0 0.355797 0.546900 0.027536 0.012235
0 0.574638 0.541191 0.021739 0.015498
0 0.622464 0.538336 0.018841 0.011419
0 0.610870 0.536705 0.018841 0.011419
0 0.637681 0.535889 0.017391 0.011419
0 0.678261 0.541599 0.020290 0.013051
0 0.705072 0.540783 0.013043 0.013051
0 0.749275 0.539967 0.023188 0.011419
0 0.779710 0.540375 0.028986 0.012235
0 0.915217 0.546085 0.042029 0.022023
0 0.909420 0.556281 0.047826 0.024470
