0 0.367532 0.441818 0.122078 0.207273
0 0.175325 0.411818 0.090909 0.154545
0 0.528571 0.455455 0.142857 0.249091
0 0.588312 0.436364 0.127273 0.218182
0 0.700000 0.413636 0.122078 0.209091
0 0.779221 0.428182 0.161039 0.278182
0 0.932468 0.417273 0.150649 0.263636
0 1.263636 0.450000 0.215584 0.372727
0 1.192208 0.409091 0.140260 0.240000
0 0.840260 0.421818 0.122078 0.214545
0 0.454545 0.397273 0.088312 0.154545
0 1.070130 0.370909 0.051948 0.087273
0 0.977922 0.410000 0.111688 0.190909
0 0.115584 0.370909 0.038961 0.050909
0 0.092208 0.370909 0.044156 0.076364
0 0.044156 0.339091 0.041558 0.045455
