0 0.169463 0.567778 0.110738 0.180000
0 0.092282 0.428889 0.057047 0.097778
0 0.021812 0.444444 0.043624 0.102222
0 0.281879 0.437778 0.060403 0.102222
0 0.328859 0.480000 0.080537 0.137778
0 0.234899 0.396667 0.046980 0.082222
0 0.312081 0.361111 0.020134 0.037778
0 0.374161 0.398889 0.057047 0.091111
0 0.446309 0.413333 0.053691 0.093333
0 0.441275 0.366667 0.030201 0.053333
0 0.568792 0.417778 0.057047 0.097778
0 0.629195 0.436667 0.077181 0.126667
0 0.682886 0.525556 0.117450 0.197778
0 0.520134 0.502222 0.093960 0.155556
0 0.743289 0.438889 0.063758 0.104444
0 0.793624 0.410000 0.057047 0.095556
0 0.674497 0.381111 0.040268 0.068889
0 0.875839 0.390000 0.033557 0.060000
0 0.855705 0.366667 0.040268 0.071111
0 0.958054 0.352222 0.030201 0.055556
0 0.961409 0.407778 0.057047 0.091111
0 0.909396 0.480000 0.093960 0.155556
0 1.098993 0.447778 0.083893 0.135556
0 1.052013 0.396667 0.063758 0.104444
0 1.013423 0.375556 0.033557 0.062222
0 1.182886 0.368889 0.043624 0.071111
0 1.300336 0.397778 0.063758 0.111111
0 1.367450 0.385556 0.057047 0.100000
0 1.498322 0.421111 0.023490 0.068889
0 0.196309 0.337778 0.030201 0.048889
0 0.441275 0.566667 0.144295 0.124444
0 0.226510 0.312222 0.171141 0.037778
0 0.025168 0.326667 0.036913 0.040000
0 0.100671 0.340000 0.060403 0.044444
0 0.454698 0.347778 0.137584 0.042222
0 0.617450 0.345556 0.167785 0.055556
0 0.746644 0.328889 0.157718 0.044444
0 0.989933 0.343333 0.140940 0.042222
0 1.167785 0.323333 0.281879 0.060000
0 1.416107 0.324444 0.174497 0.053333
