0 0.197222 0.558333 0.205556 0.375000
0 0.144444 0.540972 0.185185 0.343056
0 0.111111 0.525694 0.151852 0.281944
0 0.096296 0.504167 0.137037 0.250000
0 0.071296 0.479861 0.127778 0.234722
0 0.050926 0.455556 0.101852 0.188889
0 0.046296 0.451389 0.092593 0.191667
0 0.343519 0.396528 0.050000 0.095833
0 0.446296 0.431944 0.070370 0.130556
0 0.476852 0.429861 0.061111 0.115278
0 0.519444 0.436111 0.072222 0.136111
0 0.593519 0.439583 0.075926 0.140278
0 0.647222 0.445139 0.079630 0.145833
0 0.687037 0.438194 0.074074 0.140278
0 0.800926 0.473611 0.105556 0.194444
0 0.824074 0.502083 0.122222 0.223611
0 0.925000 0.512500 0.124074 0.227778
0 0.887963 0.468750 0.098148 0.184722
0 1.035185 0.482639 0.107407 0.201389
0 1.081481 0.515278 0.144444 0.266667
0 1.132407 0.489583 0.116667 0.218056
0 1.219444 0.497917 0.124074 0.226389
0 0.307407 0.497917 0.085185 0.131944
0 0.394444 0.492361 0.092593 0.134722
0 0.478704 0.493750 0.057407 0.134722
0 0.594444 0.482639 0.096296 0.131944
0 0.683333 0.479167 0.081481 0.130556
0 0.758333 0.481944 0.061111 0.116667
0 0.318519 0.334722 0.070370 0.052778
0 0.389815 0.339583 0.064815 0.037500
0 0.461111 0.346528 0.074074 0.031944
0 0.535185 0.314583 0.062963 0.023611
0 0.536111 0.353472 0.068519 0.043056
0 0.595370 0.350000 0.046296 0.030556
0 0.659259 0.352083 0.066667 0.043056
0 0.735185 0.349306 0.081481 0.051389
0 0.812963 0.352778 0.074074 0.047222
0 0.881481 0.348611 0.062963 0.036111
0 0.926852 0.320139 0.042593 0.034722
0 0.928704 0.352083 0.027778 0.029167
0 0.987037 0.381944 0.051852 0.055556
0 1.171296 0.402083 0.027778 0.037500
0 1.075926 0.400694 0.040741 0.048611
0 1.218519 0.322917 0.044444 0.031944
0 1.298148 0.319444 0.044444 0.038889
0 1.283333 0.420139 0.037037 0.048611
0 1.311111 0.397222 0.025926 0.038889
0 0.989815 0.144444 0.053704 0.036111
0 1.066667 0.140972 0.092593 0.031944
0 1.145370 0.131944 0.053704 0.027778
0 1.209259 0.115972 0.070370 0.034722
0 1.289815 0.100000 0.083333 0.058333
0 1.150926 0.232639 0.338889 0.023611
