0 0.042610 0.543457 0.085220 0.153320
0 0.077896 0.520508 0.073236 0.130859
0 0.101864 0.551270 0.059920 0.108398
0 0.131824 0.557617 0.071904 0.130859
0 0.196405 0.550781 0.073236 0.134766
0 0.247004 0.561035 0.073236 0.133789
0 0.269640 0.529297 0.057257 0.105469
0 0.330226 0.570312 0.063915 0.115234
0 0.366844 0.548828 0.083888 0.152344
0 0.394807 0.531250 0.075899 0.138672
0 0.468043 0.560059 0.075899 0.135742
0 0.488016 0.539062 0.083888 0.152344
0 0.519973 0.548828 0.086551 0.158203
0 0.584554 0.561523 0.071904 0.130859
0 0.610519 0.541992 0.086551 0.154297
0 0.677097 0.559570 0.067909 0.123047
0 0.717044 0.543457 0.078562 0.143555
0 0.764980 0.562988 0.067909 0.122070
0 0.804927 0.562500 0.070573 0.126953
0 0.758322 0.483398 0.067909 0.123047
0 0.840879 0.513184 0.083888 0.149414
0 0.902130 0.544922 0.083888 0.150391
0 0.922770 0.493164 0.087883 0.156250
0 0.948069 0.568848 0.066578 0.118164
0 0.961385 0.486328 0.093209 0.166016
0 1.073901 0.547852 0.081225 0.144531
0 1.048602 0.506348 0.102530 0.186523
0 1.149800 0.492188 0.089214 0.162109
0 1.172437 0.512695 0.091877 0.167969
0 1.239680 0.464355 0.090546 0.161133
0 1.278961 0.518555 0.075899 0.138672
0 0.093209 0.390137 0.071904 0.061523
0 1.179095 0.362793 0.046605 0.040039
0 1.266312 0.374512 0.061252 0.036133
0 1.338881 0.395020 0.035952 0.026367
