0 0.473125 0.613806 0.121250 0.440299
0 0.351875 0.597015 0.093750 0.347015
0 0.303125 0.576493 0.098750 0.358209
0 0.228750 0.562500 0.085000 0.311567
0 0.175625 0.541045 0.078750 0.287313
0 0.121250 0.534515 0.065000 0.236940
0 0.089375 0.528918 0.063750 0.233209
0 0.063750 0.530784 0.057500 0.210821
0 0.039375 0.522388 0.053750 0.194030
0 0.401250 0.511194 0.045000 0.167910
0 0.383750 0.508396 0.037500 0.143657
0 0.418750 0.505597 0.042500 0.152985
0 0.490625 0.503731 0.043750 0.160448
0 0.522500 0.498134 0.042500 0.160448
0 0.550000 0.492537 0.050000 0.186567
0 0.564375 0.499067 0.038750 0.147388
0 0.575625 0.500000 0.038750 0.141791
0 0.591875 0.493470 0.038750 0.143657
0 0.605625 0.496269 0.043750 0.160448
0 0.637500 0.518657 0.065000 0.238806
0 0.668750 0.498134 0.045000 0.167910
0 0.656875 0.486007 0.038750 0.147388
0 0.690000 0.486940 0.040000 0.149254
0 0.702500 0.510261 0.060000 0.222015
0 0.726250 0.483209 0.037500 0.138060
0 0.797500 0.497201 0.040000 0.151119
0 0.775625 0.472015 0.018750 0.070896
0 0.822500 0.505597 0.047500 0.179104
0 0.853125 0.471082 0.021250 0.080224
0 0.881875 0.462687 0.021250 0.078358
0 0.928125 0.542910 0.076250 0.283582
0 0.945625 0.537313 0.068750 0.250000
0 0.961875 0.492537 0.051250 0.186567
0 0.973125 0.530784 0.053750 0.225746
0 0.334375 0.452425 0.023750 0.039179
0 0.498750 0.436567 0.057500 0.044776
0 0.613750 0.425373 0.015000 0.033582
