0 0.116000 0.408000 0.157333 0.292000
0 0.294667 0.411000 0.157333 0.290000
0 0.338667 0.415000 0.122667 0.230000
0 0.369333 0.398000 0.130667 0.240000
0 0.429333 0.346000 0.074667 0.140000
0 0.445333 0.362000 0.074667 0.144000
0 0.500000 0.394000 0.088000 0.164000
0 0.553333 0.414000 0.120000 0.224000
0 0.604000 0.384000 0.088000 0.168000
0 0.680000 0.397000 0.154667 0.286000
0 0.744000 0.359000 0.069333 0.134000
0 0.776000 0.365000 0.069333 0.130000
0 0.810667 0.374000 0.080000 0.152000
0 0.866667 0.373000 0.128000 0.234000
0 0.980000 0.457000 0.301333 0.550000
0 1.253333 0.395000 0.117333 0.218000
0 0.717333 0.453000 0.160000 0.110000
