0 0.197368 0.423750 0.109023 0.177500
0 0.223684 0.390000 0.101504 0.170000
0 0.360902 0.382500 0.090226 0.150000
0 0.357143 0.420000 0.112782 0.190000
0 0.321429 0.448750 0.086466 0.147500
0 0.460526 0.425000 0.139098 0.230000
0 0.503759 0.421250 0.105263 0.177500
0 0.661654 0.436250 0.112782 0.192500
0 0.699248 0.450000 0.127820 0.215000
0 0.757519 0.440000 0.124060 0.205000
0 0.800752 0.455000 0.135338 0.225000
0 0.894737 0.398750 0.112782 0.182500
0 0.913534 0.410000 0.120301 0.200000
0 0.983083 0.393750 0.063910 0.112500
0 1.001880 0.432500 0.101504 0.170000
0 1.082707 0.396250 0.052632 0.092500
0 1.152256 0.407500 0.063910 0.110000
0 1.137218 0.380000 0.071429 0.115000
0 1.193609 0.392500 0.063910 0.110000
0 1.250000 0.392500 0.071429 0.120000
0 1.295113 0.380000 0.056391 0.090000
0 1.325188 0.387500 0.056391 0.090000
0 1.366541 0.380000 0.041353 0.075000
0 1.406015 0.383750 0.045113 0.082500
0 1.434211 0.381250 0.048872 0.087500
0 1.453008 0.375000 0.048872 0.085000
0 1.475564 0.382500 0.056391 0.110000
0 1.003759 0.326250 0.060150 0.032500
0 1.210526 0.321250 0.075188 0.052500
