0 0.420420 0.480000 0.108108 0.180000
0 0.597598 0.476000 0.096096 0.156000
0 0.779279 0.501000 0.135135 0.218000
0 0.927928 0.489000 0.114114 0.190000
0 0.876877 0.463000 0.066066 0.106000
0 1.064565 0.453000 0.045045 0.078000
0 1.100601 0.454000 0.045045 0.076000
0 1.156156 0.465000 0.066066 0.106000
0 1.186186 0.463000 0.060060 0.098000
0 1.268769 0.456000 0.045045 0.080000
0 1.288288 0.454000 0.048048 0.080000
0 0.177177 0.458000 0.060060 0.104000
0 0.247748 0.442000 0.039039 0.064000
0 0.285285 0.453000 0.048048 0.078000
0 0.313814 0.452000 0.045045 0.080000
0 0.345345 0.449000 0.036036 0.066000
0 0.141141 0.446000 0.030030 0.056000
0 0.111111 0.445000 0.036036 0.066000
0 0.063063 0.450000 0.042042 0.076000
0 0.033033 0.442000 0.042042 0.068000
0 1.322823 0.452000 0.045045 0.076000
0 1.339339 0.450000 0.042042 0.072000
0 0.138138 0.365000 0.030030 0.050000
0 0.177177 0.363000 0.030030 0.054000
0 0.084084 0.274000 0.156156 0.068000
0 0.387387 0.351000 0.174174 0.022000
0 1.415916 0.431000 0.153153 0.014000
