0 1.025714 0.425000 0.102857 0.137500
0 0.947143 0.442969 0.105714 0.142187
0 0.098571 0.367969 0.077143 0.101562
0 1.741429 0.447656 0.100000 0.135937
0 1.797143 0.423438 0.062857 0.109375
0 1.631429 0.416406 0.085714 0.120313
0 1.661429 0.400000 0.082857 0.112500
0 1.584286 0.436719 0.088571 0.117188
0 1.542857 0.437500 0.080000 0.112500
0 1.498571 0.422656 0.088571 0.117188
0 1.471429 0.449219 0.097143 0.132812
0 1.394286 0.430469 0.080000 0.107813
0 1.318571 0.438281 0.088571 0.117188
0 1.252857 0.446875 0.082857 0.112500
0 1.222857 0.420312 0.097143 0.128125
0 1.128571 0.427344 0.074286 0.098437
0 1.161429 0.402344 0.082857 0.110937
0 1.077143 0.375000 0.085714 0.118750
0 0.732857 0.364063 0.060000 0.084375
0 0.028571 0.200781 0.045714 0.026562
0 0.110000 0.208594 0.042857 0.017188
0 0.157143 0.217188 0.017143 0.025000
0 0.202857 0.206250 0.051429 0.018750
0 0.261429 0.224219 0.031429 0.020313
0 0.278571 0.364844 0.060000 0.032813
0 0.555714 0.347656 0.060000 0.035937
0 1.282857 0.361719 0.040000 0.029687
0 0.655714 0.351562 0.054286 0.025000
0 0.090000 0.298438 0.042857 0.028125
0 0.905714 0.371094 0.034286 0.017188
0 0.934286 0.356250 0.040000 0.021875
0 1.000000 0.341406 0.040000 0.023438
0 1.552857 0.362500 0.065714 0.018750
0 1.598571 0.350781 0.048571 0.017188
0 1.742857 0.360938 0.051429 0.028125
0 1.198571 0.342969 0.037143 0.023438
0 1.142857 0.323437 0.045714 0.021875
0 1.340000 0.343750 0.062857 0.021875
0 1.351429 0.160938 0.040000 0.021875
0 0.912857 0.194531 1.797143 0.289062
