0 1.349185 0.357273 0.203804 0.332727
0 1.426630 0.265455 0.119565 0.196364
0 1.449728 0.309091 0.089674 0.254545
0 1.237772 0.296364 0.149457 0.243636
0 1.078804 0.259091 0.092391 0.150909
0 1.004076 0.290000 0.116848 0.194545
0 0.968750 0.339091 0.160326 0.267273
0 0.851902 0.259091 0.078804 0.129091
0 0.805707 0.291818 0.116848 0.194545
0 0.688859 0.315455 0.144022 0.241818
0 0.540761 0.305455 0.135870 0.225455
0 0.452446 0.272727 0.089674 0.149091
0 0.400815 0.299091 0.116848 0.190909
0 0.297554 0.274545 0.067935 0.112727
0 0.254076 0.266364 0.073370 0.121818
0 0.220109 0.288182 0.086957 0.147273
0 0.179348 0.261818 0.070652 0.120000
0 0.127717 0.283636 0.086957 0.145455
0 0.067935 0.279091 0.081522 0.132727
0 0.595109 0.252727 0.076087 0.123636
