0 0.094545 0.614011 0.123636 0.464286
0 0.141818 0.619505 0.127273 0.475275
0 0.200909 0.612637 0.150909 0.565934
0 0.320000 0.625000 0.138182 0.519231
0 0.362727 0.593407 0.118182 0.439560
0 0.521818 0.601648 0.141818 0.521978
0 0.596364 0.579670 0.123636 0.456044
0 0.689091 0.618132 0.152727 0.565934
0 0.801818 0.601648 0.149091 0.549451
0 0.941818 0.590659 0.116364 0.593407
0 0.469091 0.561813 0.112727 0.425824
0 0.744545 0.493132 0.078182 0.293956
0 0.424545 0.390110 0.034545 0.060440
0 0.256364 0.403846 0.047273 0.071429
0 0.655455 0.384615 0.034545 0.076923
0 0.566364 0.289835 0.118182 0.156593
