0 0.147135 0.481445 0.106771 0.195312
0 0.240234 0.461914 0.147135 0.271484
0 0.344401 0.478027 0.105469 0.192383
0 0.282552 0.492676 0.117188 0.213867
0 0.432292 0.488281 0.111979 0.205078
0 0.494792 0.462402 0.093750 0.170898
0 0.534505 0.478027 0.100260 0.186523
0 0.572917 0.490234 0.111979 0.207031
0 0.660807 0.484375 0.105469 0.193359
0 0.722005 0.456543 0.149740 0.276367
0 0.835286 0.470215 0.100260 0.182617
0 0.914062 0.408203 0.067708 0.126953
0 0.956380 0.426270 0.071615 0.131836
0 1.085938 0.501953 0.104167 0.193359
0 1.031901 0.458984 0.102865 0.187500
0 1.160156 0.428223 0.088542 0.161133
0 1.264974 0.441895 0.092448 0.172852
0 1.011719 0.454102 0.070312 0.130859
0 0.617188 0.433594 0.075521 0.138672
0 0.780599 0.427246 0.063802 0.120117
0 0.108073 0.368164 0.018229 0.023438
0 1.017578 0.369629 0.027344 0.016602
0 0.850260 0.362793 0.028646 0.010742
0 0.852865 0.379395 0.031250 0.014648
0 1.074219 0.367676 0.028646 0.014648
0 1.083333 0.397949 0.046875 0.016602
0 0.498698 0.365234 0.026042 0.017578
