0 0.093333 0.438753 0.160000 0.262806
0 0.116667 0.400891 0.106667 0.178174
0 0.183333 0.346325 0.060000 0.100223
0 0.243333 0.383073 0.080000 0.133630
0 0.281667 0.387528 0.083333 0.138085
0 0.341667 0.466592 0.156667 0.260579
0 0.496667 0.461024 0.146667 0.240535
0 0.551667 0.350780 0.070000 0.113586
0 0.611667 0.331849 0.043333 0.075724
0 0.583333 0.317372 0.040000 0.069042
0 0.691667 0.358575 0.056667 0.093541
0 0.726667 0.375278 0.086667 0.149220
0 0.755000 0.341871 0.050000 0.082405
0 0.815000 0.439866 0.110000 0.184855
0 0.913333 0.493318 0.126667 0.211581
0 0.990000 0.471047 0.140000 0.229399
0 1.066667 0.389755 0.073333 0.124722
0 1.145000 0.390869 0.070000 0.122494
0 1.113333 0.365256 0.053333 0.093541
0 1.243333 0.487751 0.153333 0.258352
0 1.415000 0.448775 0.116667 0.189310
0 1.205000 0.349666 0.050000 0.084633
0 1.133333 0.559020 0.113333 0.191537
0 0.036667 0.440980 0.073333 0.200445
0 0.393333 0.328508 0.040000 0.069042
0 1.035000 0.348552 0.056667 0.091314
0 0.923333 0.345212 0.040000 0.071269
0 0.951667 0.349666 0.050000 0.084633
0 0.846667 0.339644 0.040000 0.073497
0 0.766667 0.388641 0.073333 0.118040
0 0.808333 0.309577 0.030000 0.053452
0 0.673333 0.320713 0.033333 0.062361
0 0.156667 0.318486 0.033333 0.057906
0 0.416667 0.308463 0.026667 0.051225
0 0.226667 0.287305 0.413333 0.057906
0 0.658333 0.277283 0.450000 0.046771
0 1.145000 0.289532 0.523333 0.066815
