0 0.936900 0.530331 0.123457 0.406250
0 0.878601 0.621324 0.187929 0.613971
0 0.834705 0.533088 0.100137 0.327206
0 0.748285 0.494485 0.080933 0.264706
0 0.726337 0.504596 0.080933 0.266544
0 0.688615 0.511949 0.115226 0.380515
0 0.637860 0.576287 0.137174 0.446691
0 0.474623 0.540441 0.098765 0.327206
0 0.434842 0.562500 0.128944 0.422794
0 0.393004 0.629596 0.174211 0.571691
0 0.253772 0.584559 0.137174 0.448529
0 0.302469 0.538603 0.102881 0.341912
0 0.203018 0.544118 0.101509 0.330882
0 0.143347 0.598346 0.127572 0.420956
0 0.069273 0.528493 0.075446 0.251838
0 0.035665 0.493566 0.038409 0.130515
0 0.016461 0.490809 0.032922 0.106618
0 0.574074 0.616728 0.231824 0.759191
0 0.233882 0.392463 0.023320 0.060662
0 0.287380 0.397059 0.034294 0.040441
0 0.660494 0.379596 0.034294 0.068015
0 0.796982 0.447610 0.030178 0.053309
0 0.969822 0.668199 0.057613 0.656250
