0 0.217718 0.329000 0.159159 0.262000
0 0.268769 0.282000 0.141141 0.228000
0 0.333333 0.266000 0.114114 0.192000
0 0.427928 0.250000 0.087087 0.144000
0 0.471471 0.241000 0.084084 0.138000
0 0.566066 0.213000 0.057057 0.094000
0 0.633634 0.207000 0.036036 0.066000
0 0.684685 0.214000 0.042042 0.072000
0 0.717718 0.199000 0.048048 0.078000
0 0.731231 0.208000 0.039039 0.064000
0 0.750751 0.195000 0.036036 0.058000
0 0.782282 0.212000 0.051051 0.084000
0 0.846847 0.207000 0.036036 0.066000
0 0.809309 0.205000 0.045045 0.078000
0 0.903904 0.203000 0.048048 0.078000
0 1.426426 0.194000 0.054054 0.092000
0 1.463964 0.201000 0.051051 0.086000
0 0.972973 0.216000 0.048048 0.044000
0 1.024024 0.170000 0.006006 0.020000
0 1.048048 0.170000 0.024024 0.028000
0 1.075075 0.165000 0.018018 0.030000
0 1.111111 0.165000 0.018018 0.022000
0 1.139640 0.159000 0.033033 0.018000
0 1.193694 0.167000 0.015015 0.030000
0 1.231231 0.166000 0.036036 0.040000
