0 0.953750 0.669173 0.092500 0.360902
0 0.732500 0.693609 0.075000 0.281955
0 0.597500 0.627820 0.055000 0.203008
0 0.550000 0.622180 0.065000 0.236842
0 0.507500 0.648496 0.110000 0.402256
0 0.476250 0.624060 0.047500 0.187970
0 0.445000 0.671053 0.075000 0.281955
0 0.390000 0.663534 0.085000 0.312030
0 0.360000 0.622180 0.055000 0.214286
0 0.333750 0.578947 0.027500 0.097744
0 0.271250 0.684211 0.087500 0.330827
0 0.242500 0.659774 0.090000 0.342105
0 0.185000 0.665414 0.085000 0.315789
0 0.090000 0.661654 0.080000 0.300752
0 0.047500 0.678571 0.075000 0.281955
0 0.026250 0.697368 0.052500 0.304511
0 0.142500 0.610902 0.045000 0.176692
0 0.125000 0.607143 0.040000 0.154135
0 0.921250 0.605263 0.047500 0.172932
0 0.212500 0.533835 0.045000 0.067669
0 0.637500 0.573308 0.160000 0.086466
0 0.825000 0.575188 0.175000 0.090226
