0 0.392308 0.478676 0.138462 0.227941
0 0.306593 0.441912 0.134066 0.222059
0 0.217582 0.394118 0.114286 0.185294
0 0.153846 0.322059 0.083516 0.138235
0 0.126374 0.303676 0.072527 0.119118
0 0.085714 0.262500 0.070330 0.116176
0 0.209890 0.223529 0.041758 0.073529
0 0.275824 0.252206 0.050549 0.086765
0 0.314286 0.253676 0.057143 0.098529
0 0.342857 0.269853 0.057143 0.098529
0 0.376923 0.285294 0.072527 0.120588
0 0.421978 0.301471 0.079121 0.129412
0 0.459341 0.324265 0.087912 0.142647
0 0.503297 0.355882 0.092308 0.155882
0 0.549451 0.374265 0.083516 0.139706
0 0.610989 0.407353 0.109890 0.179412
0 0.682418 0.433088 0.116484 0.189706
0 0.843956 0.469853 0.140659 0.233824
0 1.369231 0.465441 0.127473 0.210294
0 1.174725 0.415441 0.116484 0.195588
0 1.028571 0.395588 0.101099 0.170588
0 0.918681 0.371324 0.092308 0.151471
0 0.829670 0.338235 0.081319 0.132353
0 0.768132 0.323529 0.072527 0.123529
0 0.665934 0.291176 0.079121 0.129412
0 0.605495 0.280882 0.054945 0.094118
0 0.578022 0.276471 0.065934 0.111765
0 0.448352 0.224265 0.043956 0.075000
0 1.262637 0.366176 0.098901 0.164706
0 1.141758 0.334559 0.098901 0.163235
0 1.067033 0.332353 0.090110 0.147059
0 0.970330 0.311765 0.076923 0.129412
0 1.362637 0.323529 0.083516 0.138235
0 1.418681 0.390441 0.112088 0.183824
0 1.464835 0.341176 0.059341 0.132353
0 1.453846 0.299265 0.063736 0.107353
0 1.318681 0.224265 0.043956 0.072059
0 1.196703 0.289706 0.076923 0.126471
0 1.109890 0.278676 0.070330 0.116176
0 0.873626 0.275735 0.059341 0.095588
0 0.816484 0.255147 0.054945 0.089706
0 0.754945 0.215441 0.037363 0.022059
0 0.719780 0.208824 0.019780 0.014706
0 0.682418 0.205147 0.032967 0.016176
0 0.638462 0.189706 0.028571 0.020588
0 0.657143 0.171324 0.026374 0.016176
0 0.698901 0.183088 0.035165 0.010294
0 0.724176 0.183088 0.015385 0.010294
0 0.746154 0.181618 0.015385 0.022059
0 0.785714 0.188235 0.019780 0.023529
0 0.807692 0.193382 0.024176 0.019118
0 0.838462 0.188235 0.037363 0.020588
0 0.875824 0.198529 0.019780 0.017647
0 0.927473 0.207353 0.035165 0.014706
0 0.924176 0.232353 0.032967 0.017647
0 0.991209 0.213235 0.030769 0.014706
0 0.969231 0.186029 0.017582 0.025000
0 0.993407 0.173529 0.030769 0.017647
0 1.021978 0.194118 0.013187 0.017647
0 1.069231 0.201471 0.041758 0.020588
0 1.113187 0.191176 0.019780 0.026471
0 1.163736 0.195588 0.024176 0.023529
0 1.186813 0.182353 0.026374 0.020588
0 1.218681 0.199265 0.010989 0.025000
0 1.249451 0.188971 0.019780 0.025000
0 1.285714 0.205882 0.030769 0.026471
0 1.362637 0.225000 0.026374 0.008824
0 1.391209 0.215441 0.030769 0.007353
0 0.350549 0.176471 0.059341 0.023529
0 0.506593 0.169118 0.019780 0.011765
0 0.537363 0.173529 0.015385 0.020588
0 0.564835 0.180882 0.021978 0.020588
