0 0.482500 0.666667 0.105000 0.342222
0 0.798333 0.555556 0.066667 0.222222
0 0.860000 0.524444 0.050000 0.168889
0 0.923333 0.521111 0.050000 0.166667
0 0.940833 0.508889 0.055000 0.177778
0 0.959167 0.510000 0.051667 0.166667
0 0.978333 0.514444 0.043333 0.153333
0 0.841667 0.527778 0.050000 0.166667
0 0.820833 0.552222 0.058333 0.193333
0 0.220833 0.530000 0.021667 0.037778
0 0.235833 0.483333 0.028333 0.037778
0 0.394167 0.566667 0.025000 0.044444
0 0.359167 0.546667 0.025000 0.040000
0 0.384167 0.516667 0.018333 0.024444
0 0.532500 0.530000 0.021667 0.024444
0 0.551667 0.542222 0.010000 0.066667
0 0.572500 0.551111 0.021667 0.022222
0 0.585833 0.553333 0.015000 0.017778
0 0.614167 0.553333 0.025000 0.053333
0 0.660000 0.573333 0.030000 0.053333
0 0.680833 0.541111 0.021667 0.042222
0 0.702500 0.591111 0.035000 0.035556
0 0.749167 0.481111 0.031667 0.051111
0 0.683333 0.452222 0.030000 0.042222
0 0.635000 0.440000 0.023333 0.031111
0 0.610833 0.462222 0.025000 0.013333
