0 1.641026 0.358303 0.224359 0.312274
0 1.182692 0.348375 0.173077 0.238267
0 0.969551 0.342960 0.150641 0.209386
0 0.809295 0.343863 0.131410 0.185921
0 0.665064 0.337545 0.118590 0.169675
0 0.562500 0.330325 0.105769 0.148014
0 0.479167 0.324007 0.099359 0.135379
0 0.402244 0.346570 0.163462 0.231047
0 0.306090 0.342960 0.131410 0.180505
0 0.233974 0.338448 0.115385 0.160650
0 0.171474 0.340253 0.092949 0.131769
0 0.144231 0.334838 0.070513 0.102888
0 0.086538 0.326715 0.076923 0.104693
0 0.041667 0.331227 0.083333 0.113718
