0 0.071895 0.529268 0.111111 0.204878
0 0.145425 0.495122 0.094771 0.170732
0 0.245098 0.536585 0.111111 0.200000
0 0.349673 0.490244 0.098039 0.180488
0 0.210784 0.493902 0.094771 0.178049
0 0.483660 0.509756 0.104575 0.190244
0 0.645425 0.508537 0.101307 0.187805
0 0.692810 0.509756 0.098039 0.180488
0 0.439542 0.506098 0.088235 0.163415
0 0.784314 0.454878 0.071895 0.139024
0 0.727124 0.462195 0.075163 0.143902
0 0.883987 0.514634 0.107843 0.200000
0 0.841503 0.490244 0.081699 0.156098
0 0.980392 0.491463 0.084967 0.163415
0 1.053922 0.517073 0.094771 0.175610
0 1.135621 0.490244 0.081699 0.156098
0 1.217320 0.504878 0.101307 0.190244
0 1.254902 0.470732 0.065359 0.121951
0 0.323529 0.398780 0.045752 0.085366
0 0.029412 0.495122 0.058824 0.170732
0 1.266340 0.464634 0.075163 0.143902
0 1.076797 0.415854 0.029412 0.036585
0 1.176471 0.420732 0.045752 0.065854
0 0.928105 0.432927 0.045752 0.075610
0 0.681373 0.143902 0.179739 0.273171
0 0.669935 0.365854 1.320261 0.160976
