0 0.098958 0.388573 0.114583 0.186237
0 0.029040 0.398779 0.058081 0.180976
0 0.194760 0.388363 0.097854 0.159301
0 0.293718 0.389520 0.089331 0.146044
0 0.423138 0.390046 0.240846 0.392045
0 0.619318 0.374263 0.113636 0.184975
0 0.778409 0.370160 0.201389 0.327862
0 1.047506 0.368056 0.091225 0.148569
0 1.133681 0.363952 0.090593 0.147517
0 1.160038 0.330387 0.083965 0.136364
0 1.047980 0.331334 0.088384 0.143729
0 1.380051 0.342593 0.121212 0.196970
0 1.442551 0.348906 0.087121 0.141835
0 1.311080 0.374684 0.064710 0.081860
0 1.473801 0.381208 0.047348 0.051557
