0 0.219512 0.498485 0.093809 0.372727
0 0.560038 0.700000 0.114447 0.448485
0 0.469981 0.607576 0.103189 0.415152
0 0.424953 0.542424 0.099437 0.400000
0 0.393058 0.527273 0.084428 0.333333
0 0.369606 0.500000 0.071295 0.284848
0 0.283302 0.443939 0.086304 0.348485
0 0.642589 0.734848 0.121951 0.481818
0 0.784240 0.727273 0.112570 0.454545
0 0.131332 0.269697 0.033771 0.139394
0 0.315197 0.384848 0.056285 0.230303
0 0.349906 0.390909 0.054409 0.224242
0 0.068480 0.218182 0.024390 0.103030
0 0.030019 0.200000 0.018762 0.084848
0 0.053471 0.525758 0.106942 0.821212
0 0.206379 0.275758 0.048780 0.187879
0 0.502814 0.542424 0.964353 0.872727
