0 0.189534 0.775050 0.079132 0.305611
0 0.241544 0.804108 0.075941 0.291583
0 0.287811 0.774549 0.056158 0.218437
0 0.277281 0.759018 0.056796 0.217435
0 0.330887 0.750501 0.050415 0.192385
0 0.413848 0.750501 0.046586 0.180361
0 0.451500 0.752004 0.036375 0.141283
0 0.510849 0.740982 0.031270 0.123246
0 0.541161 0.733968 0.037013 0.141283
0 0.593491 0.728958 0.030632 0.119238
0 0.613912 0.737976 0.037013 0.145291
0 0.358009 0.756513 0.045948 0.176353
0 0.479260 0.705411 0.021698 0.086172
0 0.525207 0.703908 0.017869 0.069138
0 0.567645 0.702906 0.019783 0.079158
0 0.580089 0.701403 0.017869 0.068136
0 0.696873 0.718938 0.025526 0.099198
0 0.764518 0.837174 0.071474 0.277555
0 0.873963 0.857214 0.069560 0.269539
0 0.830568 0.835170 0.078494 0.301603
0 0.717932 0.732465 0.030632 0.118236
0 0.747607 0.716433 0.026165 0.100200
0 0.109126 0.711924 0.048500 0.109218
0 0.089343 0.771042 0.145501 0.433868
0 0.399809 0.679359 0.021059 0.040080
0 0.463944 0.685872 0.016592 0.047094
0 0.440013 0.673848 0.007020 0.039078
0 0.558711 0.687876 0.013401 0.041082
0 0.491066 0.677355 0.009572 0.036072
0 0.502234 0.685371 0.008934 0.036072
0 0.387683 0.865731 0.124442 0.264529
0 0.966177 0.836172 0.063816 0.323647
0 0.212189 0.286573 0.028717 0.066132
0 0.250798 0.302104 0.028079 0.083166
0 0.284620 0.293587 0.024250 0.098196
0 0.326739 0.295591 0.031908 0.100200
0 0.409700 0.552104 0.026803 0.046092
