0 1.500000 0.378906 0.156250 0.192188
0 0.045312 0.409375 0.090625 0.168750
0 0.687500 0.324219 0.056250 0.067187
0 0.754687 0.323437 0.053125 0.068750
0 0.806250 0.320312 0.043750 0.056250
0 1.003125 0.317188 0.043750 0.056250
0 1.135938 0.308594 0.040625 0.054688
0 1.190625 0.310156 0.031250 0.042188
0 0.489063 0.314063 0.040625 0.050000
0 0.321875 0.327344 0.037500 0.051562
0 0.190625 0.320312 0.031250 0.040625
0 0.107813 0.321875 0.028125 0.034375
0 0.137500 0.324219 0.037500 0.045312
0 0.082812 0.318750 0.021875 0.031250
0 0.657813 0.316406 0.040625 0.048438
0 0.846875 0.296094 0.018750 0.026562
0 0.885938 0.296875 0.015625 0.025000
0 0.957812 0.302344 0.021875 0.029687
0 0.979688 0.300000 0.021875 0.031250
0 1.054688 0.293750 0.015625 0.025000
0 1.239062 0.291406 0.021875 0.029687
0 1.289062 0.294531 0.021875 0.029687
0 1.312500 0.292187 0.025000 0.034375
0 1.387500 0.302344 0.031250 0.042188
0 1.350000 0.307812 0.037500 0.046875
0 1.670313 0.314844 0.053125 0.064062
0 1.709375 0.316406 0.050000 0.064062
0 1.593750 0.285156 0.025000 0.029687
0 1.534375 0.288281 0.025000 0.035937
0 1.798437 0.285156 0.028125 0.035937
0 1.829687 0.287500 0.034375 0.046875
0 1.854688 0.282031 0.028125 0.032813
0 1.954687 0.302344 0.040625 0.054688
0 1.442187 0.285156 0.028125 0.039062
0 1.642187 0.287500 0.028125 0.034375
0 0.146875 0.301563 0.287500 0.031250
0 0.464062 0.304688 0.328125 0.028125
0 1.235937 0.291406 0.096875 0.032813
0 1.496875 0.287500 0.081250 0.031250
0 1.939062 0.281250 0.096875 0.031250
