0 1.259615 0.407104 0.271978 0.438980
0 1.045330 0.362477 0.178571 0.291439
0 0.898352 0.373406 0.164835 0.265938
0 0.978022 0.324226 0.120879 0.200364
0 0.412088 0.376138 0.148352 0.238616
0 0.287088 0.375228 0.156593 0.255009
0 0.354396 0.317851 0.120879 0.198543
0 0.587912 0.334244 0.126374 0.205829
0 0.486264 0.318761 0.126374 0.204007
0 0.788462 0.322404 0.120879 0.196721
0 1.104396 0.325137 0.164835 0.267760
0 1.140110 0.328780 0.148352 0.238616
0 0.431319 0.247723 0.049451 0.036430
0 0.637363 0.268670 0.043956 0.081967
