0 0.231250 0.510000 0.060000 0.196667
0 0.296875 0.506667 0.053750 0.180000
0 0.425625 0.518333 0.061250 0.203333
0 0.474375 0.503333 0.058750 0.196667
0 0.503125 0.481667 0.048750 0.163333
0 0.665000 0.469167 0.030000 0.098333
0 0.711250 0.457500 0.020000 0.068333
0 0.638125 0.458333 0.018750 0.063333
0 0.657500 0.459167 0.017500 0.061667
0 0.723750 0.455833 0.020000 0.068333
0 0.790000 0.460833 0.022500 0.075000
0 0.735000 0.456667 0.017500 0.063333
0 0.799375 0.458333 0.018750 0.060000
0 0.813750 0.455000 0.017500 0.060000
0 0.828125 0.453333 0.016250 0.056667
0 0.871250 0.460833 0.022500 0.071667
0 0.919375 0.453333 0.018750 0.066667
0 0.943125 0.453333 0.021250 0.073333
0 0.985625 0.462500 0.026250 0.085000
0 0.695625 0.455833 0.016250 0.058333
0 0.686250 0.455000 0.017500 0.056667
0 0.675000 0.459167 0.020000 0.065000
0 0.042500 0.483333 0.015000 0.033333
0 0.100625 0.487500 0.021250 0.061667
0 0.126875 0.465000 0.021250 0.026667
0 0.162500 0.501667 0.032500 0.073333
0 0.171250 0.461667 0.015000 0.016667
0 0.200000 0.458333 0.012500 0.023333
0 0.250625 0.430000 0.013750 0.023333
0 0.267500 0.438333 0.015000 0.030000
0 0.275000 0.474167 0.012500 0.031667
0 0.370625 0.440833 0.008750 0.025000
0 0.385625 0.440833 0.013750 0.028333
0 0.523125 0.451667 0.011250 0.026667
0 0.537500 0.450000 0.007500 0.013333
0 0.548125 0.447500 0.011250 0.015000
0 0.560000 0.447500 0.005000 0.018333
0 0.566250 0.450000 0.007500 0.016667
0 0.582500 0.446667 0.005000 0.016667
0 0.626250 0.434167 0.007500 0.018333
0 0.971250 0.470000 0.017500 0.063333
0 0.758125 0.448333 0.041250 0.070000
0 0.837500 0.447500 0.045000 0.068333
0 0.894375 0.450000 0.028750 0.066667
