0 0.062500 0.378440 0.125000 0.619266
0 0.128750 0.403670 0.117500 0.532110
0 0.186250 0.389908 0.127500 0.587156
0 0.267500 0.410550 0.105000 0.472477
0 0.336250 0.408257 0.107500 0.486239
0 0.370000 0.417431 0.095000 0.440367
0 0.415000 0.410550 0.095000 0.426606
0 0.452500 0.405963 0.080000 0.371560
0 0.505000 0.408257 0.095000 0.440367
0 0.588750 0.408257 0.092500 0.422018
0 0.636250 0.403670 0.082500 0.366972
0 0.711250 0.376147 0.067500 0.311927
0 0.735000 0.380734 0.065000 0.302752
0 0.835000 0.360092 0.045000 0.215596
0 0.878750 0.357798 0.047500 0.211009
0 0.908750 0.376147 0.037500 0.183486
0 0.816250 0.383028 0.042500 0.197248
0 0.773750 0.380734 0.037500 0.183486
0 0.690000 0.387615 0.055000 0.243119
0 0.298750 0.229358 0.032500 0.110092
0 0.966250 0.341743 0.052500 0.151376
