0 0.042607 0.374167 0.065163 0.111667
0 0.146617 0.399167 0.112782 0.188333
0 0.250627 0.378333 0.080201 0.130000
0 0.180451 0.336667 0.035088 0.056667
0 0.438596 0.293333 0.025063 0.043333
0 0.413534 0.337500 0.035088 0.058333
0 0.364662 0.334167 0.037594 0.061667
0 0.344612 0.338333 0.022556 0.040000
0 0.332080 0.356667 0.047619 0.083333
0 0.298246 0.366667 0.070175 0.116667
0 0.580201 0.398333 0.112782 0.183333
0 0.533835 0.355000 0.060150 0.100000
0 0.763158 0.350833 0.052632 0.088333
0 0.636591 0.335833 0.035088 0.061667
0 0.796992 0.353333 0.060150 0.103333
0 0.858396 0.368333 0.082707 0.133333
0 0.946115 0.387500 0.112782 0.185000
0 0.992481 0.357500 0.065163 0.111667
0 1.082707 0.363333 0.080201 0.130000
0 1.154135 0.358333 0.062657 0.100000
0 1.230576 0.377500 0.100251 0.165000
0 1.278195 0.367500 0.070175 0.115000
0 1.300752 0.332500 0.035088 0.061667
0 1.348371 0.355833 0.055138 0.088333
0 1.368421 0.351667 0.045113 0.076667
0 1.374687 0.338333 0.037594 0.060000
0 1.466165 0.379167 0.075188 0.145000
