0 0.505000 0.543750 0.150000 0.462500
0 0.046000 0.521250 0.092000 0.307500
0 0.103000 0.518750 0.102000 0.317500
0 0.153000 0.512500 0.106000 0.325000
0 0.209000 0.501250 0.098000 0.302500
0 0.264000 0.507500 0.096000 0.295000
0 0.338000 0.486250 0.092000 0.282500
0 0.383000 0.485000 0.094000 0.295000
0 0.421000 0.477500 0.098000 0.305000
0 0.462000 0.482500 0.092000 0.280000
0 0.584000 0.480000 0.080000 0.250000
0 0.623000 0.475000 0.078000 0.245000
0 0.668000 0.490000 0.076000 0.230000
0 0.718000 0.486250 0.076000 0.232500
0 0.779000 0.482500 0.070000 0.220000
0 0.809000 0.475000 0.074000 0.225000
0 0.842000 0.475000 0.072000 0.225000
0 0.897000 0.513750 0.058000 0.197500
0 0.961000 0.522500 0.046000 0.160000
0 0.954000 0.390000 0.032000 0.080000
0 0.883000 0.392500 0.030000 0.050000
0 0.202000 0.256250 0.036000 0.147500
0 0.127000 0.306250 0.046000 0.077500
0 0.071000 0.313750 0.050000 0.062500
0 0.029000 0.302500 0.050000 0.075000
0 0.022000 0.180000 0.040000 0.080000
0 0.060000 0.110000 0.032000 0.060000
0 0.035000 0.042500 0.034000 0.050000
0 0.011000 0.065000 0.022000 0.055000
0 0.073000 0.041250 0.030000 0.062500
0 0.103000 0.133750 0.022000 0.047500
0 0.115000 0.100000 0.026000 0.025000
0 0.135000 0.125000 0.022000 0.050000
0 0.192000 0.136250 0.016000 0.027500
0 0.228000 0.105000 0.020000 0.040000
0 0.270000 0.171250 0.032000 0.117500
0 0.313000 0.172500 0.030000 0.120000
0 0.352000 0.165000 0.036000 0.095000
0 0.365000 0.226250 0.026000 0.027500
0 0.430000 0.268750 0.048000 0.102500
0 0.290000 0.306250 0.024000 0.067500
0 0.397000 0.142500 0.022000 0.030000
0 0.396000 0.187500 0.024000 0.050000
0 0.420000 0.196250 0.024000 0.037500
0 0.440000 0.191250 0.016000 0.027500
0 0.434000 0.157500 0.024000 0.040000
0 0.462000 0.161250 0.028000 0.042500
0 0.504000 0.146250 0.036000 0.022500
0 0.539000 0.107500 0.026000 0.105000
0 0.584000 0.098750 0.028000 0.102500
0 0.467000 0.073750 0.030000 0.097500
0 0.370000 0.055000 0.036000 0.095000
0 0.310000 0.042500 0.036000 0.050000
0 0.261000 0.038750 0.030000 0.047500
0 0.287000 0.085000 0.018000 0.040000
0 0.322000 0.087500 0.036000 0.035000
0 0.208000 0.060000 0.016000 0.080000
0 0.178000 0.053750 0.024000 0.082500
0 0.152000 0.023750 0.028000 0.047500
0 0.165000 0.342500 0.022000 0.060000
0 0.233000 0.351250 0.042000 0.067500
0 0.247000 0.245000 0.030000 0.085000
0 0.505000 0.241250 0.030000 0.142500
0 0.546000 0.316250 0.032000 0.062500
0 0.595000 0.315000 0.038000 0.075000
0 0.650000 0.335000 0.056000 0.040000
0 0.692000 0.330000 0.028000 0.085000
0 0.715000 0.307500 0.018000 0.040000
0 0.739000 0.317500 0.022000 0.050000
0 0.769000 0.310000 0.034000 0.050000
0 0.808000 0.311250 0.032000 0.047500
0 0.850000 0.308750 0.016000 0.047500
0 0.912000 0.307500 0.016000 0.050000
0 0.948000 0.311250 0.016000 0.042500
0 0.975000 0.312500 0.026000 0.040000
0 0.541000 0.232500 0.022000 0.035000
0 0.565000 0.233750 0.022000 0.047500
0 0.590000 0.248750 0.032000 0.037500
0 0.606000 0.210000 0.020000 0.035000
0 0.580000 0.168750 0.036000 0.032500
0 0.626000 0.176250 0.032000 0.027500
0 0.640000 0.212500 0.032000 0.030000
0 0.676000 0.203750 0.028000 0.027500
0 0.671000 0.172500 0.022000 0.030000
0 0.704000 0.165000 0.024000 0.025000
0 0.713000 0.208750 0.022000 0.037500
0 0.733000 0.215000 0.026000 0.030000
0 0.693000 0.245000 0.042000 0.040000
0 0.662000 0.243750 0.028000 0.042500
0 0.766000 0.211250 0.028000 0.022500
0 0.746000 0.256250 0.024000 0.027500
0 0.784000 0.253750 0.020000 0.032500
0 0.807000 0.260000 0.030000 0.045000
0 0.619000 0.102500 0.026000 0.080000
0 0.649000 0.090000 0.030000 0.040000
0 0.678000 0.060000 0.020000 0.030000
0 0.700000 0.073750 0.016000 0.032500
0 0.740000 0.158750 0.036000 0.052500
0 0.769000 0.161250 0.026000 0.062500
0 0.827000 0.220000 0.038000 0.035000
0 0.793000 0.202500 0.026000 0.040000
0 0.855000 0.210000 0.018000 0.040000
0 0.885000 0.222500 0.022000 0.035000
0 0.860000 0.256250 0.024000 0.037500
0 0.884000 0.266250 0.024000 0.032500
0 0.940000 0.228750 0.024000 0.052500
0 0.973000 0.250000 0.018000 0.065000
0 0.929000 0.110000 0.034000 0.060000
0 0.949000 0.072500 0.034000 0.045000
0 0.894000 0.063750 0.016000 0.047500
0 0.872000 0.056250 0.020000 0.037500
0 0.854000 0.052500 0.024000 0.045000
0 0.987000 0.135000 0.022000 0.070000
0 0.850000 0.138750 0.280000 0.162500
