0 0.268893 0.410000 0.154657 0.267500
0 0.623902 0.396875 0.147627 0.258750
0 0.861160 0.363750 0.115993 0.202500
0 0.985062 0.387500 0.131810 0.232500
0 1.067663 0.442500 0.226714 0.395000
0 1.283831 0.383125 0.124780 0.216250
0 1.149385 0.350000 0.115993 0.202500
0 0.771529 0.350000 0.094903 0.167500
0 0.715290 0.340000 0.091388 0.157500
0 0.567663 0.368125 0.119508 0.211250
0 0.492091 0.356250 0.098418 0.175000
0 0.210018 0.383125 0.117750 0.206250
0 0.054482 0.268125 0.070299 0.123750
0 1.237258 0.290625 0.059754 0.106250
0 1.321617 0.288750 0.052724 0.095000
0 1.378735 0.295000 0.050967 0.090000
0 0.903339 0.090625 0.049209 0.088750
0 0.488576 0.109375 0.049209 0.086250
0 1.355888 0.193125 0.043937 0.076250
0 0.435852 0.329375 0.073814 0.131250
0 0.390158 0.325625 0.070299 0.123750
0 0.258348 0.258125 0.077329 0.138750
0 0.033392 0.133750 0.035149 0.070000
0 0.127417 0.120625 0.040422 0.066250
0 0.201230 0.170000 0.057996 0.072500
0 0.127417 0.186875 0.054482 0.056250
0 0.046573 0.192500 0.075571 0.047500
0 0.144112 0.250625 0.035149 0.073750
0 0.100176 0.252500 0.038664 0.080000
0 0.207381 0.242500 0.049209 0.067500
0 0.359402 0.230000 0.040422 0.052500
0 0.405097 0.246250 0.022847 0.030000
0 0.452548 0.254375 0.015817 0.023750
0 0.468366 0.234375 0.019332 0.026250
0 0.489455 0.218750 0.015817 0.022500
0 0.562390 0.238125 0.038664 0.041250
0 0.620387 0.233125 0.045694 0.071250
0 0.610721 0.174375 0.033392 0.036250
0 0.572056 0.113125 0.043937 0.056250
0 0.607206 0.135000 0.026362 0.042500
0 0.627417 0.143750 0.031634 0.062500
0 0.669596 0.098125 0.031634 0.028750
0 0.675747 0.151875 0.033392 0.061250
0 0.729350 0.190000 0.035149 0.072500
0 0.783831 0.191875 0.038664 0.056250
0 0.823374 0.190000 0.022847 0.060000
0 0.896309 0.190000 0.045694 0.062500
0 0.796134 0.255000 0.035149 0.060000
0 0.842707 0.256250 0.036907 0.062500
0 0.883128 0.265000 0.026362 0.060000
0 0.929701 0.253125 0.038664 0.063750
0 0.742531 0.105000 0.022847 0.027500
0 0.730228 0.138125 0.029877 0.028750
0 0.761863 0.138125 0.029877 0.031250
0 0.779438 0.110625 0.033392 0.046250
0 0.829525 0.120625 0.028120 0.046250
0 0.867311 0.120625 0.036907 0.048750
0 0.945518 0.142500 0.038664 0.050000
0 0.983304 0.140625 0.026362 0.041250
0 1.012302 0.137500 0.028120 0.050000
0 1.043058 0.139375 0.022847 0.041250
0 1.069420 0.143125 0.019332 0.048750
0 1.087873 0.123125 0.014060 0.048750
0 1.050967 0.106875 0.024605 0.018750
0 1.010545 0.106250 0.017575 0.010000
0 0.980668 0.108125 0.017575 0.016250
0 1.182777 0.134375 0.042179 0.048750
0 1.239895 0.129375 0.043937 0.043750
0 1.192443 0.185000 0.043937 0.052500
0 0.982425 0.255000 0.049209 0.060000
0 1.039543 0.261875 0.036907 0.058750
0 1.072935 0.236250 0.029877 0.020000
0 1.118629 0.238750 0.029877 0.022500
0 1.162566 0.240000 0.026362 0.060000
0 1.217047 0.235000 0.036907 0.047500
0 1.254833 0.235625 0.024605 0.051250
0 1.282074 0.230625 0.022847 0.041250
0 1.333040 0.231875 0.033392 0.038750
0 1.345343 0.273750 0.022847 0.042500
0 1.370826 0.231875 0.028120 0.048750
0 1.315466 0.190625 0.029877 0.036250
0 1.284710 0.188750 0.024605 0.035000
0 1.239016 0.185625 0.038664 0.038750
0 1.258348 0.158750 0.028120 0.012500
