0 0.036364 0.637931 0.065455 0.272727
0 0.080909 0.648903 0.060000 0.263323
0 0.119091 0.647335 0.056364 0.247649
0 0.153636 0.581505 0.067273 0.285266
0 0.173636 0.573668 0.056364 0.244514
0 0.197273 0.583072 0.052727 0.225705
0 0.267273 0.675549 0.072727 0.310345
0 0.323636 0.600313 0.065455 0.278997
0 0.385455 0.673981 0.072727 0.307210
0 0.360000 0.628527 0.069091 0.297806
0 0.425455 0.659875 0.076364 0.322884
0 0.464545 0.637931 0.070909 0.304075
0 0.528182 0.717868 0.089091 0.376176
0 0.744545 0.758621 0.078182 0.338558
0 0.670909 0.606583 0.087273 0.366771
0 0.612727 0.633229 0.080000 0.344828
0 0.820000 0.645768 0.076364 0.319749
0 0.865455 0.705329 0.087273 0.369906
0 0.926364 0.719436 0.096364 0.416928
0 0.964545 0.728840 0.070909 0.404389
0 0.587273 0.813480 0.083636 0.360502
0 0.226364 0.673981 0.063636 0.275862
0 0.787273 0.567398 0.021818 0.087774
0 0.736364 0.521944 0.036364 0.078370
0 0.011818 0.554859 0.023636 0.081505
0 0.079091 0.510972 0.034545 0.062696
0 0.326364 0.857367 0.052727 0.191223
0 0.550909 0.503135 0.054545 0.097179
0 0.766364 0.576803 0.049091 0.119122
