0 0.112632 0.577500 0.117895 0.455000
0 0.090000 0.550000 0.110526 0.426667
0 0.204737 0.550833 0.104211 0.405000
0 0.536842 0.609167 0.113684 0.441667
0 0.625263 0.592500 0.122105 0.471667
0 0.703684 0.596667 0.114737 0.443333
0 0.669474 0.587500 0.115789 0.448333
0 0.731053 0.585833 0.106316 0.415000
0 0.803684 0.590000 0.106316 0.413333
0 0.853684 0.583333 0.113684 0.440000
0 0.917368 0.580833 0.104211 0.408333
0 0.874211 0.607500 0.106316 0.411667
0 0.947895 0.573333 0.104211 0.476667
0 0.344211 0.565000 0.107368 0.416667
0 0.393158 0.407500 0.028421 0.045000
0 0.412105 0.394167 0.032632 0.061667
0 0.438947 0.382500 0.042105 0.088333
0 0.462105 0.380000 0.025263 0.076667
0 0.502105 0.385000 0.033684 0.070000
0 0.576842 0.387500 0.050526 0.088333
0 0.273158 0.414167 0.064211 0.098333
0 0.773158 0.398333 0.036842 0.060000
0 0.900000 0.393333 0.033684 0.043333
