0 0.043557 0.275091 0.087114 0.170496
0 0.083485 0.282346 0.087114 0.143894
0 0.271325 0.272068 0.085299 0.137848
0 0.181488 0.248489 0.050817 0.085852
0 0.407441 0.271463 0.081670 0.134220
0 0.501815 0.266626 0.081670 0.134220
0 0.539020 0.261185 0.076225 0.123337
0 0.656080 0.249093 0.085299 0.137848
0 1.054446 0.316203 0.196007 0.320435
0 1.303085 0.234583 0.061706 0.099154
0 1.344828 0.227932 0.050817 0.083434
0 1.438294 0.230955 0.056261 0.094317
0 1.205989 0.237001 0.056261 0.091898
0 0.770417 0.347642 0.212341 0.347037
0 0.973684 0.391778 0.234120 0.379686
0 0.777677 0.417775 0.215971 0.351874
0 0.717786 0.210399 0.085299 0.050786
0 0.970962 0.206771 0.047187 0.024184
0 1.144283 0.201330 0.121597 0.059250
0 0.600726 0.238815 0.112523 0.093108
