0 0.036232 0.216776 0.037681 0.145969
0 0.126812 0.234205 0.062319 0.233115
0 0.171739 0.216776 0.033333 0.128540
0 0.291304 0.244009 0.081159 0.296296
0 0.337681 0.246187 0.057971 0.213508
0 0.469565 0.223312 0.069565 0.259259
0 0.609420 0.222222 0.062319 0.235294
0 0.592029 0.171024 0.036232 0.137255
0 0.546377 0.574074 0.043478 0.163399
0 0.368841 0.545752 0.065217 0.241830
0 0.255072 0.501089 0.040580 0.156863
0 0.044203 0.912854 0.065217 0.244009
0 0.152174 0.897603 0.028986 0.104575
0 0.194928 0.899782 0.039130 0.143791
0 0.476087 0.952070 0.056522 0.209150
0 0.533333 0.923747 0.046377 0.169935
0 0.608696 0.903050 0.040580 0.150327
0 0.036232 1.230937 0.031884 0.122004
0 0.091304 1.257081 0.046377 0.169935
0 0.115217 1.229847 0.027536 0.102397
0 0.255797 1.267974 0.047826 0.174292
0 0.361594 1.272331 0.053623 0.204793
0 0.482609 1.246187 0.060870 0.222222
0 0.549275 1.188453 0.037681 0.145969
0 0.572464 1.199346 0.043478 0.163399
0 0.068841 0.570806 0.068116 0.143791
0 0.082609 0.179739 0.069565 0.071895
0 0.199275 0.166667 0.042029 0.041394
