0 0.189533 0.580623 0.066057 0.218157
0 0.365346 0.554201 0.049797 0.165312
0 0.398882 0.588076 0.076220 0.246612
0 0.440041 0.546748 0.040650 0.134146
0 0.582317 0.525068 0.034553 0.112466
0 0.599593 0.544038 0.042683 0.139566
0 0.621443 0.554878 0.049797 0.161247
0 0.666159 0.605014 0.094512 0.310298
0 0.724593 0.563686 0.052846 0.176152
0 0.784553 0.575881 0.054878 0.181572
0 0.846545 0.577236 0.048780 0.162602
0 0.877033 0.593496 0.071138 0.235772
0 0.904980 0.567751 0.047764 0.159892
0 0.960366 0.590786 0.075203 0.249322
0 0.684959 0.495935 0.026423 0.032520
0 0.644309 0.492547 0.022358 0.033875
