0 0.390417 0.742821 0.072500 0.267166
0 0.649167 0.763421 0.021667 0.081149
0 0.686667 0.768414 0.020000 0.073658
0 0.704167 0.764669 0.025000 0.091136
0 0.715417 0.752809 0.025833 0.097378
0 0.741250 0.762172 0.040833 0.148564
0 0.775833 0.766542 0.020000 0.074906
0 0.938333 0.894507 0.033333 0.123596
0 0.975833 0.757803 0.030000 0.109863
0 0.916250 0.770911 0.020833 0.078652
0 0.943333 0.759675 0.025000 0.091136
0 0.950000 0.761548 0.026667 0.097378
0 0.960833 0.759051 0.026667 0.097378
0 0.185417 0.729089 0.047500 0.174782
0 0.250417 0.774657 0.057500 0.210986
0 0.306667 0.724719 0.046667 0.173533
0 0.459583 0.796504 0.039167 0.144819
0 0.545000 0.734082 0.038333 0.139825
0 0.609583 0.748439 0.020833 0.076155
0 0.840417 0.722846 0.025833 0.044944
0 0.878750 0.769039 0.015833 0.017478
0 0.891250 0.784644 0.024167 0.046192
0 0.977917 0.868914 0.040833 0.067416
