0 0.121795 0.412500 0.243590 0.487500
0 0.154762 0.364375 0.217949 0.363750
0 0.311355 0.370625 0.227106 0.378750
0 0.469780 0.416875 0.254579 0.426250
0 0.361722 0.319375 0.137363 0.228750
0 0.547619 0.348125 0.161172 0.268750
0 0.659341 0.352500 0.175824 0.297500
0 0.732601 0.377500 0.227106 0.380000
0 0.897436 0.445625 0.263736 0.441250
0 1.298535 0.391250 0.333333 0.570000
0 1.035714 0.306250 0.159341 0.265000
0 1.149267 0.371250 0.159341 0.267500
0 0.933150 0.408750 0.236264 0.395000
0 1.204212 0.341875 0.115385 0.196250
0 1.412088 0.196250 0.047619 0.047500
