0 0.028951 0.651568 0.057903 0.362369
0 0.099374 0.601045 0.054773 0.310105
0 0.143192 0.597561 0.054773 0.310105
0 0.209703 0.684669 0.071987 0.393728
0 0.269171 0.691638 0.071987 0.400697
0 0.311424 0.651568 0.075117 0.411150
0 0.373239 0.698606 0.076682 0.414634
0 0.475743 0.677700 0.068858 0.372822
0 0.510172 0.639373 0.065728 0.365854
0 0.574335 0.644599 0.068858 0.383275
0 0.619718 0.653310 0.068858 0.372822
0 0.695618 0.684669 0.079812 0.435540
0 0.800469 0.721254 0.076682 0.425087
0 0.748826 0.651568 0.067293 0.376307
0 0.919405 0.719512 0.082942 0.456446
0 0.967136 0.742160 0.065728 0.425087
0 0.852895 0.658537 0.056338 0.313589
0 0.533646 0.576655 0.050078 0.282230
0 0.426448 0.632404 0.057903 0.317073
0 0.082942 0.414634 0.028169 0.062718
0 0.390454 0.456446 0.026604 0.062718
0 0.424100 0.433798 0.028169 0.059233
0 0.485915 0.452962 0.029734 0.055749
0 0.587637 0.404181 0.042254 0.048780
0 0.826291 0.421603 0.040689 0.083624
0 0.908451 0.451220 0.039124 0.059233
0 0.644757 0.475610 0.040689 0.094077
0 0.679186 0.508711 0.043818 0.076655
0 0.248826 0.452962 0.031299 0.062718
0 0.227700 0.439024 0.039124 0.062718
0 0.190141 0.444251 0.039124 0.073171
0 0.497653 0.398955 0.985915 0.205575
