0 0.661383 0.409091 0.221902 0.341818
0 0.832853 0.306364 0.149856 0.230909
0 0.587896 0.447273 0.224784 0.349091
0 0.100865 0.380000 0.201729 0.312727
0 1.048991 0.279091 0.138329 0.216364
0 0.270893 0.423636 0.161383 0.134545
0 0.334294 0.352727 0.144092 0.123636
0 0.219020 0.253636 0.080692 0.063636
0 0.391931 0.272727 0.103746 0.090909
0 0.449568 0.218182 0.103746 0.054545
0 0.136888 0.200000 0.089337 0.040000
0 1.314121 0.417273 0.317003 0.154545
0 1.090778 0.373636 0.210375 0.121818
0 1.213256 0.283636 0.155620 0.080000
0 1.135447 0.207273 0.074928 0.065455
0 1.214697 0.198182 0.066282 0.040000
0 1.315562 0.204545 0.072046 0.056364
0 1.504323 0.283636 0.132565 0.090909
0 1.458213 0.192727 0.115274 0.050909
0 1.462536 0.139091 0.054755 0.034545
0 1.538905 0.161818 0.063401 0.040000
0 1.358790 0.170909 0.095101 0.050909
0 0.851585 0.173636 0.037464 0.030909
0 0.641210 0.200909 0.054755 0.041818
0 0.716138 0.230000 0.060519 0.052727
0 0.778098 0.194545 0.080692 0.058182
0 0.714697 0.197273 0.080692 0.052727
0 0.528818 0.187273 0.060519 0.040000
0 0.583573 0.172727 0.072046 0.050909
0 0.350144 0.160909 0.043228 0.023636
0 0.443804 0.156364 0.051873 0.029091
0 0.191643 0.160909 0.048991 0.045455
0 0.108069 0.155455 0.048991 0.020000
0 0.056196 0.200000 0.072046 0.036364
0 0.368876 0.188182 0.708934 0.107273
0 0.943804 0.161818 0.412104 0.083636
0 1.364553 0.175455 0.423631 0.125455
