0 0.184426 0.406364 0.095628 0.161818
0 0.102459 0.410000 0.073770 0.118182
0 0.386612 0.400909 0.133880 0.223636
0 0.460383 0.405455 0.073770 0.123636
0 0.545082 0.401818 0.101093 0.170909
0 0.651639 0.408182 0.073770 0.118182
0 0.754098 0.393636 0.136612 0.220000
0 0.851093 0.406364 0.079235 0.132727
0 0.979508 0.405455 0.073770 0.120000
0 1.125683 0.411818 0.081967 0.140000
0 1.210383 0.400909 0.158470 0.260000
0 1.357923 0.407273 0.071038 0.116364
0 1.448087 0.413636 0.109290 0.176364
0 1.036885 0.409091 0.046448 0.076364
0 0.323770 0.409091 0.068306 0.116364
0 1.480874 0.335455 0.032787 0.027273
0 0.286885 0.308182 0.103825 0.125455
