0 0.501220 0.788934 0.090244 0.381148
0 0.554878 0.784836 0.090244 0.372951
0 0.636585 0.772541 0.097561 0.405738
0 0.702439 0.786885 0.092683 0.385246
0 0.836585 0.762295 0.092683 0.393443
0 0.587805 0.780738 0.087805 0.356557
0 0.735366 0.790984 0.090244 0.368852
0 0.767073 0.768443 0.080488 0.340164
0 0.056098 0.577869 0.048780 0.196721
0 0.096341 0.559426 0.051220 0.209016
0 0.174390 0.561475 0.051220 0.213115
0 0.221951 0.555328 0.053659 0.217213
0 0.263415 0.565574 0.048780 0.204918
0 0.309756 0.557377 0.048780 0.213115
0 0.345122 0.557377 0.046341 0.196721
0 0.384146 0.557377 0.051220 0.213115
0 0.407317 0.569672 0.043902 0.188525
0 0.442683 0.559426 0.046341 0.200820
0 0.497561 0.545082 0.043902 0.180328
0 0.535366 0.555328 0.046341 0.192623
0 0.585366 0.551230 0.043902 0.192623
0 0.626829 0.545082 0.039024 0.172131
0 0.671951 0.551230 0.046341 0.192623
0 0.707317 0.543033 0.043902 0.176230
0 0.748780 0.559426 0.048780 0.200820
0 0.787805 0.547131 0.053659 0.217213
0 0.841463 0.553279 0.048780 0.196721
0 0.881707 0.547131 0.046341 0.192623
0 0.142683 0.577869 0.041463 0.172131
0 0.036585 0.813525 0.048780 0.168033
0 0.226829 0.868852 0.092683 0.155738
0 0.329268 0.893443 0.078049 0.172131
0 0.402439 0.850410 0.112195 0.266393
0 0.292683 0.768443 0.068293 0.077869
0 0.158537 0.821721 0.048780 0.118852
0 0.118293 0.770492 0.041463 0.073770
0 0.060976 0.674180 0.097561 0.110656
0 0.156098 0.670082 0.068293 0.094262
0 0.352439 0.629098 0.075610 0.127049
0 0.962195 0.651639 0.056098 0.155738
