0 1.176250 0.332083 0.122500 0.225141
0 0.750000 0.315197 0.090000 0.168856
0 0.545000 0.315197 0.065000 0.120075
0 0.455000 0.310507 0.050000 0.095685
0 0.386250 0.319887 0.072500 0.136961
0 0.300000 0.318011 0.055000 0.103189
0 0.246250 0.319887 0.042500 0.084428
0 0.188750 0.315197 0.042500 0.082552
0 0.143750 0.311445 0.042500 0.078799
0 0.123750 0.312383 0.037500 0.069418
0 1.016250 0.287054 0.047500 0.093809
0 1.077500 0.283302 0.045000 0.082552
0 1.247500 0.278612 0.055000 0.099437
0 1.275000 0.271107 0.050000 0.095685
0 0.678750 0.293621 0.032500 0.065666
0 0.881250 0.288931 0.047500 0.086304
0 0.838750 0.285178 0.037500 0.071295
0 0.598750 0.291745 0.032500 0.058161
0 0.568750 0.288931 0.032500 0.060038
0 0.645000 0.289869 0.030000 0.061914
0 0.422500 0.295497 0.025000 0.046904
0 0.476250 0.294559 0.027500 0.048780
0 0.507500 0.288931 0.025000 0.052533
0 0.341250 0.295497 0.022500 0.039400
0 0.986250 0.286116 0.037500 0.069418
0 1.056250 0.278612 0.037500 0.073171
0 0.248750 0.274859 0.022500 0.016886
0 0.220000 0.276735 0.025000 0.016886
0 0.310000 0.277674 0.025000 0.018762
0 0.077500 0.295497 0.145000 0.039400
0 0.823750 0.215760 0.242500 0.071295
0 1.131250 0.217636 0.367500 0.097561
0 0.575000 0.234522 0.265000 0.045028
