0 0.310109 0.401818 0.183060 0.301818
0 0.726776 0.305455 0.098361 0.163636
0 0.919399 0.361818 0.090164 0.152727
0 1.046448 0.362727 0.098361 0.161818
0 1.282787 0.382727 0.117486 0.194545
0 1.151639 0.354545 0.073770 0.123636
0 1.101093 0.363636 0.081967 0.138182
0 1.183060 0.349091 0.065574 0.112727
0 0.469945 0.355455 0.087432 0.143636
0 0.407104 0.348182 0.060109 0.100000
0 0.137978 0.358182 0.073770 0.120000
0 0.023224 0.362727 0.046448 0.107273
0 0.532787 0.341818 0.043716 0.076364
0 0.565574 0.340909 0.054645 0.089091
0 0.829235 0.356364 0.073770 0.123636
0 0.136612 0.123636 0.032787 0.058182
0 0.792350 0.221818 0.027322 0.043636
0 0.984973 0.359091 0.084699 0.136364
0 0.650273 0.343636 0.087432 0.141818
0 0.795082 0.307273 0.076503 0.065455
0 0.321038 0.190000 0.040984 0.030909
0 0.267760 0.186364 0.038251 0.020000
0 0.239071 0.153636 0.057377 0.023636
0 0.166667 0.148182 0.032787 0.020000
0 0.180328 0.170000 0.360656 0.074545
0 0.407104 0.139091 0.300546 0.056364
0 0.631148 0.204545 0.420765 0.110909
0 0.967213 0.240909 0.284153 0.060000
0 1.375683 0.309091 0.248634 0.109091
