0 0.369375 0.472744 0.128750 0.471805
0 0.280000 0.352444 0.085000 0.317669
0 0.221250 0.343985 0.097500 0.357143
0 0.152500 0.358083 0.082500 0.302632
0 0.193750 0.327068 0.090000 0.330827
0 0.309375 0.311090 0.076250 0.283835
0 0.458750 0.481203 0.135000 0.221805
0 0.111875 0.444549 0.208750 0.291353
0 0.088125 0.122180 0.071250 0.109023
0 0.222500 0.131579 0.047500 0.056391
0 0.179375 0.127820 0.051250 0.067669
0 0.447500 0.199248 0.105000 0.093985
0 0.570000 0.193609 0.065000 0.060150
0 0.649375 0.190789 0.051250 0.073308
0 0.697500 0.171992 0.055000 0.088346
0 0.739375 0.180451 0.056250 0.090226
0 0.969375 0.283835 0.058750 0.093985
0 0.801875 0.092105 0.033750 0.045113
0 0.868125 0.099624 0.033750 0.048872
0 0.831875 0.108083 0.026250 0.043233
0 0.939375 0.109962 0.103750 0.046992
