0 0.261122 0.578986 0.150870 0.279710
0 0.154739 0.531159 0.112186 0.207246
0 0.351064 0.552174 0.106383 0.194203
0 0.436170 0.551449 0.102515 0.189855
0 0.542553 0.598551 0.137331 0.252174
0 0.668279 0.540580 0.087041 0.159420
0 0.625725 0.498551 0.059961 0.113043
0 0.714700 0.512319 0.056093 0.102899
0 0.778530 0.494928 0.044487 0.085507
0 0.802708 0.502899 0.050290 0.095652
0 0.832689 0.499275 0.052224 0.094203
0 0.874275 0.503623 0.042553 0.079710
0 0.905222 0.486232 0.034816 0.065217
0 0.941006 0.484058 0.029014 0.055072
0 0.964217 0.481884 0.025145 0.047826
0 0.986460 0.479710 0.023211 0.046377
0 1.245648 0.484783 0.015474 0.030435
0 1.212766 0.481884 0.015474 0.033333
0 1.193424 0.479710 0.019342 0.037681
0 1.117021 0.477536 0.025145 0.044928
0 1.089942 0.481884 0.021277 0.042029
0 1.152805 0.478261 0.019342 0.040580
0 0.051257 0.564493 0.090909 0.149275
0 0.475822 0.448551 0.054159 0.039130
0 0.504836 0.473188 0.054159 0.033333
0 0.727273 0.457246 0.042553 0.036232
0 0.659574 0.463043 0.034816 0.039130
0 0.892650 0.450725 0.032882 0.014493
0 1.056093 0.479710 0.425532 0.072464
