0 0.035000 0.620000 0.070000 0.313333
0 0.082500 0.616667 0.095000 0.320000
0 0.082500 0.586667 0.085000 0.286667
0 0.155000 0.590000 0.085000 0.286667
0 0.193750 0.621667 0.097500 0.316667
0 0.250000 0.585000 0.085000 0.276667
0 0.283750 0.620000 0.097500 0.320000
0 0.325000 0.700000 0.175000 0.566667
0 0.580000 0.610000 0.100000 0.326667
0 0.633750 0.556667 0.057500 0.193333
0 0.697500 0.573333 0.105000 0.340000
0 0.742500 0.663333 0.200000 0.653333
0 0.812500 0.575000 0.110000 0.363333
0 0.928750 0.608333 0.132500 0.430000
0 0.488750 0.565000 0.082500 0.270000
0 0.850000 0.551667 0.065000 0.210000
0 0.396250 0.651667 0.212500 0.663333
