0 0.085345 0.564073 0.101724 0.331808
0 0.282759 0.543478 0.103448 0.340961
0 0.206034 0.522883 0.077586 0.249428
0 0.162931 0.506865 0.046552 0.148741
0 0.394828 0.514874 0.072414 0.242563
0 0.533621 0.545767 0.108621 0.350114
0 0.604310 0.521739 0.074138 0.247140
0 0.827586 0.503432 0.079310 0.265446
0 0.938793 0.540046 0.115517 0.375286
0 0.704310 0.505721 0.032759 0.109840
0 0.716379 0.486270 0.046552 0.148741
0 0.675000 0.502288 0.039655 0.135011
0 0.663793 0.482838 0.048276 0.164760
0 0.639655 0.501144 0.041379 0.137300
0 0.793103 0.489703 0.044828 0.151030
0 0.318966 0.503432 0.044828 0.151030
0 0.349138 0.456522 0.043103 0.061785
0 0.428448 0.463387 0.043103 0.043478
0 0.455172 0.459954 0.027586 0.050343
0 0.483621 0.461098 0.025862 0.025172
