0 0.040968 0.348889 0.081937 0.351111
0 0.091248 0.311111 0.085661 0.257778
0 0.168529 0.252222 0.039106 0.117778
0 0.203911 0.303333 0.091248 0.273333
0 0.270950 0.254444 0.042831 0.126667
0 0.324953 0.307778 0.083799 0.242222
0 0.364991 0.330000 0.115456 0.340000
0 0.347300 0.296667 0.080074 0.237778
0 0.411546 0.305556 0.085661 0.251111
0 0.465549 0.331111 0.111732 0.324444
0 0.512104 0.308889 0.081937 0.244444
0 0.527002 0.286667 0.070764 0.213333
0 0.586592 0.323333 0.115456 0.344444
0 0.620112 0.301111 0.096834 0.286667
0 0.679702 0.303333 0.078212 0.233333
0 0.708566 0.286667 0.072626 0.213333
0 0.752328 0.330000 0.100559 0.295556
0 0.804469 0.312222 0.093110 0.268889
0 0.434823 0.190000 0.031657 0.042222
