0 0.078125 0.637891 0.042708 0.078906
0 0.138021 0.638867 0.047917 0.088672
0 0.065885 0.638867 0.041146 0.076172
0 0.331771 0.623242 0.027083 0.050391
0 0.460417 0.608008 0.008333 0.016016
0 0.432812 0.647266 0.087500 0.160938
0 0.614583 0.641797 0.076042 0.139063
0 0.552865 0.612695 0.024479 0.044922
0 0.745573 0.608203 0.022396 0.041406
0 0.785937 0.604883 0.028125 0.052734
0 0.820573 0.603125 0.029687 0.055469
0 0.810417 0.603906 0.028125 0.051562
0 0.842448 0.603125 0.025521 0.047656
0 1.041667 0.630859 0.088542 0.163281
0 1.168490 0.619531 0.065104 0.120313
0 0.032031 0.651367 0.064062 0.194141
0 1.292969 0.565039 0.052604 0.042578
0 1.242708 0.562500 0.037500 0.028125
0 1.195052 0.572266 0.045312 0.024219
0 0.573438 0.600391 0.020833 0.019531
0 0.218750 0.641602 0.138542 0.213672
