0 0.035000 0.399167 0.020000 0.065000
0 0.071875 0.383333 0.013750 0.046667
0 0.171875 0.412500 0.031250 0.105000
0 0.301250 0.413333 0.032500 0.106667
0 0.318750 0.422500 0.035000 0.115000
0 0.335625 0.422500 0.036250 0.118333
0 0.345625 0.423333 0.036250 0.120000
0 0.381250 0.436667 0.032500 0.110000
0 0.395000 0.432500 0.032500 0.108333
0 0.408750 0.434167 0.032500 0.111667
0 0.433750 0.437500 0.037500 0.121667
0 0.538750 0.620000 0.185000 0.603333
0 0.808125 0.485833 0.081250 0.268333
0 0.780625 0.477500 0.076250 0.251667
0 0.761875 0.487500 0.068750 0.225000
0 0.714375 0.471667 0.066250 0.216667
0 0.661875 0.464167 0.061250 0.201667
0 0.616875 0.456667 0.058750 0.196667
0 0.966875 0.520000 0.066250 0.296667
0 0.973750 0.517500 0.052500 0.298333
0 0.951250 0.501667 0.097500 0.320000
0 0.910000 0.489167 0.090000 0.295000
0 0.882500 0.485833 0.087500 0.285000
0 0.842500 0.477500 0.087500 0.288333
0 0.689375 0.468333 0.063750 0.206667
0 0.852500 0.520833 0.065000 0.211667
0 0.228125 0.410833 0.186250 0.135000
0 0.386875 0.418333 0.136250 0.160000
0 0.490000 0.359167 0.065000 0.041667
0 0.613125 0.450833 0.078750 0.215000
0 0.066875 0.364167 0.121250 0.085000
