0 0.104167 0.618072 0.118333 0.416867
0 0.195000 0.627711 0.103333 0.373494
0 0.146667 0.490361 0.026667 0.098795
0 0.235000 0.637349 0.126667 0.450602
0 0.284167 0.603614 0.078333 0.277108
0 0.383333 0.520482 0.043333 0.159036
0 0.370000 0.502410 0.033333 0.118072
0 0.421667 0.606024 0.110000 0.387952
0 0.475833 0.553012 0.051667 0.185542
0 0.534167 0.598795 0.065000 0.233735
0 0.580833 0.601205 0.111667 0.397590
0 0.667500 0.583133 0.101667 0.361446
0 0.625833 0.609639 0.071667 0.260241
0 0.765000 0.583133 0.070000 0.245783
0 0.748333 0.548193 0.053333 0.190361
0 0.825000 0.572289 0.063333 0.228916
0 0.882500 0.527711 0.055000 0.197590
0 0.957500 0.586747 0.085000 0.315663
0 0.708333 0.459036 0.043333 0.089157
0 0.511667 0.484337 0.043333 0.081928
0 0.315000 0.451807 0.083333 0.098795
0 0.877500 0.420482 0.241667 0.089157
