0 0.092000 0.500000 0.136000 0.248000
0 0.241333 0.476000 0.104000 0.192000
0 0.317333 0.472000 0.090667 0.168000
0 0.116000 0.452000 0.066667 0.120000
0 0.185333 0.456000 0.061333 0.112000
0 0.465333 0.478000 0.098667 0.180000
0 0.432000 0.457000 0.074667 0.142000
0 0.558667 0.457000 0.061333 0.114000
0 0.520000 0.446000 0.042667 0.084000
0 0.626667 0.464000 0.074667 0.140000
0 0.657333 0.449000 0.050667 0.094000
0 0.706667 0.488000 0.096000 0.176000
0 0.801333 0.477000 0.088000 0.166000
0 0.952000 0.487000 0.080000 0.146000
0 1.033333 0.480000 0.109333 0.200000
0 0.926667 0.457000 0.061333 0.114000
0 0.877333 0.454000 0.053333 0.096000
0 0.840000 0.457000 0.064000 0.122000
0 0.777333 0.455000 0.056000 0.106000
0 0.736000 0.464000 0.053333 0.100000
0 1.096000 0.464000 0.069333 0.132000
0 1.153333 0.470000 0.066667 0.128000
0 1.217333 0.473000 0.066667 0.122000
0 1.269333 0.469000 0.074667 0.138000
0 1.312000 0.475000 0.042667 0.126000
0 1.181333 0.458000 0.042667 0.084000
0 1.116000 0.449000 0.050667 0.094000
0 1.196000 0.446000 0.045333 0.088000
0 0.372000 0.447000 0.056000 0.102000
0 0.264000 0.452000 0.053333 0.104000
0 0.242667 0.451000 0.053333 0.102000
0 0.414667 0.456000 0.066667 0.124000
0 0.529333 0.397000 0.120000 0.026000
