0 1.394309 0.376364 0.192412 0.403636
0 1.249322 0.432727 0.168022 0.276364
0 1.105691 0.490000 0.205962 0.343636
0 0.872629 0.487273 0.216802 0.356364
0 0.910569 0.266364 0.146341 0.241818
0 0.233062 0.510909 0.184282 0.305455
0 0.624661 0.410000 0.154472 0.256364
0 0.325203 0.456364 0.178862 0.294545
0 0.058266 0.236364 0.100271 0.170909
0 0.036585 0.344545 0.073171 0.147273
0 0.100271 0.554545 0.200542 0.221818
0 0.135501 0.390000 0.092141 0.183636
0 0.166667 0.217273 0.127371 0.147273
0 0.319783 0.221818 0.135501 0.109091
0 0.445799 0.214545 0.111111 0.134545
0 0.615176 0.225455 0.140921 0.130909
0 0.822493 0.230000 0.170732 0.165455
0 0.720867 0.335455 0.108401 0.121818
0 0.819783 0.326364 0.094851 0.074545
0 0.371274 0.324545 0.092141 0.103636
0 0.445799 0.323636 0.067751 0.083636
0 0.547425 0.326364 0.102981 0.100000
0 0.215447 0.305455 0.121951 0.094545
0 0.915989 0.242727 0.119241 0.190909
