0 0.051042 0.286160 0.075694 0.278876
0 0.121181 0.474506 0.077083 0.280957
0 0.098611 0.759105 0.077778 0.288241
0 0.207639 0.786681 0.076389 0.278876
0 0.262500 0.847555 0.079167 0.292404
0 0.397222 0.737253 0.070833 0.261186
0 0.563194 0.779396 0.070833 0.260146
0 0.692708 0.793965 0.078472 0.287201
0 0.480208 0.606660 0.071528 0.262227
0 0.074653 0.120187 0.063194 0.229969
0 0.114931 0.129553 0.046528 0.169615
0 0.176736 0.344953 0.054861 0.202914
0 0.545486 0.255983 0.045139 0.168574
0 0.693056 0.135796 0.055556 0.202914
0 0.725694 0.144641 0.051389 0.187305
0 0.505903 0.132154 0.046528 0.170656
0 0.568056 0.120708 0.065278 0.241415
0 0.835069 0.778876 0.075694 0.279917
0 0.904514 0.681061 0.084028 0.306972
0 0.897222 0.519251 0.070833 0.258065
0 0.972569 0.633715 0.054861 0.310094
0 0.933681 0.180541 0.072917 0.267430
0 0.766667 0.250780 0.069444 0.253902
0 0.662847 0.094173 0.043750 0.163371
0 0.640972 0.326743 0.054167 0.197711
0 0.716667 0.487513 0.076389 0.279917
0 0.237847 0.963059 0.059028 0.059313
0 0.428819 0.917274 0.089583 0.157128
0 0.570486 0.956816 0.065972 0.080125
0 0.257639 0.645682 0.056944 0.121748
0 0.209028 0.595734 0.034722 0.127992
0 0.340972 0.597294 0.044444 0.124870
0 0.111806 0.331426 0.059722 0.127992
0 0.119792 0.261186 0.040972 0.068678
0 0.179514 0.203954 0.052083 0.126951
0 0.160764 0.113424 0.056250 0.066597
0 0.206250 0.053070 0.038889 0.068678
0 0.232292 0.117066 0.038194 0.109261
0 0.243750 0.066597 0.018056 0.043704
0 0.289236 0.034860 0.028472 0.046826
0 0.303472 0.164932 0.045833 0.103018
0 0.372917 0.167014 0.055556 0.132154
0 0.240625 0.214360 0.024306 0.039542
0 0.231944 0.162331 0.027778 0.033299
0 0.265278 0.270552 0.034722 0.124870
0 0.312847 0.289802 0.047917 0.115505
0 0.393403 0.360562 0.061806 0.084287
0 0.266667 0.490635 0.050000 0.082206
0 0.308681 0.441727 0.032639 0.109261
0 0.353819 0.459938 0.060417 0.093652
0 0.426389 0.521332 0.048611 0.141519
0 0.281250 0.407908 0.020833 0.043704
0 0.471181 0.430801 0.057639 0.093652
0 0.462847 0.362643 0.053472 0.090531
0 0.545139 0.521852 0.077778 0.119667
0 0.568056 0.464100 0.052778 0.126951
0 0.512500 0.372008 0.045833 0.117586
0 0.606944 0.361082 0.047222 0.087409
0 0.707986 0.279917 0.064583 0.110302
0 0.726389 0.325702 0.037500 0.045786
0 0.674306 0.398543 0.043056 0.070760
0 0.675347 0.348075 0.046528 0.084287
0 0.757986 0.425598 0.031250 0.052029
0 0.779514 0.414672 0.025694 0.057232
0 0.781250 0.098855 0.038889 0.154006
0 0.841319 0.486472 0.049306 0.184183
0 0.825000 0.357440 0.055556 0.123829
0 0.811806 0.268470 0.058333 0.124870
0 0.528819 0.116025 0.035417 0.057232
0 0.520833 0.048907 0.031944 0.056191
0 0.438194 0.081686 0.048611 0.082206
0 0.457639 0.062435 0.023611 0.049948
0 0.433681 0.128512 0.027083 0.036420
0 0.475694 0.185744 0.050000 0.169615
0 0.515972 0.270552 0.040278 0.104058
0 0.764931 0.023413 0.025694 0.038502
0 0.644097 0.597815 0.047917 0.117586
0 0.624306 0.507284 0.037500 0.065557
0 0.872569 0.927680 0.068750 0.130073
0 0.749653 0.621228 0.046528 0.126951
0 0.797569 0.503122 0.035417 0.050989
0 0.811111 0.542664 0.030556 0.050989
0 0.831944 0.583767 0.037500 0.089490
0 0.654167 0.439646 0.029167 0.053070
0 0.685069 0.520291 0.042361 0.181061
0 0.381597 0.288241 0.043750 0.072841
0 0.439931 0.278356 0.056250 0.082206
0 0.350694 0.043184 0.061111 0.084287
0 0.412847 0.020812 0.035417 0.041623
0 0.223264 0.318418 0.025694 0.047867
0 0.247222 0.315817 0.027778 0.057232
0 0.310764 0.525494 0.032639 0.052029
0 0.279167 0.573881 0.043056 0.119667
0 0.573958 0.389178 0.057639 0.085328
