0 0.158088 0.351818 0.120098 0.220000
0 0.259804 0.348182 0.107843 0.201818
0 0.379902 0.341818 0.117647 0.214545
0 0.492647 0.349091 0.117647 0.214545
0 0.557598 0.342727 0.100490 0.187273
0 0.625000 0.349091 0.098039 0.178182
0 0.698529 0.335455 0.112745 0.209091
0 0.857843 0.354545 0.107843 0.196364
0 0.915441 0.352727 0.085784 0.160000
0 1.031863 0.350909 0.078431 0.141818
0 1.324755 0.365455 0.041667 0.076364
0 1.270833 0.362727 0.061275 0.074545
0 1.183824 0.355455 0.073529 0.067273
0 1.123775 0.352727 0.061275 0.061818
0 1.142157 0.339091 0.044118 0.038182
0 1.095588 0.347273 0.049020 0.050909
0 0.988971 0.353636 0.031863 0.045455
0 0.044118 0.304545 0.088235 0.103636
