0 0.089375 0.581614 0.046250 0.176360
0 0.115000 0.585366 0.047500 0.172608
0 0.136250 0.590056 0.050000 0.189493
0 0.168750 0.588180 0.050000 0.185741
0 0.206875 0.585366 0.048750 0.183865
0 0.230000 0.580675 0.057500 0.212008
0 0.322500 0.595685 0.055000 0.208255
0 0.374375 0.592871 0.056250 0.210131
0 0.940625 0.598499 0.058750 0.221388
0 0.919375 0.603189 0.058750 0.219512
0 0.873750 0.602251 0.057500 0.213884
0 0.835000 0.600375 0.057500 0.210131
0 0.795000 0.598499 0.057500 0.210131
0 0.751250 0.591932 0.055000 0.204503
0 0.536250 0.602251 0.062500 0.228893
0 0.248125 0.613508 0.016250 0.183865
0 0.315000 0.628518 0.050000 0.180113
0 0.281250 0.621951 0.037500 0.166979
0 0.440625 0.466229 0.071250 0.110694
0 0.413750 0.521576 0.042500 0.063790
0 0.402500 0.636961 0.112500 0.253283
0 0.493125 0.620075 0.098750 0.227017
0 0.568125 0.603189 0.081250 0.215760
0 0.660000 0.607880 0.080000 0.217636
0 0.735000 0.618199 0.072500 0.189493
