0 0.058594 0.548177 0.019531 0.062500
0 0.130859 0.588542 0.058594 0.190104
0 0.153320 0.617839 0.066406 0.214844
0 0.199219 0.624349 0.074219 0.243490
0 0.208984 0.594401 0.070312 0.230469
0 0.496094 0.583984 0.060547 0.201823
0 0.562012 0.608073 0.063477 0.205729
0 0.514160 0.572917 0.049805 0.166667
0 0.589355 0.561849 0.043945 0.141927
0 0.645020 0.573568 0.049805 0.162760
0 0.697266 0.592448 0.046875 0.153646
0 0.625488 0.552083 0.041992 0.140625
0 0.748047 0.561198 0.050781 0.164062
0 0.850586 0.559896 0.044922 0.145833
0 0.879395 0.564453 0.053711 0.175781
0 0.933105 0.557943 0.047852 0.157552
0 0.968750 0.554688 0.044922 0.151042
