0 0.934058 0.719565 0.131884 0.547826
0 0.792754 0.726087 0.142029 0.521739
0 0.615942 0.719565 0.150725 0.556522
0 0.531884 0.707609 0.156522 0.576087
0 0.393478 0.714130 0.149275 0.550000
0 0.271739 0.692391 0.152174 0.558696
0 0.218841 0.666304 0.142029 0.523913
0 0.166667 0.654348 0.142029 0.521739
0 0.097101 0.635870 0.136232 0.497826
0 0.036232 0.609783 0.072464 0.454348
0 0.057971 0.611957 0.115942 0.471739
0 0.702899 0.685870 0.159420 0.584783
0 0.648551 0.456522 0.047826 0.100000
0 0.865942 0.530435 0.079710 0.247826
0 0.293478 0.427174 0.042029 0.093478
0 0.186957 0.422826 0.043478 0.097826
