0 0.130208 0.576100 0.054784 0.200231
0 0.158758 0.532118 0.027392 0.101273
0 0.177373 0.539497 0.032215 0.118924
0 0.244599 0.549045 0.035108 0.128762
0 0.296296 0.694155 0.128086 0.468750
0 0.377025 0.566985 0.042245 0.155382
0 0.475694 0.646267 0.091049 0.333044
0 0.548322 0.580440 0.048418 0.177662
0 0.619792 0.618924 0.069444 0.254630
0 0.699267 0.593750 0.058256 0.213542
0 0.608410 0.402922 0.017747 0.065104
0 0.646316 0.400608 0.019483 0.071470
0 0.658565 0.404369 0.016975 0.062211
0 0.669946 0.407841 0.013889 0.051794
0 0.684799 0.397714 0.019676 0.072049
0 0.702064 0.392795 0.015625 0.057581
0 0.709973 0.403356 0.016397 0.060185
0 0.635127 0.410735 0.013696 0.050637
0 0.784626 0.394531 0.021026 0.076678
0 0.804880 0.400608 0.017554 0.065104
0 0.840567 0.394242 0.019869 0.072627
0 0.855613 0.399306 0.016782 0.062500
0 0.869406 0.385995 0.017747 0.065972
0 0.264564 0.529225 0.020640 0.085648
0 0.459298 0.508536 0.013889 0.033275
0 0.907504 0.367043 0.005594 0.014178
