0 0.033445 0.445578 0.046823 0.176871
0 0.070792 0.454932 0.056856 0.215986
0 0.123746 0.491497 0.073579 0.275510
0 0.194537 0.531463 0.090301 0.338435
0 0.318283 0.431122 0.050167 0.192177
0 0.392419 0.448129 0.062430 0.232993
0 0.513935 0.473639 0.071349 0.270408
0 0.636566 0.399660 0.037904 0.146259
0 0.705686 0.441327 0.057971 0.215986
0 0.745819 0.403912 0.042363 0.161565
0 0.848384 0.413265 0.046823 0.176871
0 0.951505 0.403061 0.036789 0.142857
0 0.159978 0.431122 0.036789 0.137755
0 0.145485 0.429422 0.041249 0.154762
0 0.376254 0.413265 0.032330 0.122449
0 0.413043 0.407313 0.032330 0.120748
0 0.450390 0.404762 0.031215 0.119048
0 0.574693 0.393707 0.030100 0.110544
0 0.560758 0.392007 0.028986 0.107143
0 0.546265 0.397109 0.026756 0.103741
0 0.602007 0.390306 0.026756 0.103741
0 0.585284 0.393707 0.026756 0.103741
0 0.612598 0.386054 0.030100 0.112245
0 0.648272 0.382653 0.027871 0.102041
0 0.661093 0.388605 0.024526 0.093537
0 0.049052 0.382653 0.015608 0.037415
0 0.182274 0.346088 0.018952 0.042517
0 0.195652 0.358844 0.018952 0.040816
0 0.300446 0.342687 0.021182 0.039116
0 0.335006 0.347789 0.023411 0.039116
0 0.362319 0.352041 0.015608 0.023810
0 0.418618 0.349490 0.014493 0.025510
0 0.434783 0.341837 0.013378 0.027211
0 0.469342 0.352891 0.017837 0.042517
0 0.493311 0.338435 0.014493 0.030612
0 0.533445 0.344388 0.014493 0.032313
0 0.627648 0.352041 0.017837 0.040816
0 0.677258 0.336735 0.034560 0.037415
0 0.792085 0.361395 0.076923 0.086735
0 0.897993 0.357143 0.074693 0.074830
0 0.976031 0.352891 0.041249 0.059524
