0 0.060579 0.566425 0.092224 0.301932
0 0.153707 0.571256 0.083183 0.277778
0 0.239602 0.571256 0.088608 0.292271
0 0.307414 0.568841 0.090416 0.292271
0 0.373418 0.562802 0.084991 0.275362
0 0.460217 0.554348 0.084991 0.282609
0 0.546112 0.553140 0.094033 0.304348
0 0.622966 0.547101 0.088608 0.292271
0 0.686257 0.537440 0.088608 0.287440
0 0.770344 0.545894 0.083183 0.275362
0 0.829114 0.525362 0.088608 0.292271
0 0.902351 0.541063 0.086799 0.285024
0 0.969259 0.532609 0.061483 0.263285
0 0.103074 0.531401 0.047016 0.154589
0 0.192586 0.535024 0.045208 0.147343
0 0.735986 0.507246 0.043400 0.091787
0 0.935805 0.514493 0.052441 0.106280
0 0.861664 0.513285 0.037975 0.123188
0 0.022604 0.545894 0.045208 0.115942
