0 1.002632 0.319298 0.036842 0.059649
0 1.042105 0.316667 0.036842 0.064912
0 1.094737 0.323684 0.042105 0.068421
0 1.126316 0.321930 0.042105 0.068421
0 1.171053 0.325439 0.047368 0.075439
0 1.225000 0.324561 0.050000 0.080702
0 1.282895 0.321053 0.044737 0.077193
0 1.313158 0.323684 0.052632 0.089474
0 1.360526 0.334211 0.057895 0.096491
0 1.406579 0.335088 0.055263 0.091228
0 1.463158 0.354386 0.073684 0.154386
0 1.243421 0.318421 0.034211 0.054386
0 1.338158 0.314912 0.034211 0.054386
0 1.077632 0.319298 0.039474 0.066667
0 1.410526 0.294737 0.068421 0.031579
