0 0.072727 0.582375 0.140260 0.509579
0 0.177273 0.545019 0.100000 0.365900
0 0.236364 0.551724 0.106494 0.383142
0 0.272727 0.542146 0.090909 0.325670
0 0.337662 0.517241 0.072727 0.264368
0 0.367532 0.511494 0.062338 0.229885
0 0.455195 0.483716 0.050649 0.185824
0 0.541558 0.494253 0.067532 0.241379
0 0.565584 0.528736 0.100000 0.363985
0 0.657792 0.518199 0.076623 0.273946
0 0.608442 0.493295 0.058442 0.212644
0 0.703896 0.467433 0.025974 0.095785
0 0.733117 0.475096 0.024675 0.088123
0 0.748052 0.462644 0.015584 0.063218
0 0.789610 0.468391 0.020779 0.078544
0 0.828571 0.461686 0.012987 0.053640
0 0.843506 0.461686 0.016883 0.061303
0 0.795455 0.462644 0.019481 0.074713
0 0.028571 0.587165 0.028571 0.542146
0 0.442857 0.413793 0.031169 0.053640
0 0.300000 0.429119 0.031169 0.065134
