0 0.032609 0.199728 0.065217 0.399457
0 0.057065 0.217391 0.088768 0.326087
0 0.088768 0.213315 0.086957 0.317935
0 0.124094 0.256793 0.063406 0.230978
0 0.200181 0.229620 0.085145 0.312500
0 0.230072 0.237772 0.072464 0.263587
0 0.261775 0.258152 0.059783 0.228261
0 0.278986 0.259511 0.057971 0.214674
0 0.311594 0.252717 0.065217 0.239130
0 0.350543 0.275815 0.048913 0.182065
0 0.374094 0.274457 0.045290 0.173913
0 0.405797 0.274457 0.054348 0.206522
0 0.442935 0.267663 0.063406 0.241848
0 0.481884 0.274457 0.061594 0.228261
0 0.513587 0.279891 0.059783 0.228261
0 0.554348 0.274457 0.061594 0.228261
0 0.585145 0.274457 0.068841 0.255435
0 0.608696 0.273098 0.068841 0.258152
0 0.637681 0.271739 0.076087 0.288043
0 0.686594 0.279891 0.072464 0.266304
0 0.746377 0.278533 0.076087 0.285326
0 0.339674 0.182065 0.016304 0.043478
0 0.393116 0.197011 0.025362 0.040761
0 0.459239 0.180707 0.019928 0.051630
