0 0.218213 0.359000 0.099656 0.142000
0 0.309278 0.395000 0.116838 0.170000
0 0.396907 0.398000 0.127148 0.184000
0 0.371134 0.392000 0.109966 0.160000
0 0.510309 0.379000 0.106529 0.158000
0 0.546392 0.368000 0.109966 0.156000
0 0.632302 0.369000 0.109966 0.158000
0 0.726804 0.367000 0.106529 0.154000
0 0.769759 0.398000 0.116838 0.168000
0 0.792096 0.372000 0.120275 0.172000
0 0.876289 0.376000 0.116838 0.168000
0 0.915808 0.400000 0.127148 0.184000
0 1.013746 0.385000 0.096220 0.142000
0 1.087629 0.403000 0.134021 0.194000
0 1.223368 0.370000 0.109966 0.160000
0 1.302405 0.364000 0.103093 0.148000
0 1.259450 0.367000 0.092784 0.138000
0 1.364261 0.370000 0.082474 0.124000
0 1.378007 0.348000 0.103093 0.152000
0 1.431271 0.394000 0.099656 0.140000
0 1.486254 0.364000 0.106529 0.152000
0 1.560137 0.356000 0.089347 0.128000
0 1.620275 0.363000 0.092784 0.138000
0 1.670103 0.343000 0.075601 0.106000
0 0.664948 0.361000 0.092784 0.138000
0 0.455326 0.351000 0.092784 0.134000
0 1.158076 0.357000 0.096220 0.142000
0 0.276632 0.315000 0.058419 0.030000
0 0.274914 0.294000 0.054983 0.020000
0 0.345361 0.308000 0.037801 0.024000
0 0.836770 0.311000 0.051546 0.026000
0 0.957045 0.309000 0.051546 0.030000
0 1.460481 0.323000 0.061856 0.046000
0 0.025773 0.350000 0.051546 0.048000
0 0.097938 0.321000 0.065292 0.066000
0 1.484536 0.280000 0.048110 0.028000
0 1.424399 0.289000 0.051546 0.026000
0 1.563574 0.283000 0.054983 0.026000
0 0.089347 0.290000 0.178694 0.064000
0 0.231959 0.278000 0.092784 0.044000
0 0.341924 0.275000 0.072165 0.034000
0 0.529210 0.273000 0.274914 0.030000
0 0.852234 0.281000 0.343643 0.042000
0 1.195876 0.274000 0.343643 0.036000
0 1.604811 0.273000 0.199313 0.054000
