0 0.271104 0.372490 0.061688 0.094378
0 0.376623 0.375502 0.266234 0.401606
0 0.512987 0.321285 0.129870 0.196787
0 0.696429 0.321285 0.165584 0.253012
0 0.857143 0.304217 0.116883 0.182731
0 0.926948 0.282129 0.087662 0.138554
0 1.076299 0.319277 0.126623 0.196787
0 1.131494 0.298193 0.100649 0.154618
0 1.347403 0.296185 0.084416 0.134538
0 1.457792 0.373494 0.233766 0.353414
0 1.581169 0.299197 0.071429 0.156627
0 0.261364 0.339357 0.133117 0.156627
0 0.425325 0.248996 0.077922 0.060241
0 1.352273 0.267068 0.087662 0.088353
