0 0.182200 0.757962 0.084400 0.329936
0 0.161800 0.757643 0.078000 0.305096
0 0.138000 0.759873 0.072800 0.284076
0 0.104400 0.753185 0.072800 0.282166
0 0.244400 0.753822 0.070400 0.275796
0 0.292800 0.760191 0.073600 0.285987
0 0.334800 0.754140 0.077600 0.303185
0 0.398400 0.752866 0.084800 0.331210
0 0.442400 0.751911 0.073600 0.285987
0 0.492200 0.747452 0.078000 0.302548
0 0.550200 0.755096 0.080400 0.314013
0 0.595200 0.757006 0.067200 0.263057
0 0.650400 0.753185 0.074400 0.289809
0 0.717400 0.748726 0.079600 0.311465
0 0.803800 0.754140 0.066000 0.258599
0 0.875000 0.751592 0.070000 0.271338
0 0.962400 0.749682 0.073600 0.285350
0 0.527200 0.631529 0.049600 0.079618
