0 0.586849 0.525000 0.146402 0.243333
0 0.502481 0.490833 0.111663 0.185000
0 0.707196 0.472500 0.109181 0.178333
0 0.633995 0.445833 0.086849 0.148333
0 0.351117 0.375000 0.042184 0.070000
0 0.403226 0.373333 0.032258 0.053333
0 0.532258 0.373333 0.022333 0.040000
0 0.498759 0.375000 0.029777 0.050000
0 0.569479 0.370000 0.027295 0.046667
0 0.645161 0.365000 0.024814 0.040000
0 0.614144 0.364167 0.032258 0.055000
0 0.682382 0.361667 0.024814 0.046667
0 0.722084 0.358333 0.024814 0.043333
0 0.753102 0.355833 0.022333 0.041667
0 0.795285 0.555000 0.136476 0.230000
0 0.831266 0.489167 0.124069 0.201667
0 0.942928 0.471667 0.109181 0.183333
0 0.880893 0.439167 0.094293 0.158333
0 0.796526 0.439167 0.084367 0.141667
0 1.038462 0.529167 0.171216 0.281667
0 1.107940 0.511667 0.136476 0.226667
0 1.209677 0.470833 0.131514 0.218333
0 1.133995 0.385833 0.054591 0.091667
0 1.158809 0.383333 0.054591 0.090000
0 1.019851 0.427500 0.089330 0.148333
0 0.971464 0.423333 0.081886 0.140000
0 1.181141 0.374167 0.049628 0.081667
0 1.250620 0.415000 0.094293 0.156667
0 1.229529 0.434167 0.111663 0.181667
0 1.266749 0.407500 0.086849 0.141667
0 1.440447 0.468333 0.096774 0.243333
0 1.289082 0.392500 0.071960 0.118333
0 1.301489 0.385000 0.071960 0.116667
0 1.322581 0.379167 0.064516 0.111667
0 1.336228 0.369167 0.066998 0.108333
0 0.147643 0.473333 0.091811 0.153333
0 0.240695 0.512500 0.129032 0.211667
0 0.244417 0.494167 0.116625 0.191667
0 0.054591 0.480000 0.089330 0.126667
0 0.038462 0.420000 0.047146 0.043333
0 0.098015 0.426667 0.057072 0.060000
0 0.249380 0.431667 0.052109 0.070000
0 0.099256 0.390000 0.024814 0.020000
0 0.117866 0.390000 0.017370 0.020000
0 1.291563 0.581667 0.280397 0.173333
0 1.372208 0.446667 0.133995 0.163333
0 1.390819 0.373333 0.071960 0.066667
0 1.456576 0.363333 0.044665 0.060000
0 1.102978 0.386667 0.076923 0.070000
0 0.945409 0.363333 0.069479 0.050000
0 1.001241 0.358333 0.042184 0.036667
0 1.426799 0.354167 0.104218 0.091667
0 1.106700 0.345833 0.267990 0.051667
