0 0.757377 0.619256 0.081967 0.266958
0 0.029508 0.501094 0.022951 0.083151
0 0.017213 0.494530 0.024590 0.087527
0 0.038525 0.490153 0.024590 0.087527
0 0.069672 0.490153 0.018033 0.065646
0 0.300820 0.541575 0.050820 0.164114
0 0.382787 0.542670 0.047541 0.157549
0 0.452459 0.544858 0.045902 0.148796
0 0.518852 0.543764 0.044262 0.142232
0 0.564754 0.547046 0.037705 0.126915
0 0.942623 0.568928 0.036066 0.122538
0 0.816393 0.553611 0.032787 0.109409
0 0.736885 0.542670 0.027869 0.091904
0 0.717213 0.532823 0.024590 0.080963
0 0.695902 0.532823 0.024590 0.085339
0 0.663934 0.533917 0.022951 0.083151
0 0.648361 0.538293 0.027869 0.096280
0 0.590984 0.509847 0.021311 0.070022
0 0.626230 0.508753 0.019672 0.067834
0 0.214754 0.525164 0.045902 0.148796
0 0.356557 0.521882 0.037705 0.129103
0 0.331967 0.522976 0.034426 0.118162
0 0.430328 0.528446 0.034426 0.120350
0 0.485246 0.529540 0.039344 0.126915
0 0.247541 0.518600 0.032787 0.113786
0 0.263934 0.519694 0.036066 0.124726
0 0.196721 0.514223 0.039344 0.126915
0 0.535246 0.519694 0.926230 0.203501
