0 0.185792 0.333636 0.185792 0.300000
0 0.510929 0.343636 0.180328 0.298182
0 0.806011 0.372727 0.174863 0.283636
0 1.154372 0.330909 0.177596 0.287273
0 1.049180 0.323636 0.158470 0.258182
0 0.972678 0.314545 0.136612 0.225455
0 0.691257 0.312727 0.125683 0.203636
0 0.644809 0.302727 0.114754 0.187273
0 0.609290 0.290000 0.109290 0.176364
0 0.405738 0.310000 0.122951 0.201818
0 1.454918 0.342727 0.095628 0.190909
0 1.322404 0.328182 0.103825 0.169091
0 1.263661 0.305455 0.106557 0.174545
0 0.890710 0.348182 0.158470 0.256364
0 0.740437 0.321818 0.136612 0.225455
0 0.471311 0.213636 0.046448 0.045455
0 0.419399 0.315455 0.084699 0.260000
0 0.721311 0.217273 0.021858 0.027273
0 0.326503 0.288182 0.106557 0.183636
0 1.243169 0.234545 0.502732 0.061818
