0 0.235507 0.426707 0.369565 0.753012
0 0.328502 0.306225 0.222222 0.451807
0 0.535024 0.306225 0.176329 0.359438
0 0.716184 0.276104 0.152174 0.311245
0 0.592995 0.280120 0.171498 0.351406
0 0.415459 0.274096 0.120773 0.246988
0 1.033816 0.295181 0.077295 0.156627
0 1.123188 0.240964 0.120773 0.244980
0 0.964976 0.250000 0.113527 0.234940
0 0.804348 0.216867 0.057971 0.120482
0 0.886473 0.216867 0.062802 0.128514
0 1.165459 0.258032 0.074879 0.251004
0 0.018116 0.178715 0.036232 0.048193
0 0.082126 0.122490 0.053140 0.080321
0 0.124396 0.125502 0.060386 0.078313
0 0.902174 0.413655 0.335749 0.349398
0 0.759662 0.167671 0.031401 0.042169
0 0.770531 0.166667 0.019324 0.024096
0 0.849034 0.192771 0.041063 0.064257
0 0.934783 0.195783 0.033816 0.066265
0 0.911836 0.168675 0.026570 0.028112
0 0.949275 0.198795 0.367150 0.108434
