0 0.363000 0.675227 0.118000 0.438066
0 0.500000 0.743202 0.108000 0.398792
0 0.915000 0.672205 0.074000 0.280967
0 0.208000 0.664653 0.076000 0.290030
0 0.061000 0.654079 0.078000 0.287009
0 0.758000 0.601208 0.064000 0.235650
0 0.844000 0.534743 0.044000 0.163142
0 0.874000 0.512085 0.036000 0.129909
0 0.949000 0.527190 0.034000 0.129909
0 0.592000 0.598187 0.052000 0.193353
0 0.575000 0.567976 0.050000 0.181269
0 0.706000 0.574018 0.044000 0.163142
0 0.628000 0.545317 0.048000 0.184290
0 0.150000 0.714502 0.088000 0.287009
0 0.127000 0.539275 0.066000 0.111782
0 0.330000 0.625378 0.048000 0.175227
0 0.427000 0.709970 0.074000 0.271903
0 0.663000 0.709970 0.082000 0.217523
0 0.639000 0.613293 0.098000 0.120846
0 0.766000 0.672205 0.092000 0.202417
0 0.899000 0.518127 0.050000 0.105740
0 0.938000 0.525680 0.044000 0.096677
0 0.701000 0.549849 0.058000 0.157100
0 0.739000 0.483384 0.046000 0.066465
0 0.452000 0.487915 0.668000 0.244713
0 0.893000 0.519637 0.202000 0.193353
