0 0.504839 0.400000 0.164516 0.257143
0 0.419355 0.304082 0.122581 0.191837
0 0.170968 0.301020 0.122581 0.193878
0 0.067742 0.295918 0.122581 0.187755
0 0.122581 0.183673 0.045161 0.077551
0 0.667742 0.222449 0.070968 0.110204
0 0.830645 0.291837 0.119355 0.187755
0 0.854839 0.268367 0.103226 0.161224
0 0.724194 0.205102 0.067742 0.112245
0 0.790323 0.198980 0.064516 0.104082
0 0.619355 0.202041 0.064516 0.102041
0 1.104839 0.303061 0.100000 0.153061
0 1.361290 0.309184 0.129032 0.197959
0 1.317742 0.313265 0.119355 0.189796
0 1.266129 0.240816 0.087097 0.134694
0 1.220968 0.225510 0.074194 0.120408
0 1.167742 0.200000 0.051613 0.081633
0 1.122581 0.200000 0.045161 0.073469
0 1.501613 0.226531 0.067742 0.110204
0 0.940323 0.217347 0.061290 0.095918
0 0.217742 0.207143 0.041935 0.038776
0 0.264516 0.186735 0.064516 0.071429
0 0.274194 0.227551 0.070968 0.059184
0 0.346774 0.240816 0.080645 0.073469
0 0.506452 0.251020 0.103226 0.146939
0 0.454839 0.217347 0.070968 0.087755
0 0.450000 0.164286 0.041935 0.038776
0 1.241935 0.479592 0.361290 0.212245
0 1.393548 0.453061 0.277419 0.261224
0 1.056452 0.236735 0.087097 0.114286
0 1.345161 0.200000 0.077419 0.069388
0 0.788710 0.180612 1.564516 0.144898
