0 1.282796 0.420000 0.156989 0.254286
0 0.796774 0.367143 0.096774 0.157143
0 0.916129 0.338571 0.060215 0.100000
0 0.636559 0.340000 0.068817 0.111429
0 0.738710 0.344286 0.062366 0.102857
0 0.511828 0.342857 0.073118 0.122857
0 0.553763 0.332857 0.066667 0.111429
0 0.387097 0.345000 0.077419 0.130000
0 0.401075 0.326429 0.062366 0.104286
0 0.315054 0.325000 0.066667 0.107143
0 0.223656 0.341429 0.086022 0.142857
0 0.116129 0.325714 0.094624 0.154286
0 0.774194 0.315714 0.073118 0.117143
0 0.862366 0.335714 0.055914 0.094286
