0 0.481333 0.341000 0.072000 0.134000
0 0.566667 0.342000 0.077333 0.144000
0 0.522667 0.367000 0.048000 0.094000
0 0.550667 0.372000 0.045333 0.088000
0 0.782667 0.347000 0.093333 0.178000
0 0.865333 0.343000 0.066667 0.126000
0 1.156000 0.346000 0.066667 0.128000
0 1.088000 0.328000 0.117333 0.216000
0 0.960000 0.342000 0.101333 0.192000
0 1.228000 0.346000 0.056000 0.108000
0 0.716000 0.344000 0.098667 0.180000
0 0.136000 0.371000 0.069333 0.094000
0 0.245333 0.406000 0.117333 0.156000
0 0.404000 0.513000 0.178667 0.182000
0 0.556000 0.459000 0.098667 0.118000
0 0.700000 0.424000 0.194667 0.188000
0 0.989333 0.448000 0.176000 0.260000
0 1.172000 0.518000 0.200000 0.200000
0 1.288000 0.438000 0.074667 0.108000
0 0.660000 0.306000 0.050667 0.088000
0 0.617333 0.303000 0.034667 0.070000
0 0.404000 0.368000 0.146667 0.100000
0 1.254667 0.316000 0.146667 0.116000
