0 0.729333 0.487000 0.088000 0.166000
0 0.794667 0.476000 0.074667 0.144000
0 0.885333 0.480000 0.069333 0.128000
0 0.978667 0.489000 0.080000 0.146000
0 1.045333 0.485000 0.074667 0.142000
0 1.090667 0.480000 0.069333 0.132000
0 1.124000 0.477000 0.066667 0.122000
0 0.841333 0.472000 0.066667 0.124000
0 0.709333 0.482000 0.080000 0.152000
0 0.658667 0.473000 0.069333 0.130000
0 0.565333 0.476000 0.069333 0.132000
0 0.493333 0.478000 0.074667 0.144000
0 0.421333 0.471000 0.069333 0.134000
0 0.340000 0.463000 0.066667 0.122000
0 0.277333 0.476000 0.069333 0.132000
0 0.176000 0.469000 0.069333 0.134000
0 0.126667 0.466000 0.066667 0.124000
0 0.225333 0.529000 0.109333 0.034000
0 0.394667 0.541000 0.144000 0.030000
0 0.597333 0.549000 0.197333 0.038000
0 0.878667 0.578000 0.253333 0.036000
0 0.862667 0.535000 0.226667 0.022000
0 1.150667 0.554000 0.306667 0.064000
