0 0.617969 0.651054 0.167187 0.613583
0 0.459375 0.587822 0.137500 0.510539
0 0.380469 0.560890 0.126562 0.466042
0 0.292969 0.531616 0.114062 0.416862
0 0.193750 0.507026 0.096875 0.362998
0 0.149219 0.495316 0.089063 0.330211
0 0.105469 0.484778 0.073438 0.276347
0 0.039844 0.478923 0.070312 0.259953
0 0.862500 0.619438 0.146875 0.536300
0 0.828125 0.540984 0.121875 0.449649
0 0.659375 0.574941 0.131250 0.484778
0 0.555469 0.549180 0.114062 0.419204
0 0.232813 0.482436 0.068750 0.252927
0 0.728125 0.507026 0.090625 0.330211
0 0.690625 0.537471 0.096875 0.362998
0 0.768750 0.468384 0.078125 0.285714
0 0.944531 0.647541 0.104688 0.601874
0 0.342187 0.380562 0.028125 0.091335
0 0.810156 0.310304 0.051562 0.138173
0 0.052344 0.348946 0.092188 0.056206
0 0.536719 0.360656 0.139063 0.117096
