0 0.974699 0.411854 0.166265 0.255319
0 1.163855 0.402736 0.110843 0.176292
0 1.221687 0.393617 0.115663 0.182371
0 1.431325 0.430091 0.154217 0.237082
0 1.518072 0.397416 0.130120 0.205167
0 1.325301 0.383739 0.086747 0.135258
0 1.375904 0.360182 0.067470 0.109422
0 0.218072 0.443009 0.204819 0.317629
0 0.765060 0.447568 0.195181 0.302432
0 0.653012 0.412614 0.139759 0.214286
0 0.572289 0.397416 0.103614 0.159574
0 0.281928 0.409574 0.130120 0.199088
0 0.079518 0.391337 0.110843 0.171733
0 1.078313 0.372340 0.098795 0.155015
0 0.872289 0.376140 0.072289 0.117021
0 0.133735 0.303191 0.204819 0.053191
0 0.501205 0.326748 0.226506 0.048632
0 0.807229 0.325228 0.265060 0.030395
0 1.172289 0.327508 0.330120 0.041033
