0 0.998124 0.389375 0.172608 0.283750
0 1.185741 0.385625 0.153846 0.253750
0 1.397749 0.380625 0.142589 0.231250
0 0.256098 0.347500 0.114447 0.190000
0 0.829268 0.325625 0.082552 0.138750
0 0.869606 0.355000 0.091932 0.150000
0 0.920263 0.386250 0.073171 0.120000
0 1.076923 0.368125 0.093809 0.156250
0 1.277674 0.354375 0.093809 0.151250
0 0.363039 0.334375 0.095685 0.158750
0 0.302064 0.334375 0.078799 0.128750
0 0.523452 0.353750 0.071295 0.115000
0 0.590994 0.338125 0.097561 0.158750
0 0.628518 0.344375 0.090056 0.146250
0 1.454034 0.370000 0.093809 0.170000
0 0.738274 0.449375 0.328330 0.426250
0 0.466229 0.313125 0.069418 0.086250
0 0.407129 0.308750 0.026266 0.075000
0 0.321764 0.278125 0.046904 0.036250
0 1.184803 0.289375 0.621013 0.086250
