0 1.096529 0.421739 0.097614 0.162319
0 1.344902 0.471014 0.099783 0.165217
0 1.061822 0.400725 0.084599 0.140580
0 0.989154 0.403623 0.086768 0.140580
0 0.912148 0.407971 0.084599 0.137681
0 0.806941 0.410145 0.082430 0.133333
0 0.728850 0.411594 0.082430 0.136232
0 0.640998 0.394203 0.084599 0.142029
0 0.958785 0.389130 0.082430 0.134783
0 0.847072 0.361594 0.075922 0.126087
0 0.687636 0.371739 0.078091 0.128986
0 0.505423 0.376812 0.082430 0.133333
0 0.426247 0.356522 0.080260 0.136232
0 0.353579 0.336957 0.082430 0.134783
0 0.281996 0.318116 0.073753 0.120290
0 0.198482 0.304348 0.071584 0.121739
0 0.144252 0.288406 0.071584 0.115942
0 0.093275 0.276087 0.078091 0.128986
0 0.067245 0.256522 0.078091 0.130435
0 1.093275 0.289855 0.065076 0.107246
0 1.300434 0.334783 0.071584 0.115942
0 1.395879 0.353623 0.080260 0.130435
0 1.030369 0.278261 0.065076 0.107246
0 0.989154 0.267391 0.060738 0.100000
0 0.946855 0.252899 0.058568 0.100000
0 0.917570 0.240580 0.060738 0.101449
0 0.886117 0.229710 0.058568 0.097101
0 0.966377 0.144928 0.049892 0.084058
0 1.003254 0.140580 0.049892 0.084058
0 1.036876 0.137681 0.047722 0.078261
0 1.069414 0.132609 0.047722 0.076812
0 1.108460 0.126087 0.047722 0.078261
0 1.146421 0.127536 0.045553 0.075362
0 1.204989 0.118841 0.049892 0.081159
0 1.260304 0.113768 0.043384 0.073913
0 1.311280 0.113768 0.045553 0.079710
0 1.365510 0.107971 0.049892 0.082609
0 1.427332 0.113768 0.043384 0.073913
0 1.477223 0.105797 0.039046 0.072464
0 1.370933 0.036232 0.043384 0.069565
0 1.424078 0.036232 0.041215 0.066667
0 1.483731 0.034058 0.026030 0.053623
0 0.392625 0.134783 0.056399 0.095652
0 0.446855 0.103623 0.043384 0.073913
0 0.478308 0.098551 0.041215 0.069565
0 0.600868 0.370290 0.082430 0.137681
0 0.579176 0.326812 0.073753 0.123188
0 0.530369 0.355797 0.075922 0.126087
0 0.875271 0.388406 0.080260 0.130435
0 0.774403 0.371739 0.078091 0.128986
0 0.697397 0.347826 0.071584 0.121739
0 0.754881 0.350725 0.082430 0.139130
0 0.530369 0.107971 0.058568 0.100000
0 0.293926 0.045652 0.045553 0.079710
0 0.154013 0.207971 0.017354 0.015942
0 0.193059 0.218116 0.026030 0.027536
0 0.227766 0.228986 0.030369 0.023188
0 0.240781 0.202899 0.026030 0.026087
0 0.281996 0.245652 0.043384 0.024638
0 0.819957 0.339855 0.052061 0.030435
0 0.673536 0.287681 0.032538 0.042029
0 0.619306 0.300000 0.036876 0.034783
0 0.597614 0.258696 0.045553 0.024638
0 0.524946 0.260145 0.043384 0.030435
0 0.452278 0.245652 0.028200 0.027536
0 0.478308 0.239855 0.036876 0.027536
0 0.428416 0.263768 0.045553 0.023188
0 0.363341 0.249275 0.049892 0.028986
0 0.390456 0.234783 0.039046 0.026087
0 0.400217 0.212319 0.045553 0.024638
0 0.443601 0.223188 0.032538 0.017391
0 0.306941 0.201449 0.032538 0.014493
0 0.328633 0.219565 0.032538 0.018841
0 0.309111 0.231884 0.036876 0.023188
0 0.271150 0.218116 0.039046 0.027536
0 0.286334 0.044203 0.208243 0.056522
0 0.716920 0.070290 0.566161 0.082609
0 1.318872 0.021739 0.082430 0.037681
0 0.848156 0.015217 0.234273 0.030435
