0 0.817152 0.290000 0.229773 0.352000
0 0.572816 0.295000 0.207120 0.314000
0 1.273463 0.249000 0.216828 0.334000
0 0.402913 0.323000 0.216828 0.334000
0 1.368932 0.252000 0.194175 0.300000
0 1.451456 0.299000 0.249191 0.374000
0 0.855987 0.371000 0.216828 0.326000
0 1.121359 0.238000 0.210356 0.324000
0 0.190939 0.317000 0.135922 0.154000
0 0.435275 0.397000 0.320388 0.194000
0 0.131068 0.562000 0.126214 0.092000
0 0.729773 0.521000 0.139159 0.082000
0 1.017799 0.523000 0.216828 0.166000
0 1.088997 0.470000 0.093851 0.072000
0 1.250809 0.526000 0.210356 0.160000
0 1.427184 0.511000 0.148867 0.182000
0 1.558252 0.240000 0.080906 0.172000
0 1.501618 0.155000 0.077670 0.106000
0 1.380259 0.091000 0.080906 0.050000
0 1.318770 0.070000 0.061489 0.056000
0 1.258900 0.028000 0.058252 0.040000
0 0.941748 0.225000 0.122977 0.174000
0 0.902913 0.120000 0.116505 0.052000
0 0.949838 0.081000 0.074434 0.050000
0 0.812298 0.096000 0.058252 0.060000
0 0.728155 0.132000 0.064725 0.072000
0 0.613269 0.176000 0.113269 0.144000
0 0.480583 0.153000 0.074434 0.078000
0 0.401294 0.139000 0.090615 0.086000
0 0.270227 0.171000 0.119741 0.126000
0 0.145631 0.103000 0.058252 0.074000
0 0.063107 0.171000 0.074434 0.070000
0 0.145631 0.212000 0.084142 0.044000
0 0.088997 0.020000 0.067961 0.040000
0 0.161812 0.025000 0.064725 0.046000
0 0.258900 0.069000 0.110032 0.070000
0 0.252427 0.014000 0.058252 0.028000
0 0.389968 0.052000 0.132686 0.092000
0 0.493528 0.059000 0.061489 0.046000
0 0.967638 0.368000 0.174757 0.100000
