0 0.110870 0.708897 0.134783 0.442940
0 0.081159 0.673114 0.136232 0.444874
0 0.036957 0.659574 0.073913 0.328820
0 0.308696 0.644101 0.194203 0.638298
0 0.415942 0.693424 0.162319 0.535783
0 0.616667 0.706963 0.146377 0.477756
0 0.769565 0.691489 0.165217 0.539652
0 0.891304 0.699226 0.124638 0.408124
0 0.960870 0.660542 0.078261 0.350097
0 0.694928 0.640232 0.059420 0.197292
0 0.509420 0.636364 0.094203 0.305609
0 0.573913 0.658607 0.089855 0.295938
0 0.198551 0.606383 0.069565 0.230174
0 0.166667 0.617021 0.057971 0.193424
0 0.544203 0.622824 0.056522 0.185687
0 0.725362 0.617988 0.065217 0.210832
0 0.068116 0.500000 0.037681 0.040619
0 0.218841 0.529014 0.034783 0.059961
0 0.505797 0.521277 0.023188 0.036750
0 0.677536 0.555126 0.027536 0.042553
