0 0.636013 0.112335 0.016520 0.057269
0 0.650330 0.109398 0.016520 0.054332
0 0.666850 0.108664 0.016520 0.055800
0 0.688326 0.108664 0.015419 0.049927
0 0.911344 0.551395 0.034141 0.110132
0 0.898678 0.555066 0.033040 0.108664
0 0.879956 0.552129 0.030837 0.102790
0 0.859031 0.554332 0.035242 0.116006
0 0.840308 0.553598 0.030837 0.102790
0 0.820485 0.550661 0.035242 0.117474
0 0.797357 0.549192 0.037445 0.120411
0 0.775330 0.555800 0.026432 0.086637
0 0.751101 0.544787 0.033040 0.111601
0 0.724670 0.541116 0.030837 0.104258
0 0.694934 0.528634 0.035242 0.117474
0 0.666850 0.518355 0.029736 0.099853
0 0.647026 0.515419 0.031938 0.108664
0 0.619493 0.511747 0.031938 0.107195
0 0.582048 0.509545 0.031938 0.102790
0 0.539097 0.521292 0.031938 0.102790
0 0.496145 0.526432 0.031938 0.104258
0 0.464207 0.535242 0.029736 0.101322
0 0.443833 0.546990 0.024229 0.080764
0 0.404736 0.535242 0.031938 0.104258
0 0.359031 0.552129 0.026432 0.091043
0 0.333150 0.559471 0.027533 0.091043
0 0.296256 0.566079 0.035242 0.116006
0 0.265969 0.577827 0.023128 0.074890
0 0.250000 0.571953 0.022026 0.074890
0 0.225220 0.566814 0.023128 0.076358
0 0.028634 0.494860 0.041850 0.135095
0 0.327643 0.458884 0.023128 0.074890
0 0.305617 0.453010 0.023128 0.074890
0 0.263216 0.479442 0.019824 0.063142
0 0.238987 0.472100 0.024229 0.080764
0 0.216410 0.469897 0.020925 0.067548
0 0.223568 0.473568 0.019824 0.066079
0 0.367291 0.396476 0.020925 0.070485
0 0.399780 0.453010 0.017621 0.057269
0 0.135463 0.571219 0.066079 0.108664
0 0.161894 0.531571 0.028634 0.079295
0 0.027533 0.559471 0.050661 0.120411
0 0.421256 0.469163 0.020925 0.042584
0 0.449339 0.461087 0.028634 0.055800
0 0.444934 0.427313 0.024229 0.032305
0 0.433921 0.440529 0.026432 0.044053
0 0.414097 0.416300 0.026432 0.039648
0 0.389868 0.420705 0.026432 0.042584
0 0.348568 0.383260 0.016520 0.041116
0 0.331498 0.381791 0.019824 0.038179
0 0.355727 0.480910 0.024229 0.045521
0 0.342511 0.466226 0.017621 0.039648
0 0.293502 0.480176 0.027533 0.046990
0 0.193833 0.541850 0.039648 0.105727
0 0.116189 0.454479 0.027533 0.039648
0 0.084251 0.459618 0.020925 0.038179
0 0.057269 0.486050 0.022026 0.041116
0 0.013216 0.456681 0.024229 0.070485
0 0.180066 0.450808 0.025330 0.052863
0 0.145374 0.450073 0.022026 0.033774
0 0.051762 0.433921 0.044053 0.063142
0 0.120595 0.510279 0.038546 0.048458
0 0.316079 0.109398 0.614537 0.080764
0 0.786894 0.097651 0.172907 0.060206
