0 0.933333 0.535806 0.120000 0.452685
0 0.858333 0.538363 0.113333 0.432225
0 0.780000 0.524297 0.113333 0.429668
0 0.742500 0.531969 0.108333 0.414322
0 0.690833 0.529412 0.115000 0.429668
0 0.608333 0.539642 0.106667 0.404092
0 0.469167 0.517903 0.111667 0.421995
0 0.257500 0.500000 0.098333 0.370844
0 0.188333 0.517903 0.100000 0.375959
0 0.160000 0.520460 0.086667 0.324808
0 0.117500 0.520460 0.081667 0.314578
0 0.064167 0.505115 0.078333 0.299233
0 0.027500 0.590793 0.041667 0.204604
0 0.058333 0.659847 0.046667 0.255754
0 0.130833 0.667519 0.055000 0.286445
0 0.197500 0.606138 0.061667 0.184143
0 0.234167 0.664962 0.055000 0.342711
0 0.314167 0.673913 0.071667 0.294118
0 0.394167 0.687980 0.078333 0.373402
0 0.352500 0.511509 0.051667 0.086957
0 0.571667 0.598465 0.090000 0.352941
0 0.644167 0.625320 0.085000 0.258312
0 0.834167 0.384910 0.048333 0.140665
