0 0.925000 0.832941 0.046875 0.178824
0 0.861719 0.820000 0.045312 0.167059
0 0.803906 0.832941 0.045312 0.164706
0 0.703906 0.808235 0.048438 0.176471
0 0.632031 0.765882 0.042188 0.152941
0 0.577344 0.852941 0.048438 0.185882
0 0.484375 0.856471 0.046875 0.178824
0 0.471875 0.815294 0.046875 0.171765
0 0.371875 0.830588 0.053125 0.197647
0 0.320312 0.818824 0.050000 0.188235
0 0.288281 0.842353 0.042188 0.160000
0 0.239844 0.836471 0.048438 0.181176
0 0.185156 0.838824 0.042188 0.162353
0 0.103125 0.855294 0.050000 0.185882
0 0.014844 0.701176 0.029687 0.117647
0 0.030469 0.703529 0.026562 0.103529
0 0.071875 0.701176 0.025000 0.098824
0 0.101562 0.703529 0.028125 0.103529
0 0.139063 0.694118 0.028125 0.103529
0 0.182812 0.694118 0.025000 0.098824
0 0.155469 0.700000 0.029687 0.110588
0 0.198437 0.691765 0.025000 0.098824
0 0.214062 0.694118 0.028125 0.103529
0 0.228906 0.684706 0.023438 0.089412
0 0.242969 0.689412 0.026562 0.098824
0 0.259375 0.689412 0.025000 0.094118
0 0.275781 0.692941 0.026562 0.105882
0 0.304688 0.692941 0.028125 0.101176
0 0.338281 0.691765 0.029687 0.108235
0 0.378906 0.696471 0.029687 0.108235
0 0.604688 0.682353 0.031250 0.112941
0 0.645312 0.682353 0.031250 0.112941
0 0.695312 0.690588 0.028125 0.110588
0 0.738281 0.684706 0.029687 0.108235
0 0.782813 0.683529 0.028125 0.110588
0 0.817187 0.684706 0.031250 0.112941
0 0.876563 0.675294 0.031250 0.112941
0 0.865625 0.678824 0.031250 0.115294
0 0.915625 0.681176 0.031250 0.115294
0 0.944531 0.680000 0.029687 0.108235
0 0.974219 0.677647 0.029687 0.117647
0 0.173437 0.912941 0.046875 0.127059
0 0.239844 0.912941 0.045312 0.117647
0 0.294531 0.905882 0.045312 0.117647
0 0.364063 0.894118 0.028125 0.122353
0 0.745313 0.903529 0.040625 0.141176
0 0.798438 0.896471 0.040625 0.145882
0 0.856250 0.890588 0.037500 0.115294
0 0.447656 0.568235 0.048438 0.044706
0 0.548438 0.576471 0.056250 0.103529
0 0.793750 0.620000 0.400000 0.072941
0 0.622656 0.575294 0.029687 0.044706
0 0.669531 0.574118 0.017188 0.028235
0 0.717187 0.576471 0.031250 0.037647
0 0.765625 0.582353 0.025000 0.040000
0 0.814063 0.587059 0.021875 0.063529
0 0.853906 0.570588 0.023438 0.035294
0 0.904687 0.574118 0.021875 0.042353
0 0.942187 0.571765 0.025000 0.042353
0 0.216406 0.629412 0.432812 0.025882
0 0.048438 0.588235 0.025000 0.051765
0 0.095312 0.594118 0.021875 0.040000
0 0.140625 0.591765 0.015625 0.044706
0 0.196094 0.596471 0.026562 0.049412
0 0.239063 0.591765 0.015625 0.044706
0 0.284375 0.588235 0.028125 0.037647
0 0.335938 0.587059 0.018750 0.035294
0 0.382812 0.588235 0.025000 0.042353
0 0.359375 0.609412 0.187500 0.042353
