0 0.032500 0.893750 0.045000 0.167500
0 0.104167 0.890000 0.055000 0.210000
0 0.537500 0.832500 0.028333 0.105000
0 0.613333 0.805000 0.016667 0.070000
0 0.638333 0.806250 0.020000 0.072500
0 0.660833 0.810000 0.018333 0.070000
0 0.682500 0.815000 0.025000 0.090000
0 0.669167 0.818750 0.015000 0.062500
0 0.721667 0.836250 0.030000 0.112500
0 0.745000 0.830000 0.023333 0.095000
0 0.775833 0.832500 0.028333 0.105000
0 0.760833 0.812500 0.018333 0.065000
0 0.898333 0.855000 0.026667 0.105000
0 0.910833 0.860000 0.031667 0.115000
0 0.971667 0.848750 0.023333 0.092500
0 0.508333 0.823750 0.020000 0.082500
0 0.695833 0.806250 0.018333 0.067500
0 0.982500 0.825000 0.018333 0.070000
0 0.291667 0.790000 0.053333 0.040000
0 0.138333 0.778750 0.053333 0.052500
0 0.023333 0.792500 0.040000 0.060000
