0 0.951333 0.522202 0.033333 0.113677
0 0.938667 0.504440 0.032000 0.103020
0 0.934000 0.482238 0.030667 0.104796
0 0.906000 0.492895 0.036000 0.115453
0 0.880000 0.497336 0.032000 0.110124
0 0.867333 0.495560 0.025333 0.081705
0 0.839333 0.493783 0.028000 0.095915
0 0.807333 0.492007 0.030667 0.099467
0 0.772000 0.487567 0.026667 0.090586
0 0.750667 0.486679 0.032000 0.103020
0 0.738667 0.473357 0.026667 0.090586
0 0.710000 0.468917 0.025333 0.085258
0 0.681333 0.457371 0.026667 0.087034
0 0.634667 0.433393 0.026667 0.092362
0 0.575333 0.408526 0.028000 0.092362
0 0.537333 0.383659 0.032000 0.103020
0 0.506667 0.379218 0.026667 0.087034
0 0.472000 0.376554 0.024000 0.078153
0 0.456000 0.379218 0.024000 0.083481
0 0.260000 0.375666 0.029333 0.094139
0 0.197333 0.341030 0.021333 0.071048
0 0.083333 0.401421 0.025333 0.081705
0 0.118667 0.316163 0.024000 0.078153
0 0.134000 0.314387 0.020000 0.071048
0 0.147333 0.308171 0.020000 0.069272
0 0.198000 0.288632 0.012000 0.044405
0 0.219333 0.277975 0.017333 0.062167
0 0.240000 0.280639 0.018667 0.063943
0 0.258667 0.285080 0.018667 0.062167
0 0.273333 0.285080 0.016000 0.058615
0 0.289333 0.281528 0.021333 0.069272
0 0.314000 0.288632 0.017333 0.055062
0 0.333333 0.284192 0.013333 0.042629
0 0.354000 0.284192 0.012000 0.039076
0 0.365333 0.285968 0.013333 0.046181
0 0.372667 0.276199 0.012000 0.044405
0 0.432000 0.283304 0.016000 0.051510
0 0.452000 0.280639 0.013333 0.049734
0 0.460667 0.285968 0.012000 0.042629
0 0.478000 0.298401 0.017333 0.056838
0 0.500000 0.301066 0.010667 0.040853
0 0.518667 0.288632 0.013333 0.044405
0 0.513333 0.269094 0.010667 0.040853
0 0.988000 0.396092 0.024000 0.088810
0 0.554000 0.261101 0.012000 0.024867
0 0.536000 0.264654 0.018667 0.039076
0 0.608667 0.076377 0.540000 0.106572
0 0.226667 0.192718 0.104000 0.087034
0 0.068667 0.293961 0.081333 0.087034
