0 0.796667 0.388500 0.222667 0.407000
0 0.043333 0.118000 0.086667 0.230000
0 0.115333 0.066000 0.070667 0.132000
0 0.224667 0.127000 0.070667 0.132000
0 0.392667 0.095000 0.097333 0.178000
0 1.033333 0.129000 0.138667 0.256000
0 1.287333 0.092000 0.092000 0.182000
0 0.517333 0.068000 0.056000 0.106000
0 0.548667 0.064500 0.062667 0.115000
0 0.678000 0.073000 0.054667 0.102000
0 0.780000 0.074000 0.050667 0.094000
0 0.886667 0.070500 0.077333 0.141000
0 0.850000 0.072500 0.070667 0.133000
0 0.638000 0.069500 0.057333 0.105000
0 0.304667 0.074000 0.062667 0.114000
0 0.359333 0.075500 0.054667 0.103000
0 0.246000 0.082000 0.086667 0.160000
0 0.329333 0.064000 0.066667 0.122000
0 1.232667 0.098000 0.065333 0.112000
0 0.766000 0.014500 0.046667 0.027000
0 0.610667 0.062000 0.061333 0.106000
0 0.480667 0.066500 0.038667 0.095000
