0 0.084906 0.354693 0.132075 0.214801
0 0.206199 0.359206 0.126685 0.212996
0 0.359838 0.368231 0.137466 0.223827
0 0.328841 0.365523 0.129380 0.214801
0 0.462264 0.361913 0.121294 0.200361
0 0.506739 0.367329 0.134771 0.218412
0 0.583558 0.357401 0.132075 0.220217
0 0.663073 0.364621 0.123989 0.209386
0 0.710243 0.358303 0.132075 0.214801
0 0.840970 0.360108 0.145553 0.240072
0 0.812668 0.362816 0.115903 0.194946
0 0.933962 0.360108 0.126685 0.207581
0 1.004043 0.365523 0.142857 0.232852
0 1.035040 0.366426 0.129380 0.212996
0 1.129380 0.364621 0.113208 0.191336
0 1.229111 0.358303 0.129380 0.214801
0 0.137466 0.579422 0.247978 0.083032
0 0.628032 0.558664 0.425876 0.106498
0 1.238544 0.554152 0.439353 0.126354
