0 0.219072 0.369828 0.170103 0.277586
0 0.770619 0.361207 0.278351 0.456897
0 0.988402 0.389655 0.250000 0.410345
0 1.105670 0.336207 0.190722 0.313793
0 0.027062 0.311207 0.054124 0.132759
0 0.117268 0.312069 0.095361 0.155172
0 0.293814 0.313793 0.082474 0.134483
0 0.318299 0.315517 0.074742 0.127586
0 0.338918 0.318103 0.069588 0.118966
0 0.385309 0.322414 0.074742 0.120690
0 0.413660 0.311207 0.079897 0.136207
0 0.447165 0.306897 0.085052 0.137931
0 0.471649 0.309483 0.082474 0.136207
0 0.501289 0.306034 0.079897 0.132759
0 0.539948 0.311207 0.074742 0.125862
0 0.600515 0.315517 0.092784 0.151724
0 1.208763 0.292241 0.072165 0.122414
0 1.256443 0.295690 0.069588 0.115517
0 1.301546 0.293966 0.072165 0.122414
0 1.337629 0.293103 0.072165 0.120690
0 1.396907 0.289655 0.077320 0.127586
0 1.443299 0.289655 0.072165 0.124138
0 1.470361 0.287931 0.048969 0.124138
0 0.043814 0.350862 0.067010 0.063793
0 0.136598 0.239655 0.025773 0.027586
0 0.230670 0.246552 0.023196 0.024138
0 0.261598 0.251724 0.038660 0.020690
0 0.380155 0.252586 0.033505 0.015517
0 0.479381 0.244828 0.020619 0.020690
0 1.393041 0.219828 0.023196 0.008621
0 1.423969 0.213793 0.028351 0.010345
0 1.478093 0.216379 0.023196 0.018966
