0 0.046667 0.266875 0.093333 0.223750
0 0.077500 0.249375 0.111667 0.208750
0 0.115833 0.228125 0.115000 0.211250
0 0.193333 0.266250 0.120000 0.220000
0 0.221667 0.233750 0.096667 0.177500
0 0.514167 0.225625 0.098333 0.181250
0 0.648333 0.230625 0.100000 0.186250
0 0.601667 0.233125 0.093333 0.173750
0 0.730000 0.247500 0.106667 0.197500
0 0.910000 0.259375 0.126667 0.233750
0 0.997500 0.285625 0.118333 0.216250
0 1.100833 0.321875 0.148333 0.271250
0 1.220000 0.348750 0.146667 0.270000
0 0.449167 0.213125 0.101667 0.186250
0 0.297500 0.114375 0.001667 0.006250
0 0.384167 0.520625 0.178333 0.218750
0 0.603333 0.576250 0.163333 0.220000
0 0.749167 0.570000 0.188333 0.222500
0 0.735833 0.443750 0.098333 0.107500
0 0.600833 0.405000 0.108333 0.120000
0 1.003333 0.553750 0.106667 0.185000
0 1.270833 0.538125 0.125000 0.198750
0 1.232500 0.624375 0.125000 0.193750
0 1.174167 0.475625 0.085000 0.111250
0 1.215833 0.395000 0.081667 0.047500
0 1.034167 0.410000 0.128333 0.132500
0 0.945000 0.439375 0.106667 0.143750
0 0.855833 0.356875 0.071667 0.156250
0 0.918333 0.336250 0.040000 0.067500
0 0.650000 0.318750 0.086667 0.125000
0 0.572500 0.292500 0.068333 0.090000
0 0.112500 0.535000 0.195000 0.217500
0 0.293333 0.103125 0.573333 0.071250
0 1.002500 0.157500 0.625000 0.102500
