0 1.073563 0.371552 0.174713 0.322414
0 0.416092 0.396552 0.156322 0.289655
0 0.482759 0.368103 0.142529 0.260345
0 0.571264 0.364655 0.135632 0.246552
0 0.385057 0.363793 0.163218 0.300000
0 1.136782 0.376724 0.144828 0.263793
0 1.208046 0.408621 0.163218 0.300000
0 0.028736 0.401724 0.052874 0.279310
0 0.722989 0.346552 0.103448 0.331034
0 0.325287 0.349138 0.071264 0.087931
0 0.958621 0.319828 0.022989 0.070690
0 0.847126 0.330172 0.048276 0.118966
0 0.910345 0.339655 0.050575 0.055172
0 1.300000 0.346552 0.043678 0.213793
