0 0.421053 0.365000 0.273684 0.423333
0 0.221053 0.303333 0.200000 0.313333
0 0.118421 0.261667 0.163158 0.250000
0 0.055263 0.236667 0.110526 0.200000
0 0.513158 0.213333 0.121053 0.186667
0 0.936842 0.268333 0.200000 0.310000
0 1.228947 0.323333 0.226316 0.360000
0 1.171053 0.223333 0.152632 0.233333
0 1.465789 0.251667 0.184211 0.296667
0 1.528947 0.205000 0.100000 0.236667
0 1.089474 0.178333 0.094737 0.150000
0 0.831579 0.161667 0.073684 0.123333
0 0.771053 0.196667 0.100000 0.166667
0 0.421053 0.210000 0.105263 0.166667
0 1.321053 0.178333 0.105263 0.170000
0 0.652632 0.150000 0.084211 0.066667
0 0.734211 0.115000 0.047368 0.050000
0 0.965789 0.126667 0.057895 0.060000
0 0.592105 0.118333 0.047368 0.030000
0 0.544737 0.133333 0.047368 0.040000
0 0.336842 0.141667 0.073684 0.043333
0 0.273684 0.173333 0.052632 0.100000
0 0.357895 0.493333 0.252632 0.113333
0 0.515789 0.590000 0.252632 0.073333
0 1.121053 0.431667 0.242105 0.130000
0 1.489474 0.515000 0.157895 0.116667
0 1.371053 0.346667 0.173684 0.093333
0 1.086842 0.305000 0.121053 0.083333
0 0.281579 0.118333 0.552632 0.056667
