0 0.225000 0.663355 0.138235 0.509934
0 0.353676 0.598234 0.107353 0.392936
0 0.497794 0.660044 0.177941 0.653422
0 0.680882 0.641280 0.132353 0.483444
0 0.572794 0.613687 0.104412 0.388521
0 0.796324 0.584989 0.083824 0.309051
0 0.850000 0.581678 0.085294 0.320088
0 0.911029 0.613687 0.104412 0.384106
0 0.314706 0.568433 0.088235 0.324503
0 0.115441 0.598234 0.107353 0.392936
0 0.060294 0.639073 0.120588 0.452539
0 0.033824 0.405077 0.026471 0.055188
0 0.078676 0.389625 0.027941 0.037528
0 0.113971 0.375276 0.025000 0.052980
0 0.183088 0.378587 0.033824 0.059603
0 0.213971 0.392936 0.022059 0.044150
0 0.565441 0.412804 0.036765 0.057395
0 0.732353 0.451435 0.017647 0.094923
0 0.770588 0.462472 0.035294 0.134658
0 0.812500 0.443709 0.030882 0.079470
0 0.985294 0.449227 0.023529 0.081678
0 0.327206 0.379691 0.227941 0.097130
