0 0.499107 0.596515 0.080357 0.292225
0 0.439286 0.553619 0.067857 0.249330
0 0.556250 0.552279 0.066071 0.241287
0 0.825893 0.583110 0.073214 0.276139
0 0.764286 0.549598 0.067857 0.257373
0 0.800000 0.536193 0.071429 0.262735
0 0.946429 0.788204 0.107143 0.396783
0 0.384821 0.782842 0.108929 0.402145
0 0.101786 0.564343 0.064286 0.243968
0 0.058036 0.478552 0.048214 0.174263
0 0.301786 0.532172 0.064286 0.233244
0 0.325000 0.561662 0.064286 0.238606
0 0.711607 0.495979 0.048214 0.176944
0 0.691964 0.533512 0.066071 0.246649
0 0.896429 0.530831 0.075000 0.278820
0 0.975000 0.513405 0.050000 0.227882
0 0.761607 0.355228 0.037500 0.147453
0 0.594643 0.356568 0.032143 0.117962
0 0.119643 0.631367 0.067857 0.136729
0 0.194643 0.808311 0.067857 0.163539
0 0.133036 0.902145 0.080357 0.126005
0 0.274107 0.788204 0.101786 0.348525
0 0.199107 0.588472 0.030357 0.190349
0 0.166071 0.512064 0.032143 0.091153
0 0.125893 0.442359 0.023214 0.064343
0 0.026786 0.528150 0.028571 0.160858
0 0.096429 0.764075 0.078571 0.155496
0 0.579464 0.694370 0.073214 0.182306
0 0.633929 0.651475 0.067857 0.166220
0 0.637500 0.860590 0.075000 0.166220
0 0.601786 0.936997 0.078571 0.109920
0 0.745536 0.843164 0.091071 0.286863
0 0.863393 0.808311 0.083929 0.302949
0 0.932143 0.518767 0.050000 0.136729
0 0.927679 0.398123 0.033929 0.088472
0 0.817857 0.415550 0.025000 0.058981
0 0.860714 0.438338 0.057143 0.077748
0 0.799107 0.380697 0.026786 0.053619
0 0.718750 0.390080 0.037500 0.050938
0 0.677679 0.399464 0.019643 0.053619
0 0.647321 0.402145 0.019643 0.037534
0 0.652679 0.479893 0.037500 0.123324
0 0.625000 0.522788 0.064286 0.107239
0 0.613393 0.416890 0.037500 0.045576
0 0.625000 0.379357 0.025000 0.040214
0 0.540179 0.424933 0.033929 0.034853
0 0.578571 0.438338 0.021429 0.040214
0 0.574107 0.341823 0.030357 0.034853
0 0.553571 0.309651 0.014286 0.013405
0 0.506250 0.403485 0.026786 0.040214
0 0.488393 0.428954 0.037500 0.064343
0 0.430357 0.394102 0.021429 0.042895
0 0.360714 0.411528 0.028571 0.050938
0 0.336607 0.407507 0.023214 0.042895
0 0.288393 0.415550 0.023214 0.053619
0 0.250893 0.430295 0.041071 0.109920
0 0.205357 0.412869 0.021429 0.053619
0 0.195536 0.449062 0.023214 0.040214
0 0.407143 0.427614 0.032143 0.061662
0 0.396429 0.544236 0.032143 0.080429
0 0.373214 0.483914 0.039286 0.050938
0 0.627679 0.317694 0.012500 0.045576
0 0.649107 0.336461 0.026786 0.050938
0 0.716071 0.327078 0.025000 0.064343
0 0.795536 0.320375 0.026786 0.056300
0 0.823214 0.320375 0.021429 0.093834
0 0.855357 0.340483 0.021429 0.080429
0 0.878571 0.320375 0.032143 0.109920
0 0.921429 0.320375 0.025000 0.083110
0 0.958036 0.343164 0.026786 0.117962
0 0.987500 0.323056 0.014286 0.077748
