0 0.800714 0.743562 0.061429 0.225322
0 0.760000 0.732833 0.062857 0.238197
0 0.732143 0.731760 0.064286 0.236052
0 0.688571 0.731760 0.065714 0.240343
0 0.633571 0.739270 0.061429 0.229614
0 0.612857 0.725322 0.062857 0.236052
0 0.574286 0.741416 0.062857 0.229614
0 0.525714 0.726395 0.068571 0.255365
0 0.466429 0.737124 0.064286 0.238197
0 0.091429 0.856223 0.108571 0.244635
0 0.027857 0.746781 0.044286 0.090129
0 0.278571 0.837983 0.077143 0.195279
0 0.358571 0.819742 0.085714 0.158798
0 0.427143 0.894850 0.091429 0.081545
0 0.442143 0.962446 0.115714 0.062232
0 0.521429 0.884120 0.102857 0.128755
0 0.412857 0.766094 0.094286 0.128755
0 0.760000 0.933476 0.117143 0.120172
0 0.666429 0.939914 0.084286 0.111588
0 0.876429 0.660944 0.055714 0.111588
0 0.944286 0.680258 0.037143 0.072961
0 0.978571 0.672747 0.037143 0.100858
0 0.427143 0.664163 0.040000 0.075107
0 0.400714 0.629828 0.030000 0.036481
0 0.308571 0.649142 0.034286 0.057940
0 0.110714 0.687768 0.047143 0.057940
0 0.130714 0.616953 0.261429 0.160944
0 0.388571 0.586910 0.245714 0.070815
0 0.682143 0.587983 0.275714 0.068670
