0 0.148000 0.557057 0.108000 0.405405
0 0.227000 0.530030 0.110000 0.411411
0 0.306000 0.522523 0.112000 0.420420
0 0.393000 0.524024 0.110000 0.411411
0 0.475000 0.537538 0.106000 0.396396
0 0.571000 0.524024 0.106000 0.393393
0 0.649000 0.537538 0.106000 0.390390
0 0.730000 0.546547 0.104000 0.390390
0 0.802000 0.563063 0.100000 0.375375
0 0.862000 0.435435 0.028000 0.108108
0 0.885000 0.442943 0.030000 0.111111
0 0.145000 0.650150 0.094000 0.285285
0 0.254000 0.677177 0.056000 0.315315
0 0.346000 0.666667 0.080000 0.294294
0 0.438000 0.666667 0.064000 0.336336
0 0.521000 0.671171 0.082000 0.315315
0 0.603000 0.657658 0.094000 0.294294
0 0.675000 0.669670 0.054000 0.318318
0 0.768000 0.674174 0.092000 0.285285
0 0.853000 0.689189 0.078000 0.303303
0 0.765000 0.354354 0.050000 0.102102
0 0.696000 0.355856 0.040000 0.123123
0 0.650000 0.324324 0.044000 0.090090
0 0.593000 0.346847 0.042000 0.111111
0 0.520000 0.336336 0.052000 0.120120
0 0.435000 0.333333 0.030000 0.162162
0 0.358000 0.339339 0.040000 0.126126
0 0.262000 0.316817 0.036000 0.129129
