0 0.104113 0.438793 0.161954 0.267241
0 0.331620 0.422414 0.169666 0.275862
0 0.482005 0.416379 0.172237 0.281034
0 0.620823 0.428448 0.167095 0.274138
0 0.754499 0.415517 0.172237 0.282759
0 0.876607 0.424138 0.154242 0.251724
0 0.998715 0.425862 0.167095 0.275862
0 1.128535 0.432759 0.154242 0.251724
0 1.395887 0.440517 0.164524 0.274138
0 0.568123 0.416379 0.149100 0.246552
0 0.417738 0.417241 0.136247 0.227586
0 0.381748 0.312931 0.038560 0.050000
0 0.695373 0.315517 0.038560 0.062069
0 0.832905 0.310345 0.041131 0.037931
0 1.118252 0.322414 0.221080 0.068966
