0 0.682401 0.691903 0.097100 0.372240
0 0.734997 0.678233 0.076871 0.294427
0 0.068780 0.627760 0.032367 0.092534
0 0.110924 0.645636 0.042481 0.111462
0 0.209036 0.627234 0.025624 0.083070
0 0.182401 0.569401 0.022252 0.055731
0 0.247134 0.570452 0.016858 0.036803
0 0.286918 0.604101 0.020904 0.041009
0 0.311194 0.608307 0.028995 0.051525
0 0.434592 0.629338 0.028995 0.055731
0 0.400539 0.615142 0.026972 0.039958
0 0.460890 0.604627 0.019555 0.042061
0 0.479096 0.609359 0.023601 0.036803
0 0.533041 0.643533 0.026298 0.050473
0 0.572151 0.634595 0.020904 0.043113
0 0.625421 0.625657 0.026298 0.033649
0 0.609238 0.594111 0.016858 0.023134
0 0.551247 0.604101 0.015509 0.022082
0 0.352326 0.606730 0.024949 0.042061
0 0.568780 0.594637 0.016858 0.026288
0 0.594403 0.598843 0.010115 0.022082
0 0.635536 0.583070 0.012812 0.036803
