0 0.765455 0.638298 0.109091 0.345154
0 0.630000 0.634752 0.114545 0.366430
0 0.561818 0.644208 0.098182 0.319149
0 0.480909 0.644208 0.100000 0.319149
0 0.377273 0.651300 0.096364 0.309693
0 0.300909 0.650118 0.100000 0.316785
0 0.063636 0.708038 0.127273 0.460993
0 0.845455 0.527187 0.021818 0.070922
0 0.832727 0.528369 0.018182 0.063830
0 0.870909 0.529551 0.018182 0.061466
0 0.967273 0.505910 0.014545 0.052009
0 0.935455 0.505910 0.012727 0.042553
0 0.408182 0.547281 0.027273 0.092199
0 0.433636 0.553191 0.027273 0.089835
0 0.269091 0.554374 0.025455 0.087470
0 0.914545 0.490544 0.010909 0.035461
