0 1.773352 0.333333 0.217033 0.278261
0 1.531593 0.317391 0.173077 0.223188
0 1.443681 0.302174 0.151099 0.198551
0 1.403846 0.290580 0.153846 0.198551
0 1.361264 0.289130 0.145604 0.186957
0 1.310440 0.285507 0.126374 0.162319
0 1.241758 0.282609 0.120879 0.156522
0 1.039835 0.291304 0.112637 0.144928
0 0.870879 0.282609 0.120879 0.156522
0 0.752747 0.282609 0.104396 0.136232
0 0.692308 0.278261 0.115385 0.147826
0 0.561813 0.275362 0.118132 0.150725
0 0.436813 0.284783 0.115385 0.149275
0 0.333791 0.292029 0.123626 0.160870
0 0.244505 0.295652 0.131868 0.171014
0 0.173077 0.301449 0.137363 0.179710
0 0.083791 0.311594 0.145604 0.188406
