0 0.845283 0.552857 0.237736 0.888571
0 0.677358 0.407143 0.101887 0.385714
0 0.606604 0.368571 0.084906 0.320000
0 0.266981 0.315714 0.077358 0.294286
0 0.329245 0.325714 0.069811 0.268571
0 0.207547 0.320000 0.098113 0.365714
0 0.386792 0.324286 0.075472 0.282857
0 0.122642 0.348571 0.101887 0.377143
0 0.079245 0.308571 0.086792 0.331429
0 0.160377 0.185714 0.033962 0.062857
0 0.428302 0.227143 0.052830 0.065714
0 0.590566 0.237143 0.033962 0.051429
0 0.964151 0.200000 0.060377 0.148571
0 0.811321 0.272857 0.105660 0.128571
0 0.464151 0.275714 0.056604 0.071429
0 0.200943 0.428571 0.103774 0.154286
0 0.250943 0.504286 0.090566 0.128571
0 0.513208 0.698571 0.101887 0.197143
0 0.453774 0.531429 0.088679 0.108571
0 0.385849 0.422857 0.062264 0.097143
0 0.718868 0.607143 0.075472 0.128571
0 0.657547 0.557143 0.073585 0.097143
0 0.568868 0.458571 0.054717 0.094286
