0 0.425876 0.565455 0.113208 0.185455
0 0.561995 0.574545 0.088949 0.152727
0 0.486523 0.475455 0.083558 0.143636
0 0.354447 0.490000 0.088949 0.150909
0 0.285714 0.477273 0.075472 0.125455
0 0.138814 0.471818 0.078167 0.132727
0 0.734501 0.472727 0.083558 0.138182
0 0.929919 0.465455 0.080863 0.134545
0 1.068733 0.438182 0.078167 0.127273
0 1.222372 0.450000 0.072776 0.125455
0 1.301887 0.421818 0.070081 0.120000
0 1.163073 0.149091 0.013477 0.025455
0 1.177898 0.148182 0.016173 0.027273
0 1.187332 0.194545 0.029650 0.050909
0 1.212938 0.175455 0.021563 0.038182
0 1.167116 0.197273 0.026954 0.045455
0 1.153639 0.212727 0.032345 0.054545
0 1.138814 0.211818 0.024259 0.045455
0 1.115903 0.204545 0.021563 0.038182
0 0.247978 0.439091 0.070081 0.121818
0 0.181941 0.421818 0.072776 0.120000
0 0.977089 0.298182 0.051213 0.083636
0 0.987871 0.283636 0.045822 0.080000
0 1.033693 0.288182 0.045822 0.081818
0 1.066038 0.260909 0.040431 0.067273
0 1.033693 0.240909 0.035040 0.060000
0 1.010782 0.223636 0.032345 0.058182
0 0.928571 0.275455 0.045822 0.074545
0 0.894879 0.269091 0.037736 0.069091
0 0.863881 0.281818 0.045822 0.080000
0 0.812668 0.278182 0.045822 0.080000
0 0.583558 0.334545 0.035040 0.061818
0 0.547170 0.335455 0.032345 0.060000
0 0.514825 0.345455 0.037736 0.065455
0 0.467655 0.354545 0.051213 0.083636
0 0.691375 0.302727 0.029650 0.052727
0 0.712938 0.297273 0.024259 0.041818
0 0.995957 0.206364 0.029650 0.049091
0 0.320755 0.366364 0.070081 0.114545
0 0.384097 0.352727 0.051213 0.090909
0 0.752022 0.283636 0.026954 0.050909
0 0.452830 0.225455 0.026954 0.047273
0 0.477089 0.226364 0.026954 0.045455
0 0.308625 0.084545 0.024259 0.027273
0 0.331536 0.095455 0.016173 0.020000
0 0.349057 0.101818 0.018868 0.018182
0 0.933962 0.210909 0.045822 0.040000
0 1.029650 0.171818 0.021563 0.030909
0 1.335580 0.325455 0.035040 0.021818
0 1.308625 0.314545 0.029650 0.014545
0 1.300539 0.296364 0.029650 0.014545
0 1.234501 0.242727 0.026954 0.020000
0 0.687332 0.252727 0.296496 0.130909
0 1.154987 0.160909 0.272237 0.100000
