0 0.508475 0.421875 0.173258 0.283750
0 0.625235 0.385625 0.128060 0.208750
0 0.825800 0.402500 0.148776 0.242500
0 1.116761 0.447500 0.210923 0.342500
0 1.038606 0.414375 0.186441 0.303750
0 1.468927 0.395625 0.075330 0.203750
0 1.416196 0.384375 0.109228 0.176250
0 1.370056 0.383750 0.096045 0.160000
0 1.294727 0.380000 0.092279 0.152500
0 1.239171 0.373750 0.086629 0.142500
0 1.196798 0.388750 0.141243 0.230000
0 0.326742 0.413125 0.160075 0.261250
0 0.204331 0.397500 0.133710 0.220000
0 0.127119 0.378125 0.099812 0.166250
0 0.043315 0.395000 0.086629 0.190000
0 0.701507 0.365000 0.077213 0.127500
0 0.752354 0.345625 0.077213 0.126250
0 0.932203 0.368750 0.086629 0.142500
0 0.869115 0.370000 0.114878 0.185000
0 0.455744 0.388750 0.150659 0.245000
0 0.055556 0.292500 0.050847 0.062500
0 0.161959 0.301250 0.037665 0.052500
0 0.251412 0.298125 0.054614 0.063750
0 0.411488 0.295000 0.058380 0.047500
0 0.566855 0.305000 0.037665 0.040000
0 0.201507 0.248750 0.060264 0.025000
