0 0.088831 0.397762 0.075810 0.123843
0 0.159288 0.443576 0.088252 0.143711
0 0.218895 0.444637 0.085359 0.138889
0 0.307581 0.402681 0.078704 0.128279
0 0.362269 0.389275 0.077546 0.126157
0 0.455295 0.403646 0.073785 0.120563
0 0.518084 0.399691 0.077836 0.126543
0 0.572338 0.385610 0.075231 0.122299
0 0.630642 0.385320 0.074942 0.121721
0 0.713397 0.376254 0.085359 0.139468
0 0.823495 0.384549 0.072338 0.117863
0 0.907118 0.380305 0.076968 0.125193
0 0.861834 0.361304 0.069155 0.112654
0 1.099682 0.360243 0.067998 0.110918
0 1.195168 0.350405 0.077257 0.126350
0 1.296441 0.352816 0.073785 0.120370
0 1.332610 0.370853 0.084201 0.137153
0 1.433449 0.361015 0.063079 0.102816
0 0.197772 0.395158 0.067998 0.110918
0 0.434028 0.384452 0.075231 0.123071
0 0.478877 0.381269 0.068287 0.110918
0 0.531395 0.350598 0.070891 0.115934
0 0.617332 0.358218 0.066840 0.108796
0 0.783709 0.349826 0.067419 0.110147
0 0.981337 0.362558 0.057002 0.092785
0 0.792969 0.428627 0.067998 0.110725
0 0.983507 0.430941 0.078704 0.128086
0 1.039207 0.428723 0.080729 0.131752
0 1.370804 0.417921 0.084201 0.137153
0 1.470775 0.397569 0.058449 0.122685
0 1.133247 0.400463 0.076100 0.124228
0 1.169850 0.437404 0.072917 0.119020
0 1.248119 0.399016 0.081308 0.132137
0 0.011863 0.346740 0.022569 0.068866
0 0.061198 0.353877 0.048322 0.056520
0 0.180556 0.313657 0.054977 0.035108
0 0.228154 0.337770 0.048900 0.051698
0 0.164786 0.349923 0.035012 0.034336
0 0.269965 0.478684 0.059028 0.069637
0 0.342014 0.327643 0.047454 0.043789
0 0.770689 0.437404 0.077257 0.072724
0 1.490885 0.326003 0.015336 0.062500
0 0.983507 0.321470 0.072338 0.051505
