0 0.115833 0.388333 0.175000 0.287778
0 0.185000 0.447222 0.156667 0.254444
0 0.234167 0.392778 0.165000 0.272222
0 0.295000 0.442778 0.153333 0.252222
0 0.311667 0.394444 0.186667 0.306667
0 0.520833 0.423333 0.158333 0.257778
0 0.620000 0.418333 0.156667 0.254444
0 0.727500 0.424444 0.155000 0.253333
0 0.815833 0.416667 0.151667 0.248889
0 0.913333 0.423333 0.150000 0.244444
0 1.003333 0.411667 0.146667 0.241111
0 1.148333 0.389444 0.176667 0.287778
0 1.230833 0.391111 0.178333 0.291111
0 1.239167 0.432222 0.168333 0.273333
0 1.348333 0.410000 0.210000 0.344444
0 0.370833 0.511111 0.108333 0.166667
0 1.144167 0.500556 0.151667 0.172222
0 1.107500 0.367222 0.091667 0.072222
0 0.399167 0.365556 0.071667 0.088889
0 0.414167 0.258333 0.098333 0.081111
0 0.505000 0.247778 0.076667 0.064444
0 0.587500 0.267778 0.065000 0.044444
0 0.693333 0.269444 0.076667 0.081111
0 0.769167 0.267222 0.065000 0.061111
0 0.811667 0.231667 0.056667 0.050000
0 0.859167 0.268333 0.041667 0.050000
0 0.944167 0.252778 0.061667 0.054444
0 1.005833 0.261111 0.048333 0.048889
0 1.080000 0.258333 0.053333 0.061111
