0 0.403636 0.510870 0.130909 0.483696
0 0.530000 0.422554 0.172727 0.633152
0 0.411818 0.312500 0.067273 0.255435
0 0.474545 0.355978 0.050909 0.190217
0 0.596364 0.244565 0.069091 0.250000
0 0.651818 0.240489 0.060000 0.225543
0 0.798182 0.298913 0.047273 0.173913
0 0.823636 0.245924 0.050909 0.187500
0 0.865455 0.243207 0.058182 0.220109
0 0.927273 0.233696 0.061818 0.233696
0 0.886364 0.452446 0.129091 0.470109
0 0.700000 0.302989 0.036364 0.138587
0 0.710000 0.152174 0.078182 0.086957
0 0.450909 0.194293 0.036364 0.111413
0 0.411818 0.163043 0.049091 0.059783
