0 0.077994 0.312963 0.128134 0.214815
0 0.197772 0.393519 0.222841 0.361111
0 0.381616 0.405556 0.300836 0.492593
0 0.487465 0.349074 0.189415 0.312963
0 0.616992 0.375926 0.286908 0.470370
0 0.727019 0.368519 0.228412 0.374074
0 0.901114 0.355556 0.175487 0.285185
0 1.012535 0.404630 0.286908 0.472222
0 0.931755 0.353704 0.153203 0.255556
0 1.179666 0.371296 0.231198 0.379630
0 1.295265 0.337963 0.111421 0.179630
0 1.302228 0.354630 0.114206 0.187037
0 1.373259 0.339815 0.094708 0.157407
0 1.395543 0.406481 0.194986 0.320370
0 1.395543 0.392593 0.217270 0.525926
