0 0.060556 0.070000 0.027778 0.106667
0 0.037222 0.116667 0.027778 0.103333
0 0.272778 0.114167 0.025556 0.095000
0 0.589444 0.080833 0.027778 0.105000
0 0.038333 0.857500 0.045556 0.171667
0 0.282222 0.880000 0.035556 0.130000
0 0.472778 0.858333 0.045556 0.166667
0 0.513333 0.815000 0.044444 0.166667
0 0.564444 0.820833 0.046667 0.171667
0 0.602222 0.855833 0.044444 0.168333
0 0.779444 0.853333 0.050000 0.183333
0 0.849444 0.864167 0.043333 0.161667
0 0.919444 0.864167 0.038889 0.141667
0 0.956667 0.865000 0.040000 0.150000
0 0.190556 0.098333 0.372222 0.193333
0 0.187222 0.818333 0.058889 0.176667
0 0.226111 0.791667 0.074444 0.213333
0 0.355000 0.907500 0.043333 0.075000
0 0.442778 0.915000 0.052222 0.060000
0 0.530556 0.668333 0.021111 0.050000
0 0.546667 0.636667 0.033333 0.073333
0 0.538333 0.527500 0.056667 0.165000
0 0.535556 0.396667 0.260000 0.063333
0 0.830000 0.390000 0.264444 0.063333
0 0.862778 0.560833 0.103333 0.231667
0 0.860556 0.727500 0.041111 0.078333
0 0.921667 0.739167 0.036667 0.041667
0 0.835556 0.900833 0.035556 0.088333
0 0.213333 0.510833 0.028889 0.068333
0 0.198889 0.611667 0.042222 0.076667
0 0.241667 0.443333 0.045556 0.080000
0 0.280000 0.411667 0.046667 0.086667
0 0.167778 0.390000 0.026667 0.070000
0 0.686111 0.082500 0.614444 0.155000
0 0.399444 0.168333 0.030000 0.033333
0 0.811667 0.035000 0.025556 0.063333
0 0.834444 0.047500 0.022222 0.068333
0 0.823333 0.131667 0.026667 0.040000
0 0.933889 0.046667 0.025556 0.086667
0 0.927222 0.103333 0.016667 0.043333
0 0.877222 0.056667 0.016667 0.046667
0 0.676667 0.073333 0.022222 0.046667
0 0.717778 0.047500 0.035556 0.061667
0 0.717778 0.105000 0.020000 0.053333
0 0.530556 0.142500 0.018889 0.045000
0 0.531667 0.050000 0.023333 0.030000
0 0.475000 0.100833 0.030000 0.061667
0 0.323333 0.087500 0.024444 0.098333
0 0.306667 0.017500 0.046667 0.028333
0 0.265556 0.055000 0.035556 0.086667
0 0.157778 0.140000 0.035556 0.050000
0 0.099444 0.149167 0.036667 0.075000
0 0.123889 0.071667 0.063333 0.030000
0 0.013333 0.044167 0.022222 0.078333
0 0.423333 0.068333 0.022222 0.066667
