0 0.233077 0.689938 0.118462 0.390144
0 0.533846 0.675565 0.107692 0.349076
0 0.791538 0.677618 0.106154 0.344969
0 0.473077 0.627310 0.075385 0.252567
0 0.388462 0.582136 0.060000 0.195072
0 0.034615 0.619097 0.069231 0.268994
0 0.091538 0.599589 0.066154 0.221766
0 0.158462 0.558522 0.052308 0.172485
0 0.273077 0.592402 0.066154 0.219713
0 0.410769 0.574949 0.052308 0.176591
0 0.496154 0.550308 0.041538 0.139630
0 0.580769 0.585216 0.056923 0.188912
0 0.712308 0.586242 0.058462 0.190965
0 0.893077 0.586242 0.053846 0.174538
0 0.829231 0.573922 0.046154 0.158111
0 0.613846 0.510267 0.024615 0.051335
0 0.657692 0.517454 0.038462 0.082136
0 0.286154 0.509240 0.033846 0.069815
0 0.801538 0.507187 0.116923 0.090349
0 0.088462 0.507187 0.170769 0.119097
