0 0.844375 0.739212 0.138750 0.514071
0 0.637500 0.753283 0.127500 0.467167
0 0.495000 0.690432 0.105000 0.382739
0 0.943125 0.519700 0.113750 0.435272
0 0.878125 0.532833 0.103750 0.386492
0 0.837500 0.527205 0.110000 0.401501
0 0.574375 0.531895 0.111250 0.407129
0 0.521875 0.536585 0.101250 0.375235
0 0.155000 0.555347 0.097500 0.363977
0 0.260000 0.560976 0.092500 0.345216
0 0.315000 0.552533 0.097500 0.358349
0 0.045625 0.548780 0.091250 0.339587
0 0.751250 0.522514 0.112500 0.414634
0 0.104375 0.553471 0.093750 0.341463
0 0.036875 0.702627 0.046250 0.332083
0 0.101250 0.698874 0.052500 0.335835
0 0.168125 0.696998 0.078750 0.350844
0 0.264375 0.698874 0.078750 0.350844
0 0.335000 0.645403 0.070000 0.240150
0 0.408750 0.647280 0.080000 0.202627
0 0.565000 0.617261 0.082500 0.270169
0 0.644375 0.532833 0.078750 0.165103
0 0.730625 0.613508 0.111250 0.300188
0 0.785625 0.524390 0.068750 0.103189
0 0.961250 0.608818 0.072500 0.253283
0 0.900000 0.343340 0.075000 0.116323
0 0.790000 0.392120 0.050000 0.112570
0 0.697500 0.406191 0.077500 0.106942
0 0.711250 0.445591 0.067500 0.073171
0 0.618750 0.406191 0.065000 0.155722
0 0.643750 0.384615 0.032500 0.056285
0 0.557500 0.368668 0.040000 0.061914
0 0.493750 0.371482 0.037500 0.063790
0 0.481250 0.426829 0.050000 0.114447
0 0.443750 0.403377 0.040000 0.067542
0 0.411250 0.458724 0.075000 0.118199
0 0.373750 0.440901 0.042500 0.086304
0 0.380000 0.382739 0.050000 0.078799
0 0.420625 0.394934 0.036250 0.061914
0 0.291250 0.395872 0.035000 0.067542
0 0.241875 0.407129 0.031250 0.048780
0 0.210000 0.431520 0.067500 0.127580
0 0.086250 0.409944 0.062500 0.084428
