0 0.649611 0.514190 0.135706 0.497496
0 0.840934 0.649416 0.184650 0.677796
0 0.939933 0.643573 0.120133 0.706177
0 0.085095 0.468280 0.058954 0.218698
0 0.126251 0.425710 0.041157 0.156928
0 0.175195 0.424875 0.043382 0.161937
0 0.216352 0.408180 0.038932 0.148581
0 0.292547 0.540067 0.120133 0.445743
0 0.506674 0.384808 0.030033 0.111853
0 0.564516 0.383139 0.038932 0.148581
0 0.760845 0.376461 0.044494 0.161937
0 0.788098 0.368114 0.036707 0.135225
0 0.714683 0.376461 0.023359 0.085142
0 0.730812 0.366444 0.015573 0.061770
0 0.897664 0.363940 0.022247 0.086811
0 0.030033 0.461603 0.057842 0.215359
0 0.052836 0.420701 0.038932 0.143573
0 0.447164 0.657763 0.293660 0.681135
0 0.958843 0.298831 0.046719 0.063439
