0 0.186250 0.515000 0.107500 0.176667
0 0.365000 0.516667 0.095000 0.160000
0 0.538750 0.516667 0.102500 0.170000
0 0.776250 0.513333 0.107500 0.180000
0 1.031250 0.516667 0.127500 0.210000
0 0.663750 0.504167 0.097500 0.158333
0 0.622500 0.491667 0.100000 0.163333
0 0.505000 0.498333 0.100000 0.166667
0 0.440000 0.490833 0.090000 0.151667
0 0.131250 0.491667 0.097500 0.163333
0 0.100000 0.486667 0.100000 0.163333
0 0.080000 0.480000 0.095000 0.156667
0 0.246250 0.480000 0.092500 0.156667
0 0.275000 0.486667 0.095000 0.153333
0 0.296250 0.488333 0.092500 0.153333
0 0.316250 0.497500 0.097500 0.158333
0 0.390000 0.479167 0.100000 0.165000
0 0.585000 0.475000 0.085000 0.136667
0 0.822500 0.500833 0.095000 0.158333
0 0.902500 0.512500 0.100000 0.165000
0 1.262500 0.505000 0.090000 0.150000
0 1.415000 0.492500 0.075000 0.121667
0 1.342500 0.493333 0.105000 0.170000
0 1.217500 0.485000 0.095000 0.156667
0 1.095000 0.545000 0.115000 0.186667
0 0.967500 0.488333 0.095000 0.160000
0 0.942500 0.421667 0.040000 0.040000
0 1.362500 0.410833 0.050000 0.048333
0 1.311250 0.406667 0.052500 0.040000
0 1.268750 0.405833 0.052500 0.048333
0 1.241250 0.400833 0.047500 0.051667
0 1.202500 0.408333 0.065000 0.053333
0 1.157500 0.402500 0.055000 0.061667
0 1.116250 0.397500 0.052500 0.041667
0 0.810000 0.378333 0.490000 0.103333
0 0.480000 0.205833 0.935000 0.135000
0 1.266250 0.187500 0.447500 0.121667
0 0.557500 0.057500 1.105000 0.111667
0 0.722500 0.133333 0.150000 0.043333
0 0.881250 0.128333 0.152500 0.066667
0 1.317500 0.133333 0.350000 0.043333
0 0.145000 0.354167 0.050000 0.035000
0 1.343750 0.324167 0.127500 0.051667
