0 0.844375 0.250936 0.033750 0.127341
0 0.828750 0.278090 0.025000 0.095506
0 0.800625 0.394195 0.033750 0.129213
0 0.779375 0.397940 0.031250 0.114232
0 0.762500 0.402622 0.035000 0.131086
0 0.748750 0.397940 0.032500 0.125468
0 0.330000 0.764045 0.110000 0.423221
0 0.472500 0.695693 0.095000 0.380150
0 0.630625 0.745318 0.108750 0.449438
0 0.730000 0.689139 0.092500 0.382022
0 0.862500 0.739700 0.115000 0.453184
0 0.907500 0.691948 0.070000 0.335206
0 0.981875 0.620787 0.033750 0.275281
0 0.120625 0.617978 0.078750 0.348315
0 0.226250 0.679775 0.070000 0.385768
0 0.059375 0.583333 0.071250 0.312734
0 0.190000 0.524345 0.065000 0.228464
0 0.248125 0.524345 0.046250 0.149813
0 0.333125 0.554307 0.066250 0.153558
0 0.360625 0.543071 0.058750 0.220974
0 0.416250 0.516854 0.050000 0.205993
0 0.449375 0.524345 0.058750 0.149813
0 0.486875 0.500000 0.053750 0.131086
0 0.559375 0.583333 0.078750 0.245318
0 0.582500 0.510300 0.047500 0.095506
0 0.609375 0.490637 0.046250 0.086142
0 0.650625 0.484082 0.046250 0.106742
0 0.691875 0.466292 0.046250 0.082397
0 0.776875 0.522472 0.056250 0.191011
0 0.880000 0.483146 0.060000 0.082397
0 0.848750 0.432584 0.027500 0.044944
0 0.890625 0.447566 0.026250 0.052434
0 0.972500 0.545880 0.040000 0.192884
0 0.073125 0.423221 0.031250 0.063670
0 0.125000 0.438202 0.040000 0.063670
0 0.203125 0.421348 0.038750 0.071161
0 0.239375 0.427903 0.021250 0.039326
0 0.273750 0.424157 0.035000 0.065543
0 0.303750 0.448502 0.040000 0.073034
0 0.350000 0.423221 0.030000 0.044944
0 0.395000 0.405431 0.037500 0.035581
0 0.446250 0.421348 0.037500 0.059925
0 0.501250 0.439139 0.042500 0.076779
0 0.558750 0.422285 0.045000 0.061798
0 0.598750 0.430712 0.022500 0.052434
0 0.623750 0.425094 0.022500 0.048689
0 0.638125 0.418539 0.018750 0.039326
0 0.715000 0.425094 0.032500 0.056180
0 0.045625 0.408240 0.043750 0.078652
0 0.010000 0.450375 0.020000 0.076779
0 0.365000 0.315543 0.727500 0.162921
0 0.975625 0.322097 0.041250 0.067416
