0 0.123810 0.572656 0.095238 0.157812
0 0.191667 0.582812 0.083333 0.134375
0 0.319048 0.546094 0.100000 0.164062
0 0.420238 0.542188 0.097619 0.156250
0 0.371429 0.494531 0.095238 0.154688
0 0.623810 0.554688 0.100000 0.165625
0 0.686905 0.574219 0.092857 0.151562
0 0.709524 0.485938 0.080952 0.128125
0 0.735714 0.431250 0.076190 0.125000
0 0.560714 0.432812 0.078571 0.128125
0 0.503571 0.434375 0.083333 0.137500
0 0.477381 0.490625 0.097619 0.156250
0 0.047619 0.587500 0.080952 0.128125
0 0.288095 0.378125 0.080952 0.131250
0 0.353571 0.361719 0.073810 0.117188
0 0.396429 0.367188 0.078571 0.125000
0 0.482143 0.367969 0.069048 0.114062
0 0.527381 0.364063 0.078571 0.128125
0 0.583333 0.364063 0.066667 0.106250
0 0.658333 0.382812 0.078571 0.131250
0 0.727381 0.373437 0.078571 0.125000
0 0.938095 0.467187 0.085714 0.137500
0 1.015476 0.490625 0.107143 0.175000
0 1.220238 0.496875 0.116667 0.190625
0 1.279762 0.507031 0.121429 0.195312
0 1.445238 0.569531 0.090476 0.145313
0 1.429762 0.389844 0.078571 0.129688
0 1.341667 0.332031 0.069048 0.114062
0 1.292857 0.322656 0.061905 0.104688
0 1.222619 0.366406 0.064286 0.107813
0 1.069048 0.392969 0.066667 0.110937
0 0.973810 0.410938 0.076190 0.125000
0 0.913095 0.392969 0.083333 0.139063
0 0.998810 0.378906 0.045238 0.076563
0 1.027381 0.339062 0.059524 0.096875
0 1.150000 0.334375 0.052381 0.084375
0 1.123810 0.397656 0.085714 0.135937
0 0.817857 0.308594 0.064286 0.104688
0 0.860714 0.306250 0.059524 0.100000
0 0.405952 0.293750 0.059524 0.093750
0 0.484524 0.285156 0.050000 0.085938
0 0.523810 0.272656 0.047619 0.079687
0 0.553571 0.278906 0.050000 0.082812
0 0.507143 0.273438 0.047619 0.075000
0 0.590476 0.253125 0.057143 0.093750
0 0.616667 0.303906 0.047619 0.079687
0 0.611905 0.396875 0.076190 0.125000
0 0.679762 0.299219 0.054762 0.089063
0 0.710714 0.307031 0.050000 0.079687
0 1.157143 0.242969 0.052381 0.082812
0 1.144048 0.295312 0.050000 0.084375
0 1.097619 0.340625 0.057143 0.096875
0 0.969048 0.327344 0.047619 0.076563
0 0.486905 0.150000 0.245238 0.115625
0 0.744048 0.160938 0.240476 0.090625
0 0.983333 0.200781 0.204762 0.048438
0 1.152381 0.221094 0.104762 0.070312
0 0.452381 0.242188 0.219048 0.059375
0 0.664286 0.242188 0.180952 0.062500
