0 0.050000 0.480916 0.100000 0.465649
0 0.150000 0.538168 0.195000 0.732824
0 0.263750 0.480916 0.127500 0.473282
0 0.313750 0.467557 0.087500 0.339695
0 0.383750 0.433206 0.082500 0.309160
0 0.451250 0.461832 0.097500 0.374046
0 0.482500 0.446565 0.105000 0.389313
0 0.536250 0.511450 0.142500 0.541985
0 0.717500 0.471374 0.115000 0.438931
0 0.785000 0.450382 0.100000 0.374046
0 0.813750 0.461832 0.087500 0.335878
0 0.837500 0.437023 0.075000 0.293893
0 0.661250 0.437023 0.077500 0.293893
0 0.615000 0.412214 0.055000 0.213740
0 0.337500 0.322519 0.020000 0.064885
