0 0.145202 0.420000 0.083333 0.133333
0 0.227273 0.498333 0.141414 0.226667
0 0.491162 0.440000 0.113636 0.186667
0 0.593434 0.449167 0.111111 0.185000
0 0.693182 0.461667 0.118687 0.196667
0 0.700758 0.430833 0.113636 0.185000
0 0.776515 0.436667 0.123737 0.200000
0 0.809343 0.460833 0.128788 0.208333
0 0.839646 0.393333 0.063131 0.106667
0 0.905303 0.415833 0.098485 0.161667
0 0.954545 0.440833 0.116162 0.191667
0 1.013889 0.436667 0.123737 0.200000
0 1.078283 0.420000 0.101010 0.163333
0 1.154040 0.432500 0.121212 0.195000
0 1.319444 0.471667 0.143939 0.236667
0 1.366162 0.346667 0.040404 0.066667
0 1.425505 0.351667 0.037879 0.063333
0 1.487374 0.355833 0.040404 0.065000
