0 0.072000 0.860317 0.036000 0.139683
0 0.090000 0.861905 0.036000 0.136508
0 0.134000 0.882540 0.024000 0.095238
0 0.202000 0.855556 0.032000 0.130159
0 0.265000 0.893651 0.046000 0.187302
0 0.286000 0.836508 0.036000 0.142857
0 0.320000 0.847619 0.036000 0.146032
0 0.301000 0.833333 0.026000 0.111111
0 0.377000 0.833333 0.026000 0.111111
0 0.396000 0.801587 0.036000 0.136508
0 0.454000 0.825397 0.048000 0.184127
0 0.481000 0.796825 0.034000 0.139683
0 0.495000 0.779365 0.034000 0.130159
0 0.554000 0.860317 0.056000 0.215873
0 0.523000 0.809524 0.030000 0.126984
0 0.610000 0.747619 0.028000 0.117460
0 0.632000 0.830159 0.044000 0.174603
0 0.733000 0.823810 0.042000 0.168254
0 0.788000 0.819048 0.044000 0.177778
0 0.842000 0.830159 0.032000 0.123810
0 0.879000 0.795238 0.050000 0.200000
0 0.914000 0.700000 0.024000 0.098413
0 0.952000 0.706349 0.020000 0.079365
0 0.982000 0.744444 0.028000 0.117460
0 0.954000 0.855556 0.024000 0.104762
0 0.918000 0.857143 0.028000 0.114286
0 0.015000 0.731746 0.018000 0.079365
0 0.043000 0.728571 0.018000 0.079365
0 0.054000 0.741270 0.016000 0.060317
0 0.076000 0.701587 0.016000 0.063492
0 0.088000 0.734921 0.016000 0.060317
0 0.290000 0.730159 0.012000 0.050794
0 0.322000 0.733333 0.012000 0.044444
0 0.498000 0.519048 0.524000 0.180952
0 0.556000 0.649206 0.860000 0.142857
