0 0.643029 0.359677 0.324519 0.532258
0 0.824519 0.363710 0.322115 0.530645
0 0.283654 0.350806 0.211538 0.350000
0 0.373798 0.359677 0.180288 0.300000
0 0.433894 0.343548 0.180288 0.300000
0 0.454327 0.300000 0.168269 0.274194
0 0.066106 0.395161 0.132212 0.225806
0 0.050481 0.268548 0.100962 0.262903
0 0.108173 0.201613 0.134615 0.222581
0 0.159856 0.110484 0.117788 0.198387
0 0.371394 0.126613 0.117788 0.191935
0 1.121394 0.374194 0.156250 0.254839
0 1.002404 0.316129 0.149038 0.248387
0 0.961538 0.218548 0.115385 0.191935
0 0.923077 0.175806 0.110577 0.183871
0 1.299279 0.379839 0.137019 0.224194
0 1.256010 0.327419 0.122596 0.200000
0 1.430288 0.369355 0.120192 0.274194
0 1.406250 0.170161 0.129808 0.214516
0 1.270433 0.146774 0.122596 0.203226
0 1.179087 0.136290 0.103365 0.169355
0 1.143029 0.143548 0.088942 0.145161
0 1.051683 0.096774 0.103365 0.174194
0 0.984375 0.083871 0.084135 0.141935
0 0.282452 0.070968 0.069712 0.054839
0 0.278846 0.128226 0.076923 0.050000
0 0.259615 0.169355 0.067308 0.045161
0 1.066106 0.418548 0.199519 0.188710
0 1.451923 0.209677 0.048077 0.041935
0 1.352163 0.050806 0.088942 0.095161
0 0.794471 0.038710 0.079327 0.054839
0 0.866587 0.070161 0.069712 0.072581
