0 0.146927 0.436500 0.050975 0.085000
0 0.201649 0.434000 0.049475 0.082000
0 0.229385 0.417500 0.041979 0.069000
0 0.261619 0.416500 0.043478 0.071000
0 0.328336 0.426500 0.044978 0.073000
0 0.365817 0.423500 0.041979 0.069000
0 0.381559 0.413000 0.037481 0.062000
0 0.410795 0.410500 0.035982 0.061000
0 0.434033 0.432500 0.046477 0.079000
0 0.479760 0.430500 0.044978 0.075000
0 0.523238 0.415000 0.041979 0.070000
0 0.574963 0.426000 0.043478 0.074000
0 0.586957 0.411500 0.037481 0.063000
0 0.613193 0.411500 0.044978 0.073000
0 0.618441 0.424000 0.043478 0.074000
0 0.716642 0.433000 0.044978 0.074000
0 0.699400 0.414500 0.040480 0.069000
0 0.739130 0.412500 0.041979 0.069000
0 0.763868 0.430000 0.049475 0.080000
0 0.854573 0.425000 0.041979 0.068000
0 0.827586 0.409000 0.038981 0.066000
0 0.898801 0.422000 0.043478 0.074000
0 0.935532 0.414500 0.038981 0.063000
0 0.976012 0.430000 0.044978 0.076000
0 0.987256 0.413000 0.037481 0.064000
0 1.024738 0.428500 0.046477 0.075000
0 1.057721 0.411000 0.034483 0.058000
0 1.088456 0.406500 0.038981 0.065000
0 1.109445 0.425000 0.044978 0.074000
0 1.154423 0.420000 0.044978 0.074000
0 1.174663 0.415500 0.043478 0.071000
0 1.203898 0.416500 0.038981 0.065000
0 1.260120 0.431500 0.046477 0.075000
0 1.250375 0.412000 0.035982 0.060000
0 1.308846 0.431500 0.050975 0.083000
0 1.286357 0.406500 0.038981 0.063000
0 1.349325 0.426000 0.041979 0.070000
0 1.399550 0.424000 0.049475 0.080000
0 0.485757 0.387500 0.032984 0.015000
0 0.862069 0.388000 0.029985 0.028000
