0 0.215833 0.670000 0.175000 0.645000
0 0.027500 0.538750 0.055000 0.302500
0 0.056667 0.510000 0.056667 0.210000
0 0.107500 0.520000 0.055000 0.205000
0 0.300833 0.678750 0.155000 0.567500
0 0.477500 0.617500 0.105000 0.385000
0 0.425833 0.575000 0.071667 0.260000
0 0.399167 0.540000 0.061667 0.225000
0 0.540833 0.593750 0.081667 0.297500
0 0.603333 0.541250 0.066667 0.247500
0 0.670000 0.628750 0.113333 0.422500
0 0.700000 0.598750 0.076667 0.282500
0 0.150833 0.428750 0.041667 0.082500
0 0.290833 0.457500 0.061667 0.110000
0 0.460000 0.446250 0.023333 0.037500
0 0.541667 0.445000 0.043333 0.075000
