0 0.941000 0.738739 0.118000 0.492492
0 0.731000 0.734234 0.142000 0.519520
0 0.830000 0.738739 0.136000 0.504505
0 0.608000 0.734234 0.136000 0.507508
0 0.516000 0.759760 0.120000 0.450450
0 0.473000 0.764264 0.122000 0.447447
0 0.429000 0.734234 0.142000 0.519520
0 0.369000 0.743243 0.138000 0.507508
0 0.387000 0.698198 0.118000 0.435435
0 0.314000 0.758258 0.120000 0.441441
0 0.254000 0.740240 0.116000 0.423423
0 0.197000 0.746246 0.114000 0.417417
0 0.100000 0.728228 0.144000 0.525526
0 0.193000 0.498498 0.050000 0.120120
0 0.140000 0.617117 0.020000 0.159159
0 0.183000 0.572072 0.050000 0.105105
0 0.545000 0.554054 0.058000 0.123123
0 0.469000 0.493994 0.042000 0.087087
0 0.305000 0.472973 0.058000 0.105105
0 0.857000 0.605105 0.034000 0.183183
