0 0.122500 0.596429 0.185000 0.642857
0 0.020000 0.248214 0.040000 0.246429
0 0.273750 0.607143 0.187500 0.664286
0 0.445000 0.585714 0.185000 0.642857
0 0.545000 0.457143 0.105000 0.364286
0 0.625000 0.578571 0.200000 0.700000
0 0.796250 0.596429 0.192500 0.678571
0 0.932500 0.583929 0.135000 0.660714
0 0.285000 0.223214 0.040000 0.089286
0 0.300000 0.175000 0.040000 0.057143
0 0.330000 0.216071 0.050000 0.096429
0 0.377500 0.219643 0.050000 0.089286
0 0.412500 0.169643 0.040000 0.053571
0 0.440000 0.212500 0.045000 0.103571
0 0.473750 0.205357 0.052500 0.125000
0 0.705000 0.223214 0.055000 0.067857
0 0.762500 0.223214 0.070000 0.053571
0 0.917500 0.225000 0.050000 0.121429
0 0.966250 0.228571 0.047500 0.078571
