0 0.158904 0.386364 0.098630 0.161818
0 0.245205 0.380000 0.095890 0.160000
0 0.298630 0.379091 0.087671 0.147273
0 0.360274 0.375455 0.090411 0.147273
0 0.335616 0.384545 0.095890 0.161818
0 0.400000 0.375455 0.098630 0.165455
0 0.442466 0.373636 0.095890 0.161818
0 0.486301 0.382727 0.134247 0.216364
0 0.528767 0.381818 0.115068 0.185455
0 0.565753 0.374545 0.112329 0.185455
0 0.602740 0.367273 0.104110 0.167273
0 0.652055 0.360909 0.098630 0.158182
0 0.709589 0.362727 0.098630 0.158182
0 0.672603 0.359091 0.073973 0.118182
0 0.745205 0.357273 0.087671 0.147273
0 0.784932 0.350909 0.079452 0.134545
0 0.813699 0.346364 0.082192 0.132727
0 0.882192 0.251818 0.016438 0.016364
0 0.926027 0.250000 0.049315 0.020000
0 0.967123 0.249091 0.032877 0.018182
0 1.035616 0.244545 0.038356 0.023636
0 1.069863 0.243636 0.030137 0.025455
0 1.191781 0.242727 0.054795 0.023636
0 1.271233 0.241818 0.038356 0.018182
0 0.519178 0.305455 0.019178 0.025455
0 0.556164 0.303636 0.021918 0.025455
0 0.643836 0.305455 0.027397 0.029091
