0 0.174515 0.475455 0.204986 0.329091
0 0.362881 0.469091 0.221607 0.356364
0 0.508310 0.490909 0.207756 0.330909
0 0.623269 0.477273 0.216066 0.350909
0 0.740997 0.469091 0.224377 0.363636
0 1.040166 0.475455 0.224377 0.361818
0 1.344875 0.390909 0.174515 0.280000
0 1.265928 0.289091 0.094183 0.152727
0 1.186981 0.402727 0.185596 0.296364
0 0.048476 0.331818 0.085873 0.092727
0 0.138504 0.315455 0.088643 0.063636
0 0.099723 0.278182 0.072022 0.050909
0 0.141274 0.215455 0.077562 0.049091
0 0.024931 0.227273 0.038781 0.025455
0 0.731302 0.226364 0.138504 0.125455
0 0.609418 0.278182 0.094183 0.065455
0 0.541551 0.292727 0.108033 0.072727
0 0.706371 0.315455 0.083102 0.070909
0 0.831025 0.300909 0.083102 0.056364
0 0.904432 0.263636 0.047091 0.058182
0 1.034626 0.278182 0.102493 0.069091
0 1.069252 0.225455 0.083102 0.061818
0 0.963989 0.349091 0.121884 0.076364
0 1.153740 0.341818 0.146814 0.076364
0 0.240997 0.299091 0.094183 0.070909
0 0.364266 0.232727 0.047091 0.050909
0 0.412742 0.222727 0.060942 0.063636
0 0.500000 0.220000 0.058172 0.050909
0 0.455679 0.290000 0.063712 0.067273
0 0.879501 0.228182 0.058172 0.034545
0 0.977839 0.229091 0.077562 0.047273
0 1.188366 0.234545 0.060942 0.054545
0 1.128809 0.238182 0.063712 0.032727
0 1.470914 0.257273 0.072022 0.067273
