0 0.089457 0.285106 0.031949 0.119149
0 0.087859 0.470213 0.086262 0.293617
0 0.134185 0.451064 0.095847 0.323404
0 0.215655 0.438298 0.079872 0.272340
0 0.273163 0.451064 0.086262 0.280851
0 0.335463 0.459574 0.083067 0.272340
0 0.942492 0.487234 0.115016 0.404255
0 0.142173 0.285106 0.028754 0.102128
0 0.041534 0.578723 0.076677 0.204255
0 0.150160 0.582979 0.108626 0.195745
0 0.273163 0.587234 0.105431 0.204255
0 0.361022 0.580851 0.070288 0.251064
0 0.420128 0.602128 0.067093 0.234043
0 0.496805 0.587234 0.079872 0.229787
0 0.595847 0.589362 0.086262 0.225532
0 0.699681 0.608511 0.102236 0.238298
0 0.785942 0.608511 0.102236 0.238298
0 0.897764 0.631915 0.115016 0.242553
0 0.785942 0.410638 0.102236 0.234043
0 0.658147 0.393617 0.108626 0.208511
0 0.571885 0.363830 0.089457 0.148936
0 0.488818 0.344681 0.070288 0.102128
0 0.418530 0.351064 0.076677 0.114894
