0 0.062931 0.529793 0.125862 0.510363
0 0.096552 0.475389 0.075862 0.282383
0 0.158621 0.417098 0.044828 0.170984
0 0.215517 0.468912 0.093103 0.347150
0 0.310345 0.467617 0.124138 0.463731
0 0.367241 0.569948 0.165517 0.611399
0 0.544828 0.595855 0.210345 0.777202
0 0.672414 0.603627 0.196552 0.720207
0 0.436207 0.419689 0.048276 0.181347
0 0.460345 0.422280 0.041379 0.155440
0 0.802586 0.423575 0.060345 0.220207
0 0.851724 0.452073 0.072414 0.266839
0 0.931034 0.643782 0.137931 0.696891
0 0.875862 0.423575 0.051724 0.199482
