0 0.093000 0.557522 0.094000 0.336283
0 0.150000 0.551622 0.068000 0.253687
0 0.210000 0.536873 0.060000 0.218289
0 0.248000 0.569322 0.076000 0.283186
0 0.340000 0.539823 0.064000 0.230088
0 0.517000 0.585546 0.102000 0.374631
0 0.671000 0.523599 0.054000 0.203540
0 0.754000 0.551622 0.060000 0.224189
0 0.812000 0.554572 0.068000 0.253687
0 0.859000 0.561947 0.078000 0.280236
0 0.835000 0.560472 0.066000 0.247788
0 0.931000 0.564897 0.078000 0.286136
0 0.049000 0.510324 0.042000 0.159292
0 0.025000 0.539823 0.050000 0.247788
0 0.034000 0.672566 0.068000 0.300885
0 0.606000 0.516224 0.032000 0.064897
0 0.638000 0.513274 0.024000 0.064897
