0 0.182090 0.208333 0.041791 0.056667
0 0.214925 0.200000 0.035821 0.053333
0 0.244776 0.209167 0.041791 0.061667
0 0.274627 0.204167 0.041791 0.061667
0 0.325373 0.207500 0.047761 0.065000
0 0.374627 0.205000 0.044776 0.066667
0 0.440299 0.207500 0.044776 0.065000
0 0.455224 0.205833 0.044776 0.065000
0 0.501493 0.205000 0.053731 0.073333
0 0.517910 0.206667 0.044776 0.063333
0 0.565672 0.205000 0.044776 0.063333
0 0.585075 0.204167 0.047761 0.068333
0 0.611940 0.204167 0.047761 0.065000
0 0.650746 0.208333 0.041791 0.056667
0 0.670149 0.207500 0.050746 0.071667
0 0.704478 0.208333 0.041791 0.060000
0 0.726866 0.204167 0.050746 0.075000
0 0.777612 0.209167 0.044776 0.061667
0 0.816418 0.208333 0.044776 0.066667
0 0.858209 0.204167 0.044776 0.065000
0 0.888060 0.205000 0.050746 0.070000
0 0.922388 0.208333 0.041791 0.063333
0 0.961194 0.205000 0.053731 0.073333
0 0.989552 0.204167 0.044776 0.065000
0 1.008955 0.201667 0.053731 0.073333
0 1.055224 0.205833 0.050746 0.068333
0 1.107463 0.205833 0.047761 0.068333
0 1.128358 0.205000 0.041791 0.063333
0 0.105970 0.414167 0.194030 0.265000
0 0.068657 0.402500 0.137313 0.231667
0 0.210448 0.417500 0.194030 0.268333
0 0.337313 0.402500 0.185075 0.258333
0 0.464179 0.424167 0.182090 0.248333
0 0.479104 0.344167 0.122388 0.171667
0 0.573134 0.349167 0.149254 0.205000
0 0.708955 0.421667 0.176119 0.240000
0 0.747761 0.377500 0.170149 0.231667
0 0.883582 0.380000 0.167164 0.230000
0 0.964179 0.370000 0.155224 0.210000
0 1.064179 0.403333 0.182090 0.250000
0 1.249254 0.368333 0.158209 0.216667
0 1.170149 0.338333 0.137313 0.186667
0 1.317910 0.396667 0.211940 0.290000
0 1.477612 0.406667 0.208955 0.283333
0 1.541791 0.370833 0.164179 0.225000
0 1.585075 0.344167 0.131343 0.181667
0 1.650746 0.400833 0.179104 0.245000
0 1.686567 0.419167 0.167164 0.231667
0 1.180597 0.201667 0.050746 0.070000
0 1.202985 0.202500 0.047761 0.065000
0 1.246269 0.199167 0.050746 0.075000
0 1.277612 0.208333 0.041791 0.060000
0 1.328358 0.205833 0.047761 0.068333
0 1.350746 0.202500 0.038806 0.058333
0 1.404478 0.206667 0.050746 0.073333
0 1.479104 0.205833 0.050746 0.071667
0 1.546269 0.206667 0.047761 0.066667
0 0.101493 0.180833 0.053731 0.025000
0 0.037313 0.265833 0.050746 0.041667
0 0.095522 0.264167 0.047761 0.035000
0 0.162687 0.277500 0.068657 0.071667
0 0.255224 0.265000 0.062687 0.043333
0 0.334328 0.254167 0.035821 0.035000
0 0.368657 0.274167 0.044776 0.055000
0 0.422388 0.265000 0.032836 0.043333
0 0.528358 0.263333 0.047761 0.036667
0 0.701493 0.271667 0.065672 0.036667
0 0.831343 0.278333 0.056716 0.046667
0 0.844776 0.244167 0.053731 0.018333
0 0.916418 0.260000 0.047761 0.036667
0 0.947761 0.265833 0.032836 0.031667
0 1.038806 0.263333 0.053731 0.030000
0 1.076119 0.250833 0.038806 0.028333
0 1.111940 0.282500 0.080597 0.061667
0 1.208955 0.250833 0.053731 0.045000
0 1.370149 0.265833 0.053731 0.045000
0 1.432836 0.256667 0.059701 0.026667
0 1.488060 0.260000 0.062687 0.033333
0 1.586567 0.245833 0.062687 0.025000
0 1.650746 0.291667 0.065672 0.046667
0 1.661194 0.253333 0.074627 0.043333
0 1.735821 0.256667 0.062687 0.033333
0 1.740299 0.356667 0.083582 0.166667
