0 0.037500 0.527500 0.028333 0.105000
0 0.110000 0.553750 0.040000 0.147500
0 0.142500 0.547500 0.041667 0.150000
0 0.301667 0.550000 0.036667 0.140000
0 0.328333 0.556250 0.040000 0.147500
0 0.379167 0.538750 0.031667 0.117500
0 0.400833 0.530000 0.031667 0.125000
0 0.502500 0.545000 0.028333 0.105000
0 0.527500 0.540000 0.031667 0.115000
0 0.686667 0.540000 0.030000 0.115000
0 0.711667 0.546250 0.030000 0.107500
0 0.728333 0.566250 0.033333 0.127500
0 0.764167 0.562500 0.038333 0.140000
0 0.917500 0.550000 0.028333 0.110000
0 0.943333 0.552500 0.033333 0.130000
0 0.965000 0.588750 0.036667 0.137500
0 0.980000 0.515000 0.020000 0.065000
0 0.988333 0.547500 0.013333 0.095000
0 0.053333 0.476250 0.096667 0.037500
0 0.871667 0.523750 0.126667 0.047500
