0 0.019091 0.564912 0.038182 0.210526
0 0.050909 0.559649 0.043636 0.207018
0 0.095455 0.571930 0.041818 0.196491
0 0.137273 0.577193 0.038182 0.192982
0 0.179091 0.568421 0.038182 0.182456
0 0.222727 0.571930 0.034545 0.175439
0 0.250909 0.582456 0.043636 0.217544
0 0.284545 0.585965 0.034545 0.175439
0 0.322727 0.580702 0.049091 0.242105
0 0.384545 0.580702 0.056364 0.263158
0 0.442727 0.580702 0.056364 0.270175
0 0.503636 0.510526 0.109091 0.515789
0 0.624545 0.585965 0.045455 0.224561
0 0.683636 0.557895 0.076364 0.371930
0 0.720909 0.584211 0.060000 0.284211
0 0.595455 0.587719 0.030909 0.150877
0 0.753636 0.582456 0.034545 0.168421
0 0.874545 0.580702 0.040000 0.192982
0 0.818182 0.554386 0.072727 0.350877
0 0.959091 0.566667 0.078182 0.368421
0 0.920000 0.580702 0.040000 0.192982
0 0.418182 0.578947 0.036364 0.168421
0 0.369091 0.329825 0.018182 0.098246
0 0.857273 0.587719 0.020000 0.094737
0 0.800000 0.577193 0.050909 0.249123
0 0.568182 0.582456 0.023636 0.112281
0 0.350000 0.578947 0.027273 0.126316
0 0.052727 0.398246 0.040000 0.059649
0 0.197273 0.322807 0.030909 0.063158
0 0.225455 0.442105 0.025455 0.070175
0 0.253636 0.452632 0.027273 0.077193
0 0.271818 0.435088 0.020000 0.070175
0 0.294545 0.445614 0.021818 0.049123
0 0.317273 0.450877 0.012727 0.052632
0 0.190000 0.517544 0.016364 0.059649
0 0.557273 0.601754 0.023636 0.157895
0 0.106364 0.489474 0.016364 0.052632
0 0.157273 0.521053 0.020000 0.059649
0 0.268182 0.517544 0.020000 0.045614
0 0.467273 0.550877 0.018182 0.070175
