0 0.037037 0.239812 0.068376 0.094044
0 0.096866 0.229624 0.096866 0.133229
0 0.193732 0.243730 0.159544 0.217868
0 0.301994 0.235893 0.108262 0.148903
0 0.438746 0.241379 0.131054 0.178683
0 0.522792 0.239028 0.185185 0.249216
0 0.722222 0.249216 0.247863 0.338558
0 0.792023 0.223354 0.170940 0.230408
0 0.871795 0.228056 0.102564 0.142633
0 1.037037 0.235893 0.210826 0.286834
0 1.236467 0.230408 0.170940 0.231975
0 1.341880 0.221003 0.136752 0.188088
0 1.434473 0.222571 0.122507 0.166144
0 1.472934 0.215517 0.113960 0.152038
0 1.549858 0.215517 0.113960 0.152038
0 1.717949 0.240596 0.199430 0.318182
0 1.162393 0.152821 0.056980 0.042320
0 1.773504 0.144984 0.088319 0.145768
0 1.267806 0.154389 0.039886 0.029781
