0 0.090747 0.311333 0.014235 0.025333
0 0.740214 0.522667 0.156584 0.285333
0 0.640569 0.436000 0.046263 0.088000
0 0.535587 0.539333 0.099644 0.182667
0 0.903915 0.388667 0.032028 0.062667
0 0.963523 0.420000 0.037367 0.072000
0 0.939502 0.490000 0.071174 0.134667
0 0.980427 0.580000 0.124555 0.229333
0 1.223310 0.500000 0.065836 0.120000
0 1.170819 0.478667 0.060498 0.112000
0 1.124555 0.411333 0.039146 0.073333
0 1.141459 0.414000 0.033808 0.065333
0 1.114769 0.408667 0.033808 0.065333
0 1.172598 0.376000 0.021352 0.042667
0 1.154804 0.372000 0.028470 0.053333
0 1.298043 0.539333 0.072954 0.150667
0 0.408363 0.382667 0.030249 0.056000
0 0.558719 0.346000 0.014235 0.030667
0 0.352313 0.519333 0.078292 0.145333
0 0.862989 0.572000 0.106762 0.162667
0 0.857651 0.414667 0.035587 0.040000
0 0.847865 0.359333 0.019573 0.028000
0 0.803381 0.357333 0.019573 0.024000
0 0.827402 0.361333 0.017794 0.032000
0 0.781139 0.359333 0.032028 0.028000
0 0.788256 0.343333 0.021352 0.020000
0 0.763345 0.344000 0.017794 0.013333
0 0.748221 0.350000 0.023132 0.017333
0 0.690391 0.334000 0.017794 0.014667
0 0.672598 0.335333 0.017794 0.017333
0 0.993772 0.383333 0.026690 0.033333
0 1.054270 0.376667 0.026690 0.030667
0 1.082740 0.383333 0.030249 0.033333
0 1.192171 0.385333 0.028470 0.034667
0 1.248221 0.362667 0.030249 0.018667
0 1.296263 0.354000 0.026690 0.028000
0 1.195730 0.426000 0.046263 0.038667
0 1.240214 0.424667 0.039146 0.041333
0 1.263345 0.411333 0.035587 0.028000
0 1.315836 0.425333 0.023132 0.061333
0 1.281139 0.462000 0.035587 0.070667
0 0.901246 0.440000 0.048043 0.042667
0 0.528470 0.366000 0.024911 0.030667
0 0.509786 0.372667 0.033808 0.033333
0 0.511566 0.417333 0.058719 0.058667
0 0.874555 0.472000 0.051601 0.074667
0 0.491103 0.334667 0.021352 0.013333
0 0.507117 0.335333 0.014235 0.014667
