0 0.013043 0.306522 0.017391 0.033333
0 0.026087 0.305072 0.017391 0.033333
0 0.047826 0.310870 0.013043 0.024638
0 0.073913 0.315942 0.017391 0.028986
0 0.104348 0.317391 0.017391 0.031884
0 0.136957 0.319565 0.017391 0.033333
0 0.172826 0.322464 0.015217 0.027536
0 0.204348 0.326812 0.021739 0.036232
0 0.230435 0.327536 0.021739 0.034783
0 0.280435 0.331159 0.021739 0.036232
0 0.328261 0.335507 0.026087 0.042029
0 0.390217 0.342029 0.023913 0.043478
0 0.446739 0.344928 0.028261 0.049275
0 0.521739 0.351449 0.026087 0.047826
0 0.609783 0.357971 0.032609 0.055072
0 0.706522 0.364493 0.034783 0.056522
0 1.101087 0.322464 0.028261 0.044928
0 1.175000 0.318116 0.023913 0.042029
0 1.230435 0.312319 0.021739 0.036232
0 1.271739 0.307971 0.021739 0.036232
0 1.305435 0.302899 0.019565 0.034783
0 1.329348 0.301449 0.019565 0.031884
0 1.359783 0.300000 0.015217 0.028986
0 1.389130 0.297101 0.017391 0.028986
0 1.416304 0.294928 0.015217 0.024638
0 1.442391 0.294203 0.010870 0.023188
0 1.459783 0.294928 0.015217 0.027536
0 1.477174 0.292754 0.010870 0.020290
0 1.489130 0.290580 0.008696 0.018841
0 0.550000 0.311594 0.017391 0.028986
0 0.561957 0.307971 0.015217 0.024638
0 0.581522 0.299275 0.015217 0.027536
0 0.623913 0.300000 0.013043 0.023188
0 0.645652 0.309420 0.017391 0.027536
0 0.654348 0.305797 0.013043 0.023188
0 0.692391 0.305797 0.010870 0.023188
0 0.928261 0.296377 0.013043 0.024638
0 0.907609 0.300000 0.010870 0.020290
0 0.936957 0.296377 0.008696 0.018841
0 0.977174 0.292029 0.010870 0.021739
0 0.992391 0.294928 0.010870 0.018841
0 0.490217 0.313043 0.019565 0.031884
0 0.472826 0.310145 0.015217 0.026087
0 0.356522 0.313768 0.017391 0.030435
0 0.303261 0.310870 0.015217 0.027536
0 0.245652 0.305797 0.017391 0.028986
0 0.115217 0.301449 0.008696 0.014493
0 0.145652 0.300725 0.013043 0.024638
0 0.158696 0.303623 0.013043 0.024638
0 0.256522 0.304348 0.013043 0.023188
0 0.216304 0.301449 0.010870 0.023188
0 0.568478 0.305797 0.015217 0.028986
0 0.420652 0.311594 0.019565 0.031884
0 0.371739 0.304348 0.013043 0.023188
0 0.391304 0.314493 0.017391 0.028986
0 0.814130 0.307246 0.015217 0.026087
0 0.878261 0.298551 0.013043 0.020290
0 0.869565 0.299275 0.013043 0.024638
0 0.861957 0.297826 0.010870 0.021739
0 0.845652 0.305797 0.017391 0.028986
0 1.113043 0.290580 0.008696 0.018841
0 0.435870 0.287681 0.258696 0.013043
0 0.646739 0.286957 0.119565 0.017391
0 0.792391 0.287681 0.106522 0.024638
0 0.903261 0.284058 0.071739 0.017391
0 1.050000 0.284058 0.100000 0.014493
0 1.190217 0.284783 0.102174 0.018841
0 0.275000 0.288406 0.058696 0.017391
