0 1.146269 0.177000 0.023881 0.042000
0 1.362687 0.486000 0.104478 0.172000
0 1.249254 0.472000 0.074627 0.120000
0 1.140299 0.462000 0.047761 0.084000
0 0.835821 0.513000 0.059701 0.102000
0 0.179104 0.580000 0.095522 0.156000
0 0.049254 0.517000 0.098507 0.202000
0 0.035821 0.489000 0.071642 0.198000
0 0.335821 0.431000 0.056716 0.094000
0 0.226866 0.451000 0.053731 0.086000
0 0.195522 0.434000 0.056716 0.092000
0 0.623881 0.420000 0.041791 0.076000
0 0.504478 0.408000 0.041791 0.076000
0 0.141791 0.617000 0.050746 0.022000
0 0.379104 0.550000 0.041791 0.028000
0 0.453731 0.550000 0.053731 0.036000
0 0.513433 0.582000 0.023881 0.044000
0 0.452239 0.620000 0.044776 0.036000
0 0.580597 0.605000 0.050746 0.042000
0 0.649254 0.506000 0.032836 0.028000
0 0.552239 0.464000 0.053731 0.032000
0 0.570149 0.443000 0.035821 0.026000
0 0.528358 0.431000 0.035821 0.030000
0 0.746269 0.476000 0.029851 0.024000
0 0.734328 0.486000 0.029851 0.024000
0 0.729851 0.415000 0.026866 0.034000
0 0.704478 0.376000 0.035821 0.020000
0 0.764179 0.366000 0.035821 0.020000
0 0.838806 0.407000 0.035821 0.026000
0 0.862687 0.417000 0.029851 0.022000
0 0.925373 0.426000 0.035821 0.028000
0 0.959701 0.414000 0.032836 0.032000
0 0.928358 0.528000 0.035821 0.040000
0 0.965672 0.506000 0.032836 0.032000
0 1.019403 0.491000 0.038806 0.038000
0 1.005970 0.527000 0.053731 0.034000
0 1.108955 0.624000 0.032836 0.056000
0 0.747761 0.620000 0.062687 0.032000
0 1.186567 0.625000 0.050746 0.018000
0 1.222388 0.631000 0.044776 0.046000
0 1.329851 0.597000 0.080597 0.050000
0 1.441791 0.491000 0.059701 0.026000
0 1.461194 0.434000 0.032836 0.032000
0 1.326866 0.437000 0.032836 0.030000
0 1.288060 0.436000 0.032836 0.024000
0 1.217910 0.397000 0.029851 0.018000
0 1.173134 0.404000 0.029851 0.028000
0 1.062687 0.353000 0.029851 0.030000
0 1.013433 0.330000 0.020896 0.020000
0 0.979104 0.330000 0.017910 0.016000
0 0.992537 0.322000 0.014925 0.016000
0 1.210448 0.335000 0.014925 0.026000
0 1.243284 0.345000 0.014925 0.018000
0 1.265672 0.368000 0.023881 0.020000
0 1.295522 0.374000 0.023881 0.024000
0 1.323881 0.340000 0.026866 0.012000
0 1.350746 0.350000 0.020896 0.016000
0 1.397015 0.375000 0.023881 0.022000
0 1.356716 0.395000 0.032836 0.014000
0 1.461194 0.354000 0.032836 0.012000
0 1.467164 0.340000 0.020896 0.008000
0 1.473134 0.308000 0.026866 0.020000
0 0.113433 0.341000 0.029851 0.018000
0 0.164179 0.337000 0.023881 0.026000
0 0.189552 0.350000 0.020896 0.020000
0 0.246269 0.362000 0.020896 0.020000
0 0.268657 0.341000 0.023881 0.022000
0 0.207463 0.301000 0.026866 0.018000
0 0.259701 0.305000 0.041791 0.014000
0 0.259701 0.287000 0.023881 0.014000
0 0.304478 0.314000 0.023881 0.028000
0 0.332836 0.289000 0.020896 0.018000
0 0.353731 0.305000 0.020896 0.018000
0 0.382090 0.331000 0.023881 0.022000
0 0.416418 0.347000 0.026866 0.018000
0 0.388060 0.361000 0.029851 0.018000
0 0.411940 0.370000 0.023881 0.024000
0 0.401493 0.394000 0.026866 0.020000
0 0.485075 0.315000 0.032836 0.018000
0 0.526866 0.305000 0.020896 0.014000
0 0.547761 0.311000 0.020896 0.014000
0 0.574627 0.297000 0.014925 0.018000
0 0.595522 0.297000 0.014925 0.014000
0 0.616418 0.306000 0.020896 0.016000
0 0.691045 0.329000 0.020896 0.018000
0 0.792537 0.321000 0.014925 0.018000
0 0.055224 0.290000 0.020896 0.012000
0 0.101493 0.292000 0.023881 0.016000
0 0.628358 0.347000 0.026866 0.018000
0 0.613433 0.366000 0.026866 0.012000
0 0.520896 0.354000 0.026866 0.020000
0 1.041791 0.390000 0.023881 0.020000
0 0.920896 0.325000 0.032836 0.010000
0 0.904478 0.309000 0.023881 0.018000
0 0.928358 0.305000 0.017910 0.022000
0 0.953731 0.288000 0.020896 0.020000
0 0.970149 0.286000 0.017910 0.020000
0 1.034328 0.302000 0.020896 0.016000
0 1.056716 0.292000 0.023881 0.020000
0 1.094030 0.297000 0.020896 0.018000
0 1.111940 0.300000 0.020896 0.020000
0 1.132836 0.310000 0.020896 0.024000
0 1.171642 0.306000 0.020896 0.012000
0 1.200000 0.299000 0.017910 0.018000
0 1.238806 0.292000 0.035821 0.016000
0 1.250746 0.311000 0.035821 0.018000
0 1.313433 0.303000 0.029851 0.018000
0 1.341791 0.299000 0.044776 0.014000
0 1.414925 0.312000 0.023881 0.016000
0 1.435821 0.312000 0.035821 0.012000
0 1.298507 0.185000 0.023881 0.010000
0 1.122388 0.182000 0.035821 0.012000
0 0.737313 0.210000 1.462687 0.156000
0 0.928358 0.114000 1.086567 0.076000
