0 0.848333 0.841102 0.053333 0.165254
0 0.977500 0.787076 0.045000 0.137712
0 0.920833 0.460805 0.018333 0.057203
0 0.856667 0.510593 0.013333 0.046610
0 0.814167 0.654661 0.021667 0.072034
0 0.761667 0.669492 0.020000 0.067797
0 0.786667 0.690678 0.010000 0.038136
0 0.710833 0.657839 0.028333 0.086864
0 0.744167 0.631356 0.025000 0.084746
0 0.669167 0.655720 0.035000 0.108051
0 0.622500 0.661017 0.025000 0.084746
0 0.575833 0.690678 0.021667 0.067797
0 0.556667 0.653602 0.033333 0.103814
0 0.115833 0.789195 0.045000 0.146186
0 0.515000 0.590042 0.020000 0.069915
0 0.594167 0.584746 0.025000 0.080508
0 0.370000 0.595339 0.030000 0.097458
0 0.416667 0.530720 0.020000 0.061441
0 0.298333 0.610169 0.033333 0.101695
0 0.266667 0.634534 0.030000 0.099576
0 0.238333 0.639831 0.033333 0.105932
0 0.175000 0.615466 0.026667 0.086864
0 0.176667 0.518008 0.023333 0.074153
0 0.135000 0.498941 0.020000 0.065678
0 0.790000 0.439619 0.016667 0.057203
0 0.769167 0.433263 0.015000 0.052966
0 0.777500 0.486229 0.015000 0.044492
0 0.590000 0.490466 0.020000 0.061441
0 0.560833 0.510593 0.021667 0.072034
0 0.517500 0.492585 0.025000 0.082627
0 0.495833 0.498941 0.018333 0.057203
0 0.460833 0.536017 0.018333 0.055085
0 0.124167 0.634534 0.021667 0.074153
0 0.094167 0.623941 0.031667 0.099576
0 0.066667 0.625000 0.033333 0.101695
0 0.043333 0.627119 0.030000 0.097458
0 0.016667 0.540254 0.026667 0.084746
0 0.042500 0.538136 0.018333 0.059322
0 0.069167 0.552966 0.021667 0.067797
0 0.115000 0.568856 0.013333 0.044492
0 0.100833 0.536017 0.021667 0.072034
0 0.328333 0.463983 0.016667 0.059322
0 0.655000 0.582627 0.016667 0.055085
0 0.681667 0.579449 0.016667 0.052966
0 0.139167 0.856992 0.048333 0.154661
0 0.192500 0.770127 0.021667 0.023305
0 0.516667 0.686441 0.026667 0.033898
0 0.805833 0.496822 0.021667 0.031780
0 0.746667 0.556144 0.016667 0.027542
0 0.395833 0.411017 0.735000 0.097458
0 0.640000 0.323093 0.266667 0.099576
0 0.861667 0.415254 0.083333 0.101695
