0 0.940000 0.525920 0.062222 0.232441
0 0.801111 0.510870 0.064444 0.235786
0 0.749444 0.520903 0.056667 0.212375
0 0.718333 0.517559 0.056667 0.212375
0 0.686667 0.520067 0.062222 0.230769
0 0.667222 0.513378 0.058889 0.217391
0 0.642778 0.510033 0.058889 0.220736
0 0.607778 0.513378 0.062222 0.227425
0 0.627778 0.515050 0.048889 0.180602
0 0.566111 0.510870 0.054444 0.205686
0 0.543333 0.502508 0.053333 0.198997
0 0.518889 0.520067 0.057778 0.210702
0 0.487778 0.507525 0.055556 0.209030
0 0.468333 0.531773 0.041111 0.157191
0 0.450556 0.513378 0.047778 0.173913
0 0.435556 0.505017 0.046667 0.170569
0 0.407222 0.512542 0.056667 0.209030
0 0.380556 0.507525 0.041111 0.152174
0 0.365000 0.506689 0.045556 0.167224
0 0.342222 0.502508 0.044444 0.165552
0 0.301667 0.513378 0.047778 0.177258
0 0.267778 0.505017 0.044444 0.167224
0 0.251111 0.517559 0.040000 0.152174
0 0.226667 0.499164 0.037778 0.142140
0 0.211111 0.504181 0.042222 0.158863
0 0.192222 0.490803 0.031111 0.115385
0 0.155000 0.498328 0.041111 0.157191
0 0.136667 0.494983 0.037778 0.143813
0 0.081111 0.500000 0.037778 0.140468
0 0.063333 0.500000 0.033333 0.127090
0 0.045556 0.499164 0.033333 0.128763
0 0.013333 0.514214 0.026667 0.118729
0 0.783889 0.511706 0.052222 0.197324
0 0.772222 0.479097 0.028889 0.112040
0 0.057778 0.488294 0.015556 0.063545
0 0.317222 0.433110 0.021111 0.046823
0 0.850556 0.526756 0.036667 0.033445
