0 0.372822 0.080612 0.034843 0.051020
0 0.432056 0.070408 0.041812 0.059184
0 0.454704 0.080612 0.031359 0.046939
0 0.480836 0.071429 0.034843 0.057143
0 0.325784 0.080612 0.038328 0.055102
0 0.341463 0.121429 0.048780 0.071429
0 0.310105 0.189796 0.069686 0.106122
0 0.421603 0.328571 0.292683 0.424490
0 0.083624 0.311224 0.041812 0.067347
0 0.520906 0.263265 0.080139 0.114286
0 0.538328 0.234694 0.073171 0.106122
0 0.616725 0.212245 0.083624 0.122449
0 0.933798 0.330612 0.236934 0.338776
0 0.773519 0.343878 0.132404 0.193878
0 1.405923 0.292857 0.177700 0.259184
0 1.625436 0.257143 0.163763 0.306122
0 1.325784 0.078571 0.031359 0.042857
0 1.353659 0.077551 0.038328 0.053061
0 0.728223 0.179592 0.055749 0.028571
0 1.104530 0.327551 0.097561 0.051020
0 1.486063 0.302041 0.038328 0.032653
0 1.520906 0.329592 0.031359 0.026531
