0 0.142732 0.385638 0.166375 0.250000
0 0.499124 0.363830 0.154116 0.231915
0 0.838879 0.340426 0.147110 0.217021
0 1.135727 0.320745 0.141856 0.211702
0 1.454466 0.294681 0.148862 0.223404
0 1.612960 0.088830 0.066550 0.145745
0 1.526270 0.077128 0.092820 0.137234
0 1.429947 0.050532 0.064799 0.098936
0 1.353765 0.054255 0.070053 0.106383
0 1.263573 0.044681 0.057793 0.089362
0 1.177758 0.042553 0.054291 0.082979
0 1.075306 0.038298 0.049037 0.076596
0 1.439580 0.141489 0.091068 0.134043
0 1.362522 0.164362 0.101576 0.154255
0 1.322242 0.138830 0.105079 0.156383
0 1.295096 0.151596 0.117338 0.173404
0 1.253065 0.164894 0.096322 0.146809
0 1.182137 0.157447 0.080560 0.121277
0 1.107706 0.236702 0.117338 0.177660
0 1.091944 0.128723 0.061296 0.091489
0 1.049037 0.170745 0.094571 0.143617
0 0.992119 0.168617 0.092820 0.141489
0 0.963222 0.163298 0.101576 0.150000
0 0.903678 0.163298 0.101576 0.150000
0 0.823117 0.162766 0.087566 0.129787
0 0.746935 0.184043 0.103327 0.153191
0 0.633975 0.189362 0.101576 0.153191
0 0.573555 0.187234 0.096322 0.146809
0 0.533275 0.190957 0.085814 0.130851
0 0.428196 0.194681 0.106830 0.157447
0 0.362522 0.206383 0.098074 0.144681
0 0.324869 0.190426 0.106830 0.161702
0 0.266200 0.208511 0.084063 0.127660
0 0.126970 0.192021 0.085814 0.130851
0 0.087566 0.206915 0.119089 0.177660
0 0.046410 0.198404 0.092820 0.184043
0 0.027145 0.230851 0.054291 0.153191
0 0.294221 0.286170 0.080560 0.044681
0 0.647986 0.287234 0.052539 0.048936
0 0.966725 0.271277 0.070053 0.074468
0 1.248687 0.225000 0.098074 0.062766
0 1.556918 0.197340 0.094571 0.045745
0 1.222417 0.075000 0.045534 0.026596
0 1.034151 0.078191 0.047285 0.037234
0 0.912434 0.044681 0.045534 0.025532
0 0.843257 0.048936 0.033275 0.025532
0 0.862522 0.067021 0.029772 0.023404
0 0.756567 0.099468 0.049037 0.032979
0 0.763573 0.050532 0.042032 0.028723
0 0.732925 0.048404 0.040280 0.026596
0 0.709282 0.044149 0.021016 0.026596
0 0.585814 0.011170 0.050788 0.020213
0 0.565674 0.030851 0.031524 0.027660
0 0.568301 0.091489 0.040280 0.036170
0 0.619965 0.071277 0.035026 0.027660
0 0.650613 0.097340 0.029772 0.026596
0 0.667250 0.086170 0.028021 0.021277
0 0.692644 0.101064 0.026270 0.029787
0 0.706655 0.085638 0.036778 0.022340
0 0.722417 0.116489 0.019264 0.022340
0 0.499124 0.118617 0.035026 0.030851
0 0.467601 0.103723 0.024518 0.022340
0 0.521891 0.088830 0.038529 0.020213
0 0.471979 0.072340 0.033275 0.025532
0 0.447461 0.084043 0.040280 0.021277
0 0.385289 0.090957 0.038529 0.022340
0 0.394046 0.040426 0.045534 0.021277
0 0.345009 0.026064 0.035026 0.028723
0 0.289842 0.037234 0.040280 0.034043
0 0.287215 0.013830 0.042032 0.017021
0 0.231173 0.023936 0.038529 0.022340
0 0.070053 0.023936 0.038529 0.022340
0 0.079685 0.097872 0.033275 0.029787
0 0.144483 0.082979 0.033275 0.023404
0 0.110333 0.075532 0.028021 0.027660
0 0.042907 0.076064 0.029772 0.026596
0 0.258319 0.075532 0.040280 0.021277
0 0.309982 0.089362 0.038529 0.023404
0 0.256567 0.115957 0.043783 0.031915
0 0.366900 0.118617 0.029772 0.020213
0 0.072680 0.061702 0.040280 0.025532
0 0.014011 0.034043 0.024518 0.031915
0 0.632224 0.036702 0.031524 0.024468
