0 0.657895 0.451667 0.243108 0.400000
0 0.853383 0.457500 0.243108 0.398333
0 1.221805 0.530000 0.077694 0.126667
0 0.359649 0.590000 0.082707 0.136667
0 0.285714 0.510000 0.075188 0.123333
0 0.037594 0.569167 0.075188 0.155000
0 0.120301 0.541667 0.060150 0.103333
0 0.185464 0.524167 0.050125 0.081667
0 0.418546 0.504167 0.040100 0.065000
0 1.383459 0.391667 0.030075 0.053333
0 1.447368 0.385000 0.027569 0.050000
0 1.349624 0.384167 0.027569 0.048333
0 1.479950 0.352500 0.022556 0.041667
0 1.422306 0.349167 0.022556 0.038333
0 1.399749 0.350833 0.022556 0.038333
0 1.384712 0.355000 0.017544 0.033333
0 1.483709 0.327500 0.015038 0.028333
0 1.175439 0.408333 0.025063 0.040000
0 1.192982 0.401667 0.020050 0.036667
0 0.345865 0.492500 0.040100 0.011667
0 0.332080 0.525000 0.027569 0.013333
0 0.484962 0.496667 0.032581 0.010000
0 1.185464 0.413333 0.290727 0.100000
