0 0.612557 1.079592 0.030628 0.106122
0 0.638591 1.058163 0.030628 0.104082
0 0.659265 1.024490 0.035222 0.114286
0 0.697550 1.067347 0.032159 0.106122
0 0.722052 1.095918 0.026034 0.089796
0 0.618683 0.896939 0.036753 0.120408
0 0.598775 0.903061 0.024502 0.079592
0 0.585758 0.909184 0.032159 0.108163
0 0.552833 0.979592 0.039816 0.130612
0 0.558193 0.880612 0.029096 0.095918
0 0.733538 0.860204 0.021440 0.071429
0 0.710567 0.861224 0.018377 0.065306
0 0.705207 0.822449 0.019908 0.065306
0 0.737366 0.754082 0.022971 0.079592
0 0.694487 0.687755 0.019908 0.065306
0 0.679939 0.681633 0.015314 0.048980
0 0.532159 0.739796 0.016845 0.059184
0 0.539051 0.715306 0.021440 0.075510
0 0.516845 0.854082 0.032159 0.108163
0 0.495406 0.825510 0.032159 0.112245
0 0.488515 0.796939 0.030628 0.100000
0 0.468606 0.751020 0.027565 0.093878
0 0.465544 0.729592 0.027565 0.087755
0 0.384380 0.789796 0.030628 0.097959
0 0.382848 0.751020 0.024502 0.085714
0 0.320061 0.840816 0.030628 0.102041
0 0.356049 0.875510 0.035222 0.118367
0 0.264165 0.897959 0.038285 0.122449
0 0.331547 1.050000 0.035222 0.120408
0 0.313936 1.037755 0.036753 0.120408
0 0.300153 0.991837 0.036753 0.122449
0 0.343798 0.713265 0.032159 0.108163
0 0.363706 0.716327 0.022971 0.077551
0 0.392802 0.682653 0.019908 0.067347
0 0.323124 0.712245 0.030628 0.102041
0 0.311639 0.693878 0.029096 0.093878
0 0.268760 0.728571 0.029096 0.102041
0 0.263400 0.638776 0.021440 0.077551
0 0.247320 0.657143 0.022971 0.081633
0 0.293262 0.654082 0.026034 0.083673
0 0.358346 0.626531 0.015314 0.057143
0 0.375191 0.687755 0.027565 0.093878
0 0.438744 0.627551 0.029096 0.095918
0 0.475498 0.625510 0.026034 0.083673
0 0.509954 0.592857 0.027565 0.091837
0 0.241194 0.527551 0.019908 0.071429
0 0.283308 0.582653 0.027565 0.087755
0 0.398162 0.498980 0.024502 0.079592
0 0.396631 0.388776 0.018377 0.059184
0 0.232006 0.432653 0.022971 0.081633
0 0.334609 0.511224 0.019908 0.063265
0 0.570444 0.630612 0.019908 0.065306
0 0.558959 0.636735 0.003063 0.016327
0 0.454058 1.028571 0.035222 0.118367
0 0.435681 1.039796 0.019908 0.063265
0 0.423430 0.743878 0.029096 0.095918
0 0.405054 0.752041 0.010720 0.034694
0 0.366003 0.403061 0.015314 0.030612
0 0.384380 0.493878 0.018377 0.024490
0 0.354518 0.489796 0.016845 0.016327
0 0.583461 0.544898 0.015314 0.020408
0 0.549005 0.636735 0.007657 0.024490
0 0.583461 0.821429 0.012251 0.030612
0 0.616386 0.833673 0.010720 0.022449
0 0.410413 0.635714 0.009188 0.022449
0 0.432619 0.654082 0.016845 0.026531
0 0.417305 0.597959 0.010720 0.028571
0 0.313936 0.598980 0.024502 0.042857
0 0.333844 0.584694 0.015314 0.038776
0 0.170750 0.235714 0.292496 0.238776
0 0.298622 0.463265 0.355283 0.208163
