0 0.892143 0.493639 0.064286 0.279898
0 0.867857 0.433842 0.052857 0.236641
0 0.777857 0.479644 0.064286 0.282443
0 0.752857 0.447837 0.054286 0.239186
0 0.709286 0.441476 0.044286 0.190840
0 0.677857 0.479644 0.064286 0.287532
0 0.550000 0.590331 0.120000 0.524173
0 0.440000 0.494911 0.074286 0.328244
0 0.438571 0.456743 0.054286 0.241730
0 0.464286 0.438931 0.045714 0.206107
0 0.485000 0.427481 0.038571 0.167939
0 0.366429 0.408397 0.035714 0.160305
0 0.354286 0.421120 0.037143 0.170483
0 0.325714 0.435115 0.048571 0.208651
0 0.282857 0.463104 0.057143 0.249364
0 0.292857 0.438931 0.045714 0.206107
0 0.217143 0.473282 0.065714 0.284987
0 0.194286 0.601781 0.068571 0.297710
0 0.258571 0.749364 0.071429 0.312977
0 0.122143 0.431298 0.032857 0.150127
0 0.033571 0.427481 0.035714 0.162850
0 0.020714 0.505089 0.041429 0.277354
0 0.077857 0.632316 0.081429 0.353690
