0 0.164207 0.341000 0.158672 0.210000
0 0.630996 0.324000 0.191882 0.252000
0 0.785978 0.323000 0.147601 0.202000
0 0.826568 0.309000 0.147601 0.202000
0 0.957565 0.359000 0.166052 0.222000
0 1.250923 0.354000 0.169742 0.232000
0 1.444649 0.345000 0.180812 0.246000
0 1.496310 0.331000 0.180812 0.238000
0 1.664207 0.341000 0.184502 0.242000
0 1.564576 0.291000 0.110701 0.150000
0 1.747232 0.289000 0.121771 0.162000
0 1.723247 0.291000 0.095941 0.134000
0 1.791513 0.312000 0.107011 0.164000
0 0.212177 0.317000 0.136531 0.186000
0 0.330258 0.321000 0.129151 0.170000
0 0.392989 0.318000 0.136531 0.180000
0 0.500000 0.305000 0.136531 0.182000
0 0.070111 0.324000 0.125461 0.164000
0 0.105166 0.332000 0.099631 0.136000
0 0.929889 0.247000 0.044280 0.030000
0 1.350554 0.248000 0.044280 0.032000
0 1.280443 0.226000 0.066421 0.036000
