0 0.447000 0.528529 0.238000 0.870871
0 0.286000 0.121622 0.052000 0.201201
0 0.634000 0.093093 0.028000 0.114114
0 0.597000 0.097598 0.030000 0.117117
0 0.574000 0.111111 0.028000 0.108108
0 0.556000 0.108108 0.036000 0.132132
0 0.530000 0.105105 0.040000 0.150150
0 0.504000 0.085586 0.028000 0.105105
0 0.417000 0.109610 0.030000 0.117117
0 0.397000 0.141141 0.018000 0.066066
0 0.391000 0.093093 0.042000 0.162162
0 0.359000 0.100601 0.030000 0.117117
0 0.333000 0.070571 0.022000 0.081081
0 0.677000 0.070571 0.034000 0.129129
0 0.660000 0.085586 0.028000 0.105105
0 0.895000 0.099099 0.030000 0.114114
0 0.315000 0.060060 0.022000 0.030030
0 0.462000 0.055556 0.032000 0.033033
0 0.704000 0.040541 0.020000 0.051051
