0 0.087041 0.434058 0.069632 0.131884
0 0.118956 0.463768 0.098646 0.179710
0 0.194391 0.458696 0.110251 0.201449
0 0.257253 0.455072 0.096712 0.179710
0 0.320116 0.465217 0.102515 0.188406
0 0.309478 0.450000 0.100580 0.184058
0 0.353965 0.468841 0.096712 0.175362
0 0.382012 0.468841 0.090909 0.169565
0 0.443907 0.474638 0.090909 0.169565
0 0.419729 0.458696 0.092843 0.169565
0 0.492263 0.417391 0.048356 0.086957
0 0.468085 0.418841 0.046422 0.084058
0 0.656673 0.489855 0.110251 0.205797
0 0.707930 0.453623 0.069632 0.130435
0 0.725338 0.413043 0.030948 0.060870
0 0.753385 0.433333 0.075435 0.139130
0 0.780464 0.439855 0.071567 0.131884
0 0.870406 0.468841 0.119923 0.221739
0 0.903288 0.459420 0.108317 0.197101
0 0.957447 0.459420 0.085106 0.159420
0 1.095745 0.492029 0.125725 0.230435
0 1.147969 0.497826 0.148936 0.271014
0 1.188588 0.526087 0.156673 0.289855
0 1.217602 0.447101 0.087041 0.160870
0 1.299807 0.456522 0.069632 0.165217
0 1.041586 0.431159 0.059961 0.108696
0 1.011605 0.431159 0.054159 0.102899
0 1.065764 0.419565 0.050290 0.091304
0 0.223404 0.386232 0.032882 0.030435
0 0.289168 0.378986 0.025145 0.033333
0 0.402321 0.376087 0.042553 0.039130
0 0.695358 0.373913 0.021277 0.020290
0 0.805609 0.379710 0.032882 0.020290
