0 1.561141 0.306667 0.062500 0.093333
0 1.582880 0.304167 0.051630 0.078333
0 1.523098 0.317500 0.062500 0.095000
0 1.504076 0.319167 0.067935 0.105000
0 1.476902 0.329167 0.067935 0.105000
0 1.452446 0.337500 0.073370 0.111667
0 1.411685 0.341667 0.089674 0.136667
0 1.365489 0.349167 0.089674 0.135000
0 1.305707 0.364167 0.089674 0.138333
0 1.251359 0.378333 0.105978 0.160000
0 1.191576 0.385833 0.105978 0.161667
0 1.105978 0.413333 0.119565 0.180000
0 1.039402 0.430833 0.138587 0.211667
0 0.929348 0.464167 0.157609 0.241667
0 0.730978 0.484167 0.152174 0.231667
0 0.459239 0.505833 0.130435 0.198333
0 0.538043 0.456667 0.152174 0.230000
0 0.366848 0.421667 0.141304 0.213333
0 0.263587 0.478333 0.163043 0.250000
0 0.139946 0.447500 0.154891 0.231667
0 0.038043 0.402500 0.076087 0.185000
0 0.047554 0.335000 0.084239 0.126667
0 0.305707 0.330833 0.073370 0.108333
0 0.248641 0.280000 0.051630 0.076667
0 0.158967 0.283333 0.062500 0.096667
0 0.667120 0.356667 0.089674 0.136667
0 0.845109 0.399167 0.125000 0.188333
0 0.808424 0.358333 0.089674 0.140000
0 0.434783 0.325000 0.076087 0.116667
0 0.402174 0.341667 0.081522 0.126667
0 0.460598 0.299167 0.062500 0.095000
0 0.610054 0.299167 0.067935 0.101667
0 0.108696 0.258333 0.038043 0.026667
0 0.338315 0.269167 0.035326 0.021667
0 0.385870 0.260833 0.038043 0.018333
0 0.270380 0.233333 0.024457 0.020000
0 0.311141 0.249167 0.029891 0.011667
0 0.351902 0.239167 0.024457 0.015000
0 0.408967 0.241667 0.029891 0.023333
0 0.485054 0.260000 0.024457 0.013333
0 0.539402 0.312500 0.040761 0.028333
0 0.539402 0.289167 0.035326 0.018333
0 0.554348 0.273333 0.027174 0.020000
0 0.748641 0.287500 0.046196 0.021667
0 0.707880 0.267500 0.029891 0.018333
0 0.677989 0.255833 0.019022 0.018333
0 0.769022 0.267500 0.038043 0.021667
0 0.822011 0.275833 0.029891 0.015000
0 0.896739 0.294167 0.048913 0.028333
0 0.949728 0.317500 0.035326 0.021667
0 1.028533 0.310000 0.035326 0.016667
0 1.080163 0.298333 0.057065 0.020000
0 1.004076 0.277500 0.029891 0.015000
0 1.055707 0.274167 0.035326 0.018333
0 1.103261 0.272500 0.038043 0.008333
0 1.135870 0.291667 0.038043 0.016667
0 1.207880 0.285000 0.046196 0.023333
0 1.267663 0.284167 0.040761 0.015000
0 1.302989 0.280833 0.024457 0.015000
0 1.338315 0.280833 0.040761 0.015000
0 1.012228 0.245000 1.198370 0.056667
0 1.130435 0.154167 0.994565 0.161667
