0 1.464353 0.193125 0.073171 0.141250
0 1.436210 0.140625 0.069418 0.116250
0 1.420263 0.146250 0.071295 0.120000
0 1.406191 0.150000 0.073171 0.120000
0 1.382739 0.156250 0.071295 0.117500
0 1.355535 0.160625 0.073171 0.118750
0 1.331144 0.163750 0.073171 0.120000
0 1.301126 0.171875 0.073171 0.121250
0 1.277674 0.178750 0.075047 0.125000
0 1.247655 0.182500 0.082552 0.135000
0 1.212946 0.131875 0.069418 0.113750
0 1.199812 0.146250 0.065666 0.110000
0 1.181051 0.143750 0.069418 0.112500
0 1.153846 0.153125 0.071295 0.116250
0 1.138837 0.154375 0.071295 0.116250
0 1.112570 0.159375 0.071295 0.118750
0 1.085366 0.165000 0.076923 0.125000
0 1.050657 0.175625 0.078799 0.131250
0 1.020638 0.178125 0.078799 0.128750
0 0.992495 0.136250 0.067542 0.112500
0 0.970919 0.144375 0.073171 0.118750
0 0.951220 0.145625 0.067542 0.111250
0 0.921201 0.152500 0.071295 0.115000
0 0.895872 0.154375 0.073171 0.118750
0 0.821764 0.165625 0.071295 0.118750
0 0.785178 0.166875 0.080675 0.131250
0 0.864916 0.180000 0.086304 0.142500
0 0.757036 0.129375 0.065666 0.111250
0 0.726079 0.136250 0.075047 0.122500
0 0.700750 0.139375 0.076923 0.128750
0 0.654784 0.147500 0.071295 0.115000
0 0.629456 0.152500 0.076923 0.125000
0 0.583490 0.155000 0.071295 0.120000
0 0.554409 0.161250 0.076923 0.127500
0 0.530957 0.118750 0.075047 0.122500
0 0.492495 0.127500 0.069418 0.115000
0 0.463415 0.128125 0.067542 0.113750
0 0.434334 0.137500 0.073171 0.120000
0 0.401501 0.141250 0.078799 0.127500
0 0.367730 0.150000 0.078799 0.127500
0 0.347092 0.156250 0.082552 0.137500
0 0.317073 0.151875 0.078799 0.131250
0 0.292683 0.115625 0.075047 0.123750
0 0.243902 0.126250 0.071295 0.117500
0 0.212946 0.129375 0.073171 0.118750
0 0.177298 0.138125 0.073171 0.121250
0 0.140713 0.140000 0.075047 0.125000
0 0.097561 0.143125 0.078799 0.131250
0 0.045028 0.113750 0.067542 0.112500
0 0.023452 0.126250 0.046904 0.125000
0 0.040338 0.330625 0.080675 0.188750
0 0.053471 0.426875 0.106942 0.198750
0 0.162289 0.406875 0.136961 0.223750
0 0.245779 0.384375 0.120075 0.198750
0 0.333021 0.356875 0.118199 0.191250
0 0.407129 0.313750 0.116323 0.190000
0 0.371482 0.458750 0.146341 0.240000
0 0.481238 0.443125 0.133208 0.216250
0 0.607880 0.429375 0.135084 0.221250
0 0.696998 0.400000 0.121951 0.200000
0 0.772983 0.370000 0.127580 0.210000
0 0.832083 0.352500 0.121951 0.200000
0 0.867730 0.473125 0.140713 0.231250
0 0.938086 0.473125 0.123827 0.203750
0 1.020638 0.440625 0.123827 0.203750
0 1.087242 0.424375 0.125704 0.206250
0 1.145403 0.378125 0.140713 0.228750
0 1.196060 0.358750 0.136961 0.225000
0 1.280488 0.491875 0.144465 0.236250
0 1.354597 0.469375 0.150094 0.243750
0 0.353659 0.240625 0.039400 0.028750
0 0.085366 0.030625 0.031895 0.016250
0 0.092871 0.056250 0.024390 0.025000
0 0.122889 0.055000 0.028143 0.022500
0 0.152908 0.052500 0.028143 0.025000
0 0.182927 0.050000 0.024390 0.030000
0 0.217636 0.045625 0.033771 0.031250
0 0.254221 0.043750 0.028143 0.030000
0 0.278612 0.034375 0.024390 0.023750
0 0.315197 0.026250 0.026266 0.027500
0 0.336773 0.021250 0.024390 0.027500
0 0.358349 0.021250 0.018762 0.025000
0 0.402439 0.011250 0.028143 0.020000
0 0.318949 0.063750 0.022514 0.017500
0 0.353659 0.060000 0.028143 0.022500
0 0.416510 0.055625 0.030019 0.021250
0 0.450281 0.048125 0.033771 0.016250
0 0.482176 0.046875 0.026266 0.021250
0 0.508443 0.037500 0.022514 0.017500
0 0.522514 0.030000 0.020638 0.020000
0 0.564728 0.037500 0.022514 0.017500
0 0.622889 0.041250 0.015009 0.015000
0 0.664165 0.043750 0.022514 0.015000
0 0.705441 0.047500 0.022514 0.017500
0 0.731707 0.043125 0.018762 0.016250
0 0.763602 0.044375 0.030019 0.018750
0 0.794559 0.027500 0.020638 0.015000
0 0.868668 0.026875 0.033771 0.018750
0 0.916510 0.011250 0.031895 0.015000
0 0.948405 0.010000 0.028143 0.017500
0 0.567542 0.071250 0.024390 0.017500
0 0.605066 0.067500 0.039400 0.025000
0 0.637899 0.065625 0.022514 0.018750
0 0.777674 0.079375 0.024390 0.018750
0 0.815197 0.073750 0.024390 0.015000
0 0.840525 0.069375 0.022514 0.018750
0 0.872420 0.066875 0.030019 0.021250
0 0.893996 0.055625 0.028143 0.021250
0 0.924015 0.058750 0.020638 0.015000
0 0.968105 0.045625 0.018762 0.023750
0 1.029081 0.031250 0.028143 0.025000
0 1.023452 0.092500 0.016886 0.022500
0 1.045028 0.081875 0.045028 0.018750
0 1.067542 0.069375 0.033771 0.018750
0 1.239212 0.089375 0.031895 0.016250
0 1.258912 0.081875 0.033771 0.021250
0 1.462477 0.088750 0.031895 0.017500
0 1.443715 0.043750 0.043152 0.015000
0 1.395872 0.039375 0.033771 0.018750
