0 0.188965 0.750737 0.047852 0.176991
0 0.240234 0.758112 0.044922 0.168142
0 0.294434 0.745575 0.038086 0.140118
0 0.314453 0.748525 0.046875 0.175516
0 0.333496 0.747050 0.041992 0.157817
0 0.354492 0.760324 0.041016 0.154867
0 0.379395 0.752950 0.043945 0.160767
0 0.395020 0.721239 0.022461 0.082596
0 0.441406 0.750737 0.048828 0.179941
0 0.487793 0.704277 0.014648 0.057522
0 0.477051 0.724189 0.018555 0.070796
0 0.510254 0.766224 0.040039 0.148968
0 0.543457 0.762537 0.038086 0.144543
0 0.572266 0.761799 0.039062 0.143068
0 0.596191 0.753687 0.045898 0.168142
0 0.637695 0.761062 0.042969 0.159292
0 0.675293 0.760324 0.041992 0.157817
0 0.831055 0.734513 0.056641 0.209440
0 0.903809 0.735988 0.053711 0.203540
0 0.957031 0.742625 0.025391 0.030973
0 0.771484 0.735251 0.013672 0.030973
0 0.754883 0.726401 0.015625 0.025074
0 0.157715 0.727139 0.022461 0.020649
0 0.124023 0.721976 0.011719 0.022124
0 0.650391 0.671091 0.019531 0.026549
0 0.624512 0.684366 0.014648 0.023599
0 0.713867 0.726401 0.013672 0.022124
