0 0.052553 0.345000 0.105105 0.174000
0 0.205706 0.408000 0.201201 0.332000
0 0.396396 0.427000 0.198198 0.322000
0 0.759760 0.429000 0.222222 0.362000
0 0.890390 0.408000 0.201201 0.332000
0 1.043544 0.356000 0.105105 0.176000
0 1.214715 0.421000 0.189189 0.314000
0 1.325826 0.430000 0.183183 0.296000
0 1.459459 0.371000 0.084084 0.190000
0 0.036036 0.144000 0.072072 0.216000
0 0.151652 0.147000 0.135135 0.222000
0 0.277778 0.157000 0.129129 0.210000
0 0.411411 0.156000 0.120120 0.196000
0 0.557057 0.166000 0.123123 0.204000
0 0.665165 0.159000 0.117117 0.194000
0 0.854354 0.153000 0.093093 0.154000
0 0.986486 0.174000 0.123123 0.204000
0 1.150150 0.161000 0.132132 0.222000
0 1.346847 0.164000 0.129129 0.212000
