0 0.035135 0.445799 0.070270 0.279133
0 0.332432 0.468835 0.113514 0.417344
0 0.356757 0.314363 0.054054 0.200542
0 0.450450 0.444444 0.115315 0.422764
0 0.526126 0.514905 0.158559 0.585366
0 0.569369 0.417344 0.090090 0.330623
0 0.676577 0.501355 0.171171 0.628726
0 0.592793 0.302168 0.046847 0.176152
0 0.616216 0.296748 0.043243 0.159892
0 0.818919 0.398374 0.081081 0.303523
0 0.910811 0.437669 0.102703 0.376694
0 0.113514 0.356369 0.046847 0.176152
0 0.772973 0.350949 0.050450 0.186992
0 0.048649 0.292683 0.046847 0.113821
0 0.087387 0.407859 0.037838 0.121951
0 0.162162 0.407859 0.061261 0.116531
0 0.151351 0.313008 0.046847 0.111111
0 0.223423 0.330623 0.061261 0.092141
0 0.272973 0.295393 0.030631 0.059621
0 0.468468 0.241192 0.032432 0.048780
0 0.472973 0.289973 0.030631 0.065041
0 0.410811 0.252033 0.014414 0.059621
0 0.877477 0.285908 0.043243 0.067751
0 0.850450 0.260163 0.039640 0.065041
0 0.882883 0.250678 0.050450 0.078591
0 0.961261 0.283198 0.045045 0.067751
