0 0.310145 0.690522 0.095652 0.313346
0 0.347826 0.628627 0.075362 0.247582
0 0.415217 0.600580 0.050725 0.172147
0 0.457971 0.653772 0.092754 0.301741
0 0.502899 0.757253 0.139130 0.458414
0 0.563768 0.667311 0.084058 0.274662
0 0.647826 0.661509 0.086957 0.286267
0 0.694928 0.756286 0.123188 0.402321
0 0.765217 0.650870 0.078261 0.261122
0 0.816667 0.597679 0.050725 0.170213
0 0.850725 0.592843 0.055072 0.183752
0 0.881884 0.708897 0.117391 0.384913
0 0.913768 0.828820 0.091304 0.303675
0 0.220290 0.656673 0.072464 0.098646
0 0.232609 0.815280 0.178261 0.350097
0 0.378261 0.859768 0.101449 0.264990
0 0.034783 0.893617 0.069565 0.197292
0 0.536232 0.555126 0.057971 0.073501
0 0.685507 0.537718 0.034783 0.050290
0 0.667391 0.558994 0.021739 0.034816
0 0.952899 0.575435 0.036232 0.087041
0 0.978986 0.541586 0.033333 0.050290
0 0.974638 0.625725 0.044928 0.137331
