0 0.219324 0.679710 0.088889 0.327536
0 0.357971 0.911594 0.116908 0.428986
0 0.506763 0.899275 0.113043 0.418841
0 0.630435 0.806522 0.072464 0.424638
0 0.363768 0.695652 0.097585 0.356522
0 0.305797 0.544203 0.080193 0.297101
0 0.387440 0.531159 0.079227 0.291304
0 0.457971 0.513768 0.077295 0.282609
0 0.536715 0.498551 0.080193 0.298551
0 0.599034 0.509420 0.077295 0.285507
0 0.427053 1.341304 0.249275 0.308696
0 0.031401 0.729710 0.062802 0.186957
0 0.508213 0.705072 0.067633 0.114493
0 0.042029 0.656522 0.082126 0.301449
0 0.348792 0.464493 0.023188 0.184058
