0 0.231159 0.543520 0.172464 0.560928
0 0.289130 0.391683 0.062319 0.206963
0 0.689855 0.283366 0.057971 0.191489
0 0.601449 0.235977 0.026087 0.085106
0 0.583333 0.237911 0.015942 0.050290
0 0.541304 0.238878 0.024638 0.087041
0 0.932609 0.192456 0.021739 0.071567
0 0.548551 0.623791 0.036232 0.121857
0 0.638406 0.605416 0.027536 0.096712
0 0.662319 0.606383 0.028986 0.098646
0 0.677536 0.600580 0.024638 0.087041
0 0.732609 0.725338 0.094203 0.313346
0 0.118841 0.345261 0.046377 0.094778
0 0.207971 0.364603 0.184058 0.311412
0 0.258696 0.304642 0.024638 0.056093
0 0.374638 0.355899 0.073913 0.185687
0 0.402899 0.352998 0.052174 0.145068
0 0.449275 0.352031 0.086957 0.174081
0 0.334058 0.347195 0.030435 0.141199
0 0.657246 0.218569 0.015942 0.038685
0 0.681884 0.194391 0.036232 0.052224
0 0.718116 0.207930 0.033333 0.067698
0 0.743478 0.206963 0.034783 0.054159
0 0.773188 0.216634 0.024638 0.065764
0 0.785507 0.204062 0.028986 0.040619
0 0.813768 0.208897 0.018841 0.046422
0 0.826812 0.205029 0.018841 0.046422
0 0.850000 0.208897 0.021739 0.046422
0 0.595652 0.642166 0.040580 0.050290
0 0.622464 0.633462 0.027536 0.048356
0 0.597826 0.582205 0.033333 0.042553
0 0.758696 0.577369 0.024638 0.059961
0 0.714493 0.570600 0.072464 0.112186
0 0.798551 0.579304 0.040580 0.087041
0 0.815217 0.584139 0.033333 0.077369
0 0.859420 0.571567 0.028986 0.052224
0 0.879710 0.575435 0.031884 0.079304
0 0.910145 0.573501 0.026087 0.063830
