0 0.067383 0.578732 0.134766 0.699387
0 0.029297 0.285276 0.033203 0.173824
0 0.129395 0.461145 0.077148 0.394683
0 0.202148 0.437628 0.074219 0.384458
0 0.290527 0.616564 0.100586 0.517382
0 0.252441 0.400818 0.024414 0.130879
0 0.378906 0.501022 0.095703 0.490798
0 0.475098 0.620654 0.133789 0.685072
0 0.623535 0.576687 0.092773 0.478528
0 0.801270 0.482618 0.106445 0.548057
0 0.865723 0.483640 0.096680 0.501022
0 0.943359 0.422290 0.060547 0.308793
0 0.958008 0.420245 0.083984 0.427403
0 0.969238 0.458078 0.061523 0.449898
0 0.925781 0.401840 0.054688 0.280164
0 0.770020 0.314928 0.038086 0.200409
0 0.708008 0.334356 0.042969 0.222904
0 0.645996 0.349693 0.028320 0.151329
0 0.035156 0.278119 0.027344 0.077710
0 0.094238 0.261759 0.022461 0.089980
0 0.123535 0.235174 0.018555 0.061350
0 0.145508 0.262781 0.021484 0.104294
0 0.193359 0.213701 0.023438 0.042945
0 0.212891 0.264826 0.037109 0.100204
0 0.227051 0.234151 0.018555 0.051125
0 0.241211 0.249489 0.017578 0.049080
0 0.244629 0.305726 0.024414 0.067485
0 0.301758 0.291411 0.029297 0.075665
0 0.304688 0.219836 0.025391 0.038855
0 0.331055 0.207566 0.031250 0.055215
0 0.532715 0.232106 0.040039 0.079755
0 0.583008 0.308793 0.060547 0.159509
0 0.681152 0.280164 0.022461 0.102249
0 0.632812 0.354806 0.062500 0.096115
0 0.658203 0.289366 0.017578 0.034765
0 0.647949 0.233129 0.018555 0.036810
0 0.658203 0.225971 0.015625 0.059305
0 0.637207 0.183027 0.016602 0.055215
0 0.742188 0.271984 0.039062 0.106339
0 0.729004 0.310838 0.043945 0.139059
0 0.979004 0.226994 0.026367 0.069530
0 0.937012 0.236196 0.016602 0.051125
0 0.860840 0.211656 0.020508 0.034765
