0 0.074510 0.285833 0.109804 0.115000
0 0.176471 0.284167 0.101961 0.111667
0 0.288235 0.285833 0.105882 0.108333
0 0.533333 0.282500 0.125490 0.135000
0 0.605882 0.296667 0.090196 0.093333
0 0.713725 0.298333 0.086275 0.090000
0 0.760784 0.305833 0.078431 0.085000
0 0.866667 0.304167 0.086275 0.091667
0 0.898039 0.303333 0.078431 0.086667
0 1.001961 0.288333 0.137255 0.146667
0 1.105882 0.303333 0.086275 0.090000
0 1.166667 0.305000 0.082353 0.090000
0 1.211765 0.307500 0.086275 0.095000
0 1.307843 0.306667 0.082353 0.086667
0 1.358824 0.309167 0.082353 0.088333
0 1.464706 0.312500 0.082353 0.091667
0 1.523529 0.308333 0.098039 0.100000
0 1.627451 0.310833 0.086275 0.095000
0 1.588235 0.295000 0.149020 0.160000
0 1.700000 0.310000 0.098039 0.100000
0 1.762745 0.297500 0.152941 0.161667
0 1.876471 0.312500 0.090196 0.098333
0 1.935294 0.315833 0.082353 0.091667
0 2.035294 0.316667 0.094118 0.100000
0 2.098039 0.317500 0.094118 0.101667
0 2.178431 0.315833 0.098039 0.101667
0 2.262745 0.320000 0.086275 0.090000
0 2.319608 0.319167 0.066667 0.105000
