0 0.287440 0.489167 0.217391 0.365000
0 0.132850 0.365000 0.135266 0.230000
0 0.041063 0.326667 0.082126 0.180000
0 0.114734 0.335000 0.113527 0.193333
0 0.189614 0.325000 0.079710 0.133333
0 0.275362 0.261667 0.043478 0.076667
0 0.218599 0.263333 0.055556 0.096667
0 0.326087 0.375000 0.164251 0.276667
0 0.427536 0.333333 0.106280 0.183333
0 0.514493 0.337500 0.115942 0.195000
0 0.542271 0.326667 0.099034 0.166667
0 0.602657 0.325000 0.089372 0.153333
0 0.641304 0.345833 0.108696 0.181667
0 0.708937 0.337500 0.118357 0.201667
0 0.754831 0.325000 0.094203 0.163333
0 0.804348 0.340000 0.096618 0.166667
0 0.885266 0.328333 0.108696 0.183333
0 0.962560 0.329167 0.084541 0.148333
0 1.041063 0.359167 0.159420 0.268333
0 1.112319 0.321667 0.055556 0.093333
0 1.150966 0.305000 0.050725 0.086667
0 0.916667 0.265000 0.041063 0.040000
0 0.851449 0.286667 0.050725 0.060000
0 0.672705 0.264167 0.041063 0.035000
0 0.492754 0.245833 0.028986 0.038333
0 0.463768 0.274167 0.038647 0.095000
0 0.149758 0.239167 0.048309 0.051667
0 1.211353 0.466667 0.471014 0.440000
