0 0.894895 0.367000 0.066066 0.114000
0 0.974474 0.367000 0.075075 0.126000
0 1.124625 0.377000 0.087087 0.142000
0 1.093093 0.515000 0.174174 0.282000
0 1.186186 0.530000 0.156156 0.252000
0 1.244745 0.512000 0.171171 0.280000
0 1.363363 0.387000 0.078078 0.126000
0 1.405405 0.498000 0.162162 0.264000
0 0.621622 0.541000 0.144144 0.234000
0 0.791291 0.525000 0.165165 0.274000
0 0.758258 0.383000 0.093093 0.158000
0 0.684685 0.361000 0.072072 0.118000
0 0.560060 0.369000 0.081081 0.130000
0 0.527027 0.515000 0.171171 0.282000
0 0.447447 0.528000 0.162162 0.268000
0 0.183183 0.326000 0.060060 0.024000
0 0.112613 0.348000 0.051051 0.060000
0 0.061562 0.333000 0.045045 0.042000
0 0.030030 0.347000 0.060060 0.066000
0 0.048048 0.416000 0.096096 0.132000
0 0.133634 0.390000 0.093093 0.112000
0 0.205706 0.349000 0.057057 0.034000
0 0.247748 0.366000 0.063063 0.052000
0 0.259760 0.325000 0.057057 0.026000
0 0.168168 0.425000 0.138138 0.106000
0 0.124625 0.572000 0.243243 0.176000
0 0.298799 0.537000 0.237237 0.254000
0 0.273273 0.376000 0.102102 0.084000
0 0.322823 0.360000 0.051051 0.052000
0 0.366366 0.333000 0.060060 0.046000
0 0.411411 0.371000 0.078078 0.070000
0 0.361862 0.425000 0.117117 0.122000
0 0.438438 0.470000 0.138138 0.140000
0 0.496997 0.387000 0.075075 0.058000
0 0.537538 0.416000 0.096096 0.104000
0 0.507508 0.357000 0.078078 0.034000
0 0.578078 0.399000 0.087087 0.058000
0 0.659159 0.412000 0.087087 0.092000
0 0.495495 0.561000 0.318318 0.190000
0 0.888889 0.399000 0.066066 0.050000
0 0.866366 0.424000 0.075075 0.056000
0 0.858859 0.563000 0.270270 0.198000
0 0.966967 0.485000 0.114114 0.218000
0 0.906907 0.617000 0.246246 0.090000
0 1.288288 0.599000 0.258258 0.122000
0 1.250751 0.399000 0.147147 0.126000
0 1.415916 0.546000 0.159159 0.220000
0 1.328829 0.513000 0.147147 0.086000
0 0.660661 0.343000 0.102102 0.074000
