0 0.016667 0.394649 0.028889 0.107023
0 0.072222 0.242475 0.028889 0.110368
0 0.127778 0.237458 0.033333 0.120401
0 0.083333 0.545151 0.033333 0.120401
0 0.122222 0.531773 0.031111 0.113712
0 0.128889 0.506689 0.026667 0.110368
0 0.227778 0.347826 0.024444 0.100334
0 0.223333 0.287625 0.024444 0.093645
0 0.251111 0.289298 0.022222 0.083612
0 0.397778 0.239130 0.026667 0.103679
0 0.436667 0.088629 0.020000 0.083612
0 0.447778 0.060201 0.024444 0.086957
0 0.471111 0.272575 0.031111 0.123746
0 0.183333 0.637124 0.028889 0.103679
0 0.232222 0.645485 0.028889 0.107023
0 0.253333 0.637124 0.026667 0.110368
0 0.281111 0.635452 0.028889 0.113712
0 0.340000 0.648829 0.026667 0.107023
0 0.331111 0.596990 0.026667 0.096990
0 0.314444 0.563545 0.028889 0.117057
0 0.373333 0.500000 0.026667 0.103679
0 0.383333 0.618729 0.033333 0.120401
0 0.401111 0.692308 0.028889 0.113712
0 0.413333 0.657191 0.035556 0.130435
0 0.433333 0.618729 0.035556 0.133779
0 0.400000 0.585284 0.026667 0.100334
0 0.446667 0.483278 0.026667 0.103679
0 0.471111 0.473244 0.031111 0.117057
0 0.473333 0.608696 0.026667 0.100334
0 0.495556 0.618729 0.031111 0.120401
0 0.507778 0.530100 0.028889 0.103679
0 0.525556 0.578595 0.028889 0.113712
0 0.544444 0.488294 0.026667 0.107023
0 0.601111 0.282609 0.020000 0.083612
0 0.577778 0.560201 0.026667 0.110368
0 0.556667 0.658863 0.024444 0.100334
0 0.510000 0.695652 0.033333 0.120401
0 0.565556 0.770903 0.033333 0.123746
0 0.565556 0.821070 0.033333 0.130435
0 0.537778 0.874582 0.031111 0.123746
0 0.500000 0.866221 0.031111 0.120401
0 0.481111 0.826087 0.037778 0.147157
0 0.471111 0.928094 0.026667 0.110368
0 0.493333 0.523411 0.026667 0.110368
0 0.611111 0.683946 0.031111 0.117057
0 0.617778 0.560201 0.031111 0.117057
0 0.654444 0.526756 0.028889 0.103679
0 0.658889 0.648829 0.028889 0.113712
0 0.681111 0.705686 0.033333 0.120401
0 0.732222 0.714047 0.028889 0.117057
0 0.715556 0.652174 0.031111 0.120401
0 0.688889 0.598662 0.026667 0.107023
0 0.714444 0.575251 0.024444 0.100334
0 0.737778 0.565217 0.031111 0.127090
0 0.752222 0.637124 0.028889 0.117057
0 0.684444 0.836120 0.035556 0.133779
0 0.643333 0.874582 0.033333 0.123746
0 0.647778 0.795987 0.033333 0.127090
0 0.711111 0.941472 0.026667 0.103679
0 0.747778 0.861204 0.037778 0.137124
0 0.805556 0.767559 0.033333 0.123746
0 0.802222 0.648829 0.022222 0.093645
0 0.817778 0.617057 0.026667 0.110368
0 0.847778 0.670569 0.028889 0.117057
0 0.925556 0.931438 0.028889 0.110368
0 0.890000 0.946488 0.024444 0.086957
0 0.825556 0.928094 0.028889 0.103679
0 0.801111 0.933110 0.028889 0.113712
0 0.771111 0.938127 0.031111 0.117057
0 0.454444 0.265886 0.020000 0.070234
0 0.954444 0.814381 0.033333 0.123746
0 0.953333 0.700669 0.026667 0.103679
0 0.908889 0.513378 0.022222 0.083612
0 0.982222 0.399666 0.026667 0.103679
0 0.941111 0.404682 0.020000 0.080268
0 0.857778 0.387960 0.022222 0.086957
0 0.781111 0.411371 0.020000 0.080268
0 0.966667 0.267559 0.017778 0.073579
0 0.972222 0.163880 0.020000 0.080268
0 0.881111 0.175585 0.020000 0.070234
0 0.837778 0.224080 0.017778 0.066890
0 0.783333 0.167224 0.020000 0.080268
0 0.704444 0.214047 0.017778 0.073579
0 0.556667 0.158863 0.011111 0.050167
0 0.354444 0.145485 0.020000 0.076923
0 0.341111 0.125418 0.015556 0.063545
0 0.671111 0.100334 0.022222 0.080268
0 0.682222 0.076923 0.022222 0.086957
0 0.703333 0.026756 0.011111 0.053512
0 0.730000 0.086957 0.015556 0.066890
0 0.744444 0.086957 0.013333 0.060201
0 0.808889 0.123746 0.022222 0.080268
0 0.781111 0.065217 0.020000 0.083612
0 0.801111 0.033445 0.015556 0.066890
0 0.833333 0.030100 0.013333 0.060201
0 0.742222 0.030100 0.013333 0.060201
0 0.503333 0.978261 0.037778 0.036789
0 0.558889 0.956522 0.046667 0.080268
0 0.621111 0.963211 0.037778 0.066890
0 0.632222 0.928094 0.024444 0.056856
0 0.692222 0.958194 0.042222 0.063545
0 0.710000 0.936455 0.024444 0.066890
0 0.713333 0.872910 0.031111 0.053512
0 0.788889 0.974916 0.022222 0.043478
0 0.802222 0.929766 0.031111 0.080268
0 0.877778 0.938127 0.035556 0.076923
0 0.311111 0.510033 0.031111 0.063545
0 0.410000 0.518395 0.033333 0.060201
0 0.498889 0.540134 0.028889 0.063545
