0 0.377500 0.465058 0.195000 0.321131
0 0.473750 0.475874 0.127500 0.209651
0 0.441250 0.451747 0.162500 0.267887
0 0.681250 0.346090 0.382500 0.625624
0 0.873750 0.456739 0.237500 0.387687
0 1.106250 0.491681 0.117500 0.194676
0 0.993750 0.497504 0.107500 0.173045
0 1.046250 0.496672 0.112500 0.181364
0 1.222500 0.511647 0.110000 0.184692
0 1.272500 0.532446 0.090000 0.146423
0 1.337500 0.521631 0.100000 0.161398
0 1.358750 0.498336 0.117500 0.194676
0 1.151250 0.531614 0.077500 0.131448
0 0.057500 0.533278 0.100000 0.154742
0 0.120000 0.502496 0.185000 0.199667
0 0.156250 0.464226 0.092500 0.076539
0 0.226250 0.538270 0.097500 0.134775
0 0.193750 0.411814 0.122500 0.098170
0 0.271250 0.424293 0.097500 0.056572
0 0.242500 0.508319 0.095000 0.151414
0 0.545000 0.490849 0.045000 0.076539
0 0.586250 0.533278 0.092500 0.111481
0 0.572500 0.414309 0.090000 0.049917
0 1.047500 0.501664 0.070000 0.164725
0 1.148750 0.441764 0.047500 0.048253
0 1.232500 0.403494 0.090000 0.051581
0 1.298750 0.429285 0.087500 0.069884
0 1.452500 0.536606 0.080000 0.141431
0 1.445000 0.445092 0.045000 0.054908
0 1.461250 0.454243 0.062500 0.073211
0 0.138750 0.273710 0.272500 0.524126
