0 0.169444 0.325251 0.125556 0.463211
0 0.228333 0.253344 0.074444 0.275920
0 0.308333 0.281773 0.081111 0.302676
0 0.332222 0.240803 0.051111 0.187291
0 0.415556 0.275084 0.073333 0.269231
0 0.432222 0.227425 0.046667 0.173913
0 0.398333 0.234950 0.043333 0.162207
0 0.466667 0.227425 0.037778 0.137124
0 0.514444 0.202341 0.031111 0.117057
0 0.571111 0.210702 0.026667 0.103679
0 0.596111 0.206522 0.025556 0.095318
0 0.672222 0.219064 0.035556 0.133779
0 0.700000 0.238294 0.024444 0.091973
0 0.915000 0.201505 0.027778 0.102007
0 0.893333 0.206522 0.017778 0.068562
0 0.276111 0.093645 0.025556 0.086957
0 0.300000 0.091137 0.020000 0.055184
0 0.349444 0.207358 0.032222 0.103679
0 0.582222 0.172241 0.011111 0.043478
0 0.611111 0.185619 0.022222 0.056856
0 0.637222 0.181438 0.025556 0.051839
