0 0.149709 0.488263 0.066860 0.267606
0 0.139535 0.440141 0.058140 0.232394
0 0.173692 0.427230 0.059593 0.239437
0 0.207849 0.490610 0.095930 0.375587
0 0.244913 0.553991 0.097384 0.389671
0 0.250727 0.392019 0.047965 0.197183
0 0.292878 0.375587 0.042151 0.169014
0 0.333576 0.373239 0.036337 0.140845
0 0.339390 0.597418 0.117733 0.467136
0 0.491279 0.636150 0.122093 0.488263
0 0.705669 0.532864 0.187500 0.737089
0 0.922965 0.634977 0.087209 0.349765
0 0.904797 0.464789 0.097384 0.384977
0 0.844477 0.420188 0.075581 0.295775
0 0.783430 0.406103 0.055233 0.215962
0 0.627180 0.369718 0.042151 0.171362
0 0.591570 0.350939 0.046512 0.190141
0 0.520349 0.367371 0.037791 0.157277
0 0.448401 0.362676 0.091570 0.359155
0 0.390988 0.392019 0.034884 0.136150
0 0.189680 0.339202 0.021802 0.096244
0 0.944041 0.314554 0.079942 0.239437
0 0.633721 0.299296 0.029070 0.096244
