0 0.084167 0.070000 0.025000 0.040000
0 0.011667 0.057222 0.023333 0.047778
0 0.883333 0.043889 0.023333 0.041111
0 0.850000 0.043889 0.030000 0.047778
0 0.860833 0.055000 0.021667 0.036667
0 0.820000 0.047222 0.020000 0.036667
0 0.795000 0.045556 0.026667 0.044444
0 0.747500 0.048889 0.035000 0.060000
0 0.723333 0.043889 0.030000 0.047778
0 0.705833 0.047778 0.031667 0.053333
0 0.680833 0.038333 0.028333 0.047778
0 0.655000 0.040556 0.033333 0.054444
0 0.626667 0.037778 0.023333 0.040000
0 0.605000 0.035556 0.023333 0.042222
0 0.565000 0.035000 0.023333 0.038889
0 0.540833 0.026667 0.025000 0.040000
0 0.503333 0.101667 0.036667 0.058889
0 0.526667 0.085000 0.040000 0.065556
0 0.427500 0.219444 0.045000 0.072222
0 0.190000 0.180000 0.036667 0.060000
0 0.093333 0.263889 0.043333 0.072222
0 0.606667 0.391111 0.070000 0.113333
0 0.695000 0.509444 0.073333 0.121111
0 0.800000 0.662778 0.073333 0.121111
0 0.665833 0.767778 0.061667 0.102222
0 0.650833 0.637778 0.075000 0.124444
0 0.671667 0.715000 0.086667 0.141111
0 0.453333 0.563333 0.066667 0.111111
0 0.382500 0.829444 0.078333 0.127778
0 0.274167 0.934444 0.075000 0.122222
0 0.296667 0.861667 0.086667 0.141111
0 0.310000 0.817222 0.083333 0.138889
0 0.365000 0.752222 0.073333 0.122222
0 0.088333 0.818889 0.096667 0.160000
0 0.813333 0.096667 0.023333 0.042222
0 0.076667 0.305000 0.056667 0.094444
0 0.392500 0.215000 0.045000 0.072222
0 0.083333 0.188889 0.033333 0.053333
0 0.017500 0.170556 0.028333 0.047778
0 0.096667 0.182778 0.033333 0.054444
0 0.145833 0.163889 0.031667 0.052222
0 0.029167 0.238333 0.038333 0.063333
0 0.294167 0.289444 0.045000 0.072222
0 0.309167 0.243333 0.041667 0.068889
0 0.388333 0.275000 0.036667 0.063333
0 0.150833 0.258333 0.038333 0.063333
0 0.117500 0.054444 0.031667 0.020000
0 0.593333 0.025000 0.023333 0.030000
0 0.550833 0.071111 0.031667 0.017778
0 0.530833 0.081667 0.025000 0.023333
0 0.843333 0.098333 0.030000 0.023333
0 0.851667 0.081667 0.036667 0.016667
0 0.814167 0.054444 0.025000 0.020000
0 0.845000 0.058333 0.023333 0.025556
0 0.860833 0.067778 0.015000 0.013333
0 0.974167 0.040000 0.028333 0.013333
0 0.955000 0.048333 0.030000 0.018889
0 0.822500 0.112778 0.028333 0.021111
0 0.776667 0.032222 0.040000 0.022222
0 0.045833 0.194444 0.045000 0.026667
0 0.084167 0.210000 0.051667 0.028889
0 0.061667 0.235000 0.063333 0.027778
0 0.049167 0.343333 0.068333 0.020000
0 0.145000 0.287222 0.056667 0.041111
0 0.227500 0.307222 0.068333 0.027778
0 0.214167 0.261667 0.048333 0.043333
0 0.242500 0.258889 0.058333 0.053333
0 0.221667 0.203333 0.040000 0.028889
0 0.243333 0.218333 0.050000 0.045556
0 0.206667 0.226111 0.046667 0.027778
0 0.396667 0.244444 0.046667 0.044444
0 0.420000 0.235556 0.040000 0.042222
0 0.244167 0.077778 0.051667 0.028889
0 0.290000 0.087222 0.026667 0.021111
0 0.299167 0.434444 0.068333 0.026667
0 0.257500 0.464444 0.048333 0.033333
