0 1.355856 0.326000 0.237237 0.388000
0 1.277778 0.314000 0.195195 0.320000
0 1.198198 0.299000 0.144144 0.238000
0 1.067568 0.364000 0.237237 0.388000
0 0.983483 0.321000 0.177177 0.286000
0 0.887387 0.364000 0.129129 0.208000
0 0.918919 0.325000 0.162162 0.270000
0 0.801802 0.323000 0.132132 0.222000
0 0.774775 0.311000 0.150150 0.242000
0 0.594595 0.294000 0.126126 0.208000
0 0.524024 0.276000 0.093093 0.156000
0 0.478979 0.296000 0.069069 0.112000
0 0.432432 0.287000 0.096096 0.162000
0 0.372372 0.275000 0.078078 0.130000
0 0.309309 0.275000 0.060060 0.102000
0 0.268769 0.267000 0.057057 0.094000
0 0.081081 0.263000 0.036036 0.066000
0 0.049550 0.264000 0.039039 0.068000
0 0.024024 0.266000 0.036036 0.064000
0 0.043544 0.356000 0.087087 0.152000
0 0.106607 0.350000 0.075075 0.124000
0 0.177177 0.330000 0.078078 0.128000
0 0.145646 0.306000 0.075075 0.124000
0 0.222222 0.377000 0.120120 0.198000
0 0.250751 0.419000 0.135135 0.218000
0 0.367868 0.486000 0.201201 0.332000
0 0.641141 0.336000 0.075075 0.124000
0 0.120120 0.237000 0.048048 0.038000
0 0.153153 0.229000 0.024024 0.026000
0 0.168168 0.227000 0.024024 0.018000
0 0.205706 0.237000 0.045045 0.058000
0 0.247748 0.240000 0.039039 0.044000
0 0.349850 0.217000 0.039039 0.030000
0 0.403904 0.221000 0.033033 0.030000
0 0.486486 0.227000 0.048048 0.034000
0 0.543544 0.235000 0.048048 0.070000
0 0.632132 0.220000 0.057057 0.048000
0 0.711712 0.232000 0.078078 0.084000
0 0.714715 0.370000 0.108108 0.152000
0 0.845345 0.210000 0.075075 0.092000
0 0.929429 0.176000 0.075075 0.072000
0 1.457958 0.299000 0.081081 0.214000
0 0.620120 0.529000 0.333333 0.262000
0 1.141141 0.208000 0.072072 0.112000
