0 0.096000 0.380000 0.064000 0.216000
0 0.144000 0.397333 0.068000 0.224000
0 0.199000 0.416000 0.082000 0.266667
0 0.258000 0.372000 0.060000 0.200000
0 0.325000 0.389333 0.066000 0.213333
0 0.414000 0.417333 0.068000 0.221333
0 0.468000 0.388000 0.060000 0.194667
0 0.495000 0.322667 0.022000 0.074667
0 0.516000 0.329333 0.024000 0.082667
0 0.533000 0.376000 0.050000 0.170667
0 0.542000 0.428000 0.088000 0.296000
0 0.618000 0.396000 0.056000 0.184000
0 0.720000 0.400000 0.060000 0.202667
0 0.690000 0.344000 0.036000 0.117333
0 0.676000 0.342667 0.024000 0.088000
0 0.598000 0.285333 0.020000 0.037333
0 0.622000 0.274667 0.028000 0.032000
0 0.714000 0.313333 0.016000 0.050667
0 0.749000 0.316000 0.014000 0.045333
0 0.772000 0.322667 0.028000 0.058667
0 0.799000 0.316000 0.018000 0.056000
0 0.843000 0.334667 0.014000 0.056000
0 0.838000 0.306667 0.016000 0.032000
0 0.854000 0.308000 0.020000 0.045333
0 0.865000 0.305333 0.018000 0.040000
0 0.877000 0.318667 0.026000 0.056000
0 0.900000 0.340000 0.028000 0.072000
0 0.923000 0.310667 0.022000 0.040000
0 0.948000 0.325333 0.036000 0.074667
0 0.969000 0.324000 0.026000 0.082667
0 0.955000 0.310667 0.022000 0.024000
0 0.583000 0.285333 0.030000 0.048000
0 0.650000 0.602667 0.160000 0.096000
0 0.296000 0.566667 0.156000 0.082667
0 0.801000 0.522667 0.106000 0.064000
