0 0.830000 0.660000 0.200000 0.658667
0 0.890000 0.421333 0.036000 0.117333
0 0.754000 0.456000 0.044000 0.144000
0 0.712000 0.448000 0.048000 0.154667
0 0.692000 0.402667 0.020000 0.064000
0 0.677000 0.397333 0.018000 0.064000
0 0.565000 0.602667 0.230000 0.757333
0 0.500000 0.504000 0.104000 0.341333
0 0.390000 0.610667 0.228000 0.741333
0 0.184000 0.632000 0.220000 0.720000
0 0.036000 0.553333 0.072000 0.418667
0 0.084000 0.358667 0.020000 0.072000
0 0.221000 0.496000 0.090000 0.298667
0 0.269000 0.445333 0.066000 0.218667
0 0.250000 0.414667 0.040000 0.130667
0 0.305000 0.370667 0.038000 0.042667
0 0.342000 0.414667 0.104000 0.301333
0 0.783000 0.393333 0.022000 0.034667
0 0.759000 0.381333 0.018000 0.037333
0 0.733000 0.396000 0.026000 0.040000
