0 0.016667 0.584254 0.029630 0.107735
0 0.010185 0.592541 0.020370 0.107735
0 0.063889 0.559392 0.027778 0.107735
0 0.120370 0.872928 0.040741 0.154696
0 0.056481 0.878453 0.042593 0.154696
0 0.155556 0.758287 0.037037 0.135359
0 0.256481 0.650552 0.027778 0.102210
0 0.384259 0.611878 0.027778 0.107735
0 0.358333 0.633978 0.031481 0.113260
0 0.342593 0.632597 0.025926 0.093923
0 0.762963 0.803867 0.040741 0.154696
0 0.807407 0.647790 0.022222 0.091160
0 0.781481 0.581492 0.022222 0.085635
0 0.030556 0.574586 0.024074 0.093923
0 0.179630 0.802486 0.033333 0.118785
0 0.703704 0.792818 0.025926 0.104972
0 0.044444 0.537293 0.018519 0.046961
0 0.079630 0.548343 0.018519 0.069061
0 0.093519 0.546961 0.012963 0.060773
0 0.059259 0.784530 0.025926 0.066298
0 0.250926 0.704420 0.038889 0.088398
0 0.291667 0.831492 0.050000 0.099448
0 0.364815 0.801105 0.040741 0.088398
0 0.862963 0.513812 0.048148 0.060773
0 0.604630 0.951657 0.042593 0.074586
0 0.650926 0.950276 0.061111 0.082873
0 0.725926 0.950276 0.037037 0.082873
0 0.612963 0.863260 0.037037 0.046961
0 0.666667 0.812155 0.018519 0.038674
0 0.561111 0.925414 0.033333 0.044199
