0 0.016667 0.407778 0.033333 0.082222
0 0.030000 0.405556 0.053333 0.091111
0 0.068333 0.404444 0.050000 0.084444
0 0.105000 0.407778 0.050000 0.086667
0 0.146667 0.403333 0.053333 0.086667
0 0.186667 0.397778 0.046667 0.084444
0 0.165000 0.402222 0.050000 0.080000
0 0.203333 0.403333 0.046667 0.082222
0 0.235000 0.406667 0.050000 0.080000
0 0.270000 0.397778 0.046667 0.084444
0 0.291667 0.395556 0.050000 0.088889
0 0.668333 0.377778 0.083333 0.133333
0 0.806667 0.386667 0.073333 0.120000
0 0.045000 0.358889 0.023333 0.015556
0 0.070000 0.350000 0.026667 0.011111
0 0.121667 0.365556 0.023333 0.020000
0 0.115000 0.468889 0.130000 0.097778
0 0.251667 0.534444 0.136667 0.113333
0 0.296667 0.471111 0.100000 0.066667
0 0.391667 0.465556 0.083333 0.060000
0 0.436667 0.460000 0.073333 0.084444
0 0.488333 0.470000 0.063333 0.064444
0 0.431667 0.527778 0.123333 0.126667
0 0.585000 0.512222 0.143333 0.148889
0 0.623333 0.457778 0.053333 0.062222
0 0.573333 0.445556 0.073333 0.046667
0 0.641667 0.400000 0.050000 0.044444
0 0.761667 0.482222 0.083333 0.106667
0 0.710000 0.464444 0.066667 0.057778
0 0.748333 0.463333 0.063333 0.051111
0 0.801667 0.523333 0.103333 0.100000
0 0.868333 0.475556 0.096667 0.093333
0 0.956667 0.476667 0.080000 0.095556
0 0.991667 0.527778 0.090000 0.117778
0 1.063333 0.467778 0.093333 0.113333
0 1.006667 0.450000 0.046667 0.060000
0 0.988333 0.430000 0.070000 0.060000
0 1.066667 0.346667 0.046667 0.022222
0 1.191667 0.356667 0.043333 0.028889
0 1.245000 0.404444 0.050000 0.053333
0 1.281667 0.448889 0.096667 0.102222
0 1.468333 0.471111 0.050000 0.048889
0 1.223333 0.581111 0.166667 0.046667
0 1.148333 0.535556 0.110000 0.106667
0 1.153333 0.471111 0.080000 0.097778
0 1.126667 0.413333 0.066667 0.040000
0 0.991667 0.578889 0.256667 0.042222
0 0.763333 0.582222 0.220000 0.048889
0 0.541667 0.586667 0.236667 0.040000
0 0.176667 0.592222 0.300000 0.042222
0 0.873333 0.413333 0.053333 0.044444
0 0.748333 0.150000 1.490000 0.300000
