0 0.062640 0.248551 0.125280 0.247826
0 0.185682 0.260870 0.147651 0.237681
0 0.400447 0.298551 0.120805 0.194203
0 0.585011 0.349275 0.208054 0.333333
0 0.630872 0.251449 0.129754 0.210145
0 0.954139 0.338406 0.208054 0.328986
0 1.020134 0.373913 0.250559 0.400000
0 1.065996 0.349275 0.239374 0.382609
0 1.268456 0.361594 0.219239 0.346377
0 1.302013 0.310145 0.192394 0.307246
0 1.448546 0.205072 0.064877 0.102899
0 0.295302 0.240580 0.035794 0.049275
0 0.326622 0.236232 0.040268 0.040580
0 0.373602 0.203623 0.044743 0.039130
0 0.425056 0.200725 0.044743 0.033333
0 0.432886 0.239130 0.060403 0.034783
0 0.482103 0.236957 0.038031 0.030435
0 0.475391 0.200725 0.046980 0.042029
0 0.551454 0.203623 0.055928 0.042029
0 1.174497 0.323188 0.187919 0.255072
0 0.365772 0.236232 0.029083 0.037681
