0 0.155000 0.351250 0.170000 0.317500
0 0.310000 0.368750 0.146667 0.277500
0 0.418333 0.353750 0.143333 0.262500
0 0.545000 0.355000 0.150000 0.280000
0 0.635000 0.335000 0.143333 0.270000
0 1.013333 0.347500 0.160000 0.295000
0 0.111667 0.462500 0.210000 0.295000
0 0.325000 0.435000 0.216667 0.260000
0 0.470000 0.448750 0.173333 0.282500
0 0.610000 0.452500 0.186667 0.260000
0 0.761667 0.440000 0.163333 0.275000
0 0.933333 0.442500 0.200000 0.290000
0 1.135000 0.475000 0.210000 0.290000
0 0.933333 0.200000 0.086667 0.075000
0 0.938333 0.280000 0.103333 0.135000
0 0.841667 0.266250 0.076667 0.122500
0 0.745000 0.280000 0.130000 0.130000
0 0.305000 0.215000 0.110000 0.105000
0 1.141667 0.157500 0.356667 0.305000
