0 0.117470 0.523000 0.150602 0.242000
0 0.180723 0.518000 0.156627 0.252000
0 0.286145 0.516000 0.150602 0.244000
0 0.400602 0.515000 0.150602 0.246000
0 0.501506 0.511000 0.153614 0.254000
0 0.600904 0.513000 0.159639 0.258000
0 0.725904 0.507000 0.156627 0.254000
0 0.832831 0.499000 0.159639 0.262000
0 0.777108 0.500000 0.156627 0.252000
0 0.881024 0.492000 0.147590 0.244000
0 0.944277 0.498000 0.153614 0.252000
0 1.048193 0.498000 0.156627 0.252000
0 1.158133 0.491000 0.159639 0.262000
0 1.197289 0.485000 0.147590 0.246000
0 1.293675 0.483000 0.147590 0.246000
0 1.317771 0.459000 0.159639 0.266000
0 0.239458 0.396000 0.069277 0.040000
0 0.263554 0.416000 0.051205 0.048000
0 0.314759 0.371000 0.051205 0.042000
0 0.296687 0.349000 0.063253 0.054000
0 0.362952 0.335000 0.057229 0.042000
0 0.403614 0.337000 0.048193 0.022000
0 0.365964 0.369000 0.045181 0.034000
0 0.347892 0.405000 0.057229 0.034000
0 0.415663 0.380000 0.072289 0.044000
0 0.453313 0.386000 0.045181 0.052000
0 0.471386 0.336000 0.051205 0.036000
0 0.516566 0.333000 0.051205 0.046000
0 0.496988 0.367000 0.060241 0.030000
0 0.533133 0.390000 0.066265 0.056000
0 0.594880 0.365000 0.039157 0.030000
0 0.576807 0.356000 0.051205 0.032000
0 0.579819 0.331000 0.051205 0.034000
0 0.646084 0.338000 0.039157 0.032000
0 0.640060 0.407000 0.081325 0.078000
0 0.664157 0.357000 0.051205 0.054000
0 0.683735 0.366000 0.036145 0.048000
0 0.713855 0.373000 0.084337 0.058000
0 0.737952 0.335000 0.042169 0.034000
0 0.778614 0.327000 0.093373 0.050000
0 0.786145 0.367000 0.042169 0.038000
0 0.829819 0.344000 0.045181 0.044000
0 0.888554 0.355000 0.048193 0.042000
0 0.905120 0.315000 0.057229 0.034000
0 0.936747 0.339000 0.054217 0.050000
0 1.006024 0.331000 0.048193 0.058000
0 0.974398 0.357000 0.045181 0.030000
0 0.987952 0.382000 0.060241 0.056000
0 1.034639 0.343000 0.057229 0.058000
0 1.058735 0.323000 0.045181 0.034000
0 1.093373 0.331000 0.054217 0.042000
0 1.128012 0.323000 0.039157 0.042000
0 1.174699 0.317000 0.072289 0.054000
0 1.180723 0.356000 0.054217 0.048000
0 1.108434 0.366000 0.060241 0.048000
0 1.073795 0.375000 0.045181 0.046000
0 1.259036 0.357000 0.054217 0.054000
