0 0.060841 0.261667 0.121681 0.263333
0 0.038717 0.150000 0.077434 0.196667
0 0.190265 0.222500 0.128319 0.238333
0 0.225664 0.250833 0.154867 0.288333
0 0.292035 0.287500 0.168142 0.315000
0 0.361726 0.349167 0.214602 0.395000
0 0.546460 0.392500 0.269912 0.501667
0 0.772124 0.349167 0.247788 0.455000
0 0.689159 0.305000 0.210177 0.390000
0 0.886062 0.395833 0.311947 0.575000
0 1.120575 0.470833 0.276549 0.511667
0 1.066372 0.266667 0.150442 0.276667
0 1.258850 0.268333 0.137168 0.296667
0 0.829646 0.069167 0.075221 0.138333
0 0.710177 0.062500 0.066372 0.121667
0 0.420354 0.085833 0.079646 0.151667
0 0.951327 0.071667 0.075221 0.143333
0 0.263274 0.085833 0.084071 0.088333
0 0.329646 0.089167 0.070796 0.098333
0 0.386062 0.065833 0.073009 0.061667
0 0.403761 0.112500 0.081858 0.068333
0 0.405973 0.161667 0.081858 0.083333
0 0.455752 0.174167 0.075221 0.095000
0 0.474558 0.201667 0.143805 0.193333
0 0.506637 0.079167 0.110619 0.071667
0 0.533186 0.035000 0.066372 0.063333
0 0.618363 0.075833 0.050885 0.081667
0 0.669248 0.075000 0.077434 0.066667
0 1.132743 0.197500 0.181416 0.178333
