0 0.017188 0.831875 0.034375 0.168750
0 0.035547 0.830000 0.050781 0.202500
0 0.062500 0.804375 0.029687 0.116250
0 0.085938 0.796875 0.029687 0.118750
0 0.145313 0.835625 0.048438 0.191250
0 0.240625 0.852500 0.050000 0.197500
0 0.271875 0.845000 0.048438 0.192500
0 0.460156 0.820625 0.031250 0.123750
0 0.478516 0.820000 0.033594 0.130000
0 0.499219 0.812500 0.034375 0.135000
0 0.523828 0.901250 0.027344 0.110000
0 0.541797 0.853750 0.049219 0.192500
0 0.555469 0.885000 0.057813 0.225000
0 0.586328 0.888750 0.053906 0.215000
0 0.671484 0.879375 0.050781 0.198750
0 0.713281 0.900000 0.050000 0.197500
0 0.745703 0.886250 0.047656 0.190000
0 0.763281 0.899375 0.048438 0.188750
0 0.806250 0.898125 0.048438 0.193750
0 0.870313 0.884375 0.053125 0.208750
0 0.923438 0.841875 0.021875 0.088750
0 0.081250 0.853750 0.054688 0.140000
0 0.009766 0.770625 0.017969 0.058750
0 0.741797 0.786875 0.041406 0.061250
0 0.863672 0.837500 0.053906 0.157500
0 0.945703 0.823750 0.022656 0.052500
0 0.951172 0.883750 0.092969 0.225000
0 0.987109 0.815000 0.024219 0.035000
0 0.100781 0.773750 0.029687 0.050000
