0 0.265833 0.680000 0.131667 0.480000
0 0.416667 0.746250 0.133333 0.487500
0 0.809167 0.721250 0.148333 0.547500
0 0.583333 0.580000 0.066667 0.245000
0 0.499167 0.690000 0.098333 0.365000
0 0.520000 0.541250 0.060000 0.227500
0 0.631667 0.510000 0.026667 0.100000
0 0.652500 0.501250 0.038333 0.142500
0 0.664167 0.527500 0.031667 0.125000
0 0.707500 0.517500 0.038333 0.140000
0 0.733333 0.521250 0.036667 0.137500
0 0.695833 0.462500 0.018333 0.075000
0 0.613333 0.520000 0.020000 0.080000
0 0.672500 0.502500 0.028333 0.110000
0 0.760833 0.533750 0.038333 0.147500
0 0.425000 0.438750 0.076667 0.132500
