0 0.091146 0.658203 0.075521 0.140625
0 0.431641 0.628906 0.074219 0.136719
0 0.500000 0.681641 0.083333 0.152344
0 0.468750 0.626465 0.072917 0.135742
0 0.507812 0.636230 0.080729 0.147461
0 0.567057 0.650391 0.076823 0.140625
0 0.679036 0.662598 0.076823 0.139648
0 0.802083 0.643066 0.072917 0.133789
0 0.735026 0.639648 0.076823 0.140625
0 0.971354 0.629883 0.057292 0.111328
0 0.907552 0.648438 0.070312 0.128906
0 0.888672 0.657715 0.087240 0.163086
0 0.632161 0.631836 0.074219 0.136719
0 0.839844 0.499512 0.033854 0.065430
0 0.785156 0.497559 0.033854 0.065430
0 0.720052 0.484375 0.041667 0.078125
0 0.688151 0.484863 0.045573 0.084961
0 0.766927 0.492188 0.041667 0.076172
0 0.615885 0.492676 0.033854 0.061523
0 0.575521 0.486816 0.041667 0.077148
0 0.545573 0.487793 0.046875 0.086914
0 0.501302 0.492188 0.041667 0.076172
0 0.449219 0.487305 0.049479 0.091797
0 0.414714 0.488770 0.045573 0.084961
0 0.210286 0.480957 0.048177 0.090820
0 0.257812 0.471191 0.049479 0.090820
0 0.028646 0.478027 0.049479 0.092773
0 0.369792 0.485840 0.044271 0.083008
0 0.457682 0.675293 0.045573 0.065430
0 0.603516 0.662598 0.032552 0.094727
0 0.645182 0.650391 0.042969 0.089844
0 0.111979 0.489746 0.057292 0.043945
0 0.066406 0.469238 0.033854 0.045898
0 0.095052 0.463867 0.033854 0.031250
0 0.063802 0.428223 0.036458 0.040039
0 0.026042 0.424805 0.039062 0.031250
0 0.010417 0.402832 0.020833 0.016602
0 0.029948 0.409180 0.033854 0.027344
0 0.033854 0.381348 0.046875 0.034180
0 0.076172 0.382324 0.042969 0.030273
0 0.105469 0.383789 0.028646 0.015625
0 0.109375 0.406250 0.028646 0.017578
0 0.097656 0.426270 0.028646 0.028320
0 0.145182 0.421387 0.032552 0.026367
0 0.137370 0.402344 0.032552 0.017578
0 0.160156 0.387207 0.039062 0.030273
0 0.132161 0.371582 0.029948 0.020508
0 0.172526 0.372559 0.032552 0.030273
0 0.216146 0.382324 0.031250 0.022461
0 0.211589 0.395508 0.022135 0.017578
0 0.233724 0.400879 0.022135 0.016602
0 0.253906 0.391602 0.026042 0.013672
0 0.255859 0.378906 0.022135 0.013672
0 0.277344 0.387207 0.015625 0.014648
0 0.271484 0.405762 0.035156 0.016602
0 0.292318 0.406738 0.024740 0.014648
0 0.234375 0.414551 0.031250 0.016602
0 0.309896 0.385254 0.033854 0.022461
0 0.227214 0.434082 0.029948 0.022461
0 0.190755 0.426270 0.029948 0.022461
0 0.182292 0.402832 0.023438 0.012695
0 0.375000 0.421875 0.031250 0.025391
0 0.401693 0.420898 0.024740 0.025391
0 0.367839 0.402344 0.024740 0.017578
0 0.396484 0.395020 0.022135 0.022461
0 0.429688 0.420410 0.026042 0.022461
0 0.423828 0.406250 0.024740 0.019531
0 0.443359 0.394043 0.024740 0.020508
0 0.461589 0.398926 0.022135 0.018555
0 0.475260 0.410156 0.020833 0.007812
0 0.470052 0.423828 0.020833 0.017578
0 0.454427 0.428711 0.015625 0.013672
0 0.493490 0.431641 0.031250 0.023438
0 0.504557 0.420410 0.019531 0.020508
0 0.505859 0.404297 0.014323 0.015625
0 0.538411 0.414062 0.019531 0.027344
0 0.530599 0.394043 0.022135 0.020508
0 0.529948 0.424805 0.026042 0.025391
0 0.466146 0.445312 0.026042 0.027344
0 0.335286 0.446777 0.014323 0.022461
0 0.401693 0.450195 0.022135 0.017578
0 0.637370 0.404785 0.032552 0.016602
0 0.619792 0.419434 0.018229 0.016602
0 0.639974 0.421875 0.022135 0.013672
0 0.651042 0.440918 0.033854 0.036133
0 0.671224 0.428223 0.019531 0.018555
0 0.683594 0.436035 0.023438 0.016602
0 0.695964 0.434082 0.019531 0.022461
0 0.718099 0.436523 0.024740 0.021484
0 0.731120 0.432617 0.022135 0.019531
0 0.766927 0.424316 0.023438 0.024414
0 0.748698 0.441406 0.026042 0.021484
0 0.780599 0.437988 0.027344 0.024414
0 0.813802 0.447754 0.028646 0.032227
0 0.854818 0.462402 0.019531 0.018555
0 0.886719 0.464844 0.026042 0.021484
0 0.904948 0.467773 0.018229 0.017578
0 0.920573 0.475098 0.015625 0.024414
0 0.938151 0.432617 0.035156 0.031250
0 0.660807 0.492188 0.032552 0.066406
0 0.883464 0.505859 0.027344 0.044922
0 0.954427 0.507324 0.031250 0.038086
0 0.951172 0.477539 0.029948 0.019531
0 0.975911 0.480469 0.024740 0.027344
0 0.811849 0.484863 0.027344 0.041992
0 0.749349 0.464844 0.022135 0.023438
0 0.660807 0.572266 0.040365 0.050781
0 0.572266 0.568359 0.042969 0.037109
0 0.727214 0.567383 0.035156 0.041016
