0 0.417258 0.465642 0.252955 0.471971
0 0.088652 0.420434 0.106383 0.197107
0 0.193853 0.386980 0.042553 0.083183
0 0.229314 0.383363 0.047281 0.090416
0 0.283688 0.401447 0.070922 0.133816
0 0.521277 0.395118 0.082742 0.153707
0 0.566194 0.400542 0.078014 0.146474
0 0.637116 0.386980 0.059102 0.115732
0 0.691489 0.386980 0.073286 0.141049
0 0.710402 0.405967 0.078014 0.150090
0 0.748227 0.396022 0.073286 0.141049
0 0.791962 0.410488 0.085106 0.162749
0 0.970449 0.378843 0.068558 0.128391
0 1.050827 0.379747 0.068558 0.133816
0 0.864066 0.431284 0.215130 0.406872
0 1.082742 0.420434 0.104019 0.193490
0 1.074468 0.402351 0.106383 0.200723
0 1.120567 0.409584 0.094563 0.179024
0 1.163121 0.427667 0.099291 0.189873
0 1.185579 0.434901 0.115839 0.222423
0 1.241135 0.391501 0.080378 0.153707
0 1.277778 0.389693 0.059102 0.139241
0 1.027187 0.367993 0.049645 0.092224
0 0.478723 0.399638 0.068558 0.133816
