0 0.101875 0.555208 0.111250 0.456250
0 0.065000 0.602083 0.042500 0.170833
0 0.012500 0.581250 0.025000 0.162500
0 0.020000 0.581250 0.035000 0.141667
0 0.271875 0.573958 0.056250 0.235417
0 0.386250 0.486458 0.095000 0.389583
0 0.471250 0.555208 0.055000 0.222917
0 0.620000 0.581250 0.052500 0.212500
0 0.767500 0.557292 0.107500 0.443750
0 0.781250 0.538542 0.085000 0.352083
0 0.832500 0.559375 0.077500 0.322917
0 0.907500 0.586458 0.052500 0.218750
0 0.959375 0.572917 0.078750 0.325000
0 0.740000 0.555208 0.065000 0.268750
0 0.166250 0.582292 0.055000 0.231250
0 0.144375 0.547917 0.086250 0.358333
0 0.199375 0.602083 0.036250 0.079167
0 0.221875 0.603125 0.031250 0.077083
0 0.336875 0.600000 0.031250 0.091667
0 0.523125 0.575000 0.056250 0.170833
0 0.576250 0.557292 0.055000 0.206250
0 0.600000 0.481250 0.037500 0.091667
0 0.553125 0.480208 0.028750 0.064583
