0 0.118333 0.580201 0.043333 0.167920
0 0.204167 0.557644 0.038333 0.142857
0 0.230000 0.587719 0.046667 0.177945
0 0.286667 0.536341 0.036667 0.135338
0 0.308333 0.562657 0.043333 0.162907
0 0.355833 0.598997 0.051667 0.190476
0 0.340833 0.520050 0.028333 0.112782
0 0.388333 0.545113 0.036667 0.142857
0 0.430000 0.571429 0.046667 0.175439
0 0.465833 0.512531 0.035000 0.132832
0 0.490833 0.551378 0.041667 0.150376
0 0.522500 0.607769 0.058333 0.213033
0 0.573333 0.576441 0.046667 0.170426
0 0.556667 0.513784 0.033333 0.130326
0 0.612500 0.556391 0.041667 0.160401
0 0.645833 0.540100 0.035000 0.132832
0 0.663333 0.520050 0.036667 0.137845
0 0.681667 0.503759 0.033333 0.120301
0 0.698333 0.617794 0.060000 0.218045
0 0.725833 0.586466 0.048333 0.180451
0 0.745000 0.562657 0.043333 0.162907
0 0.765000 0.536341 0.036667 0.135338
0 0.780833 0.517544 0.038333 0.142857
0 0.895000 0.641604 0.060000 0.225564
0 0.587500 0.500000 0.035000 0.127820
0 0.894167 0.511278 0.025000 0.040100
0 0.887500 0.497494 0.018333 0.027569
0 0.894167 0.474937 0.021667 0.027569
0 0.891667 0.454887 0.016667 0.022556
0 0.890000 0.443609 0.016667 0.025063
0 0.807500 0.483709 0.025000 0.055138
0 0.524167 0.484962 0.028333 0.052632
0 0.090833 0.454887 0.181667 0.102757
0 0.269167 0.456140 0.138333 0.090226
0 0.955000 0.466165 0.086667 0.120301
0 0.774167 0.467419 0.198333 0.117794
0 0.595000 0.456140 0.206667 0.095238
0 0.421667 0.454887 0.163333 0.082707
