0 0.019091 0.576712 0.030909 0.123288
0 0.048182 0.593151 0.038182 0.145205
0 0.086364 0.587671 0.041818 0.156164
0 0.162727 0.609589 0.049091 0.178082
0 0.250909 0.635616 0.058182 0.219178
0 0.535455 0.671233 0.110909 0.405479
0 0.775455 0.568493 0.030909 0.112329
0 0.743636 0.571233 0.029091 0.106849
0 0.710909 0.572603 0.025455 0.104110
0 0.698182 0.569863 0.025455 0.104110
0 0.685455 0.582192 0.025455 0.101370
0 0.662727 0.572603 0.027273 0.109589
0 0.647273 0.575342 0.025455 0.098630
0 0.616364 0.565753 0.029091 0.106849
0 0.598182 0.575342 0.029091 0.115068
0 0.464545 0.587671 0.038182 0.150685
0 0.430909 0.583562 0.036364 0.136986
0 0.397273 0.576712 0.034545 0.134247
0 0.374545 0.578082 0.029091 0.115068
0 0.350000 0.578082 0.030909 0.115068
0 0.324545 0.579452 0.030909 0.112329
0 0.296364 0.576712 0.025455 0.101370
0 0.127273 0.561644 0.018182 0.071233
0 0.136364 0.557534 0.018182 0.073973
0 0.114545 0.564384 0.018182 0.071233
0 0.688182 0.302740 0.125455 0.112329
0 0.701818 0.435616 0.483636 0.120548
0 0.876364 0.367123 0.178182 0.087671
0 0.893636 0.553425 0.205455 0.115068
0 0.072727 0.438356 0.134545 0.104110
0 0.317273 0.441096 0.125455 0.115068
