0 0.193115 0.643461 0.042480 0.139232
0 0.210693 0.665257 0.039551 0.128172
0 0.240723 0.680872 0.041992 0.135979
0 0.274902 0.691282 0.040039 0.132075
0 0.319336 0.708523 0.037109 0.121015
0 0.392578 0.787248 0.083984 0.274561
0 0.479736 0.767729 0.083496 0.273260
0 0.579834 0.747560 0.080566 0.262850
0 0.666748 0.750488 0.078613 0.255693
0 0.707275 0.713077 0.045410 0.149642
0 0.610840 0.696487 0.048828 0.160703
0 0.533203 0.689330 0.042969 0.139883
0 0.551758 0.685101 0.032227 0.104099
0 0.751465 0.737150 0.061523 0.201692
0 0.785645 0.763175 0.084961 0.278465
0 0.893799 0.818478 0.101074 0.327912
0 0.872314 0.782043 0.069824 0.227716
0 0.951904 0.686402 0.047363 0.154847
0 0.835693 0.698113 0.057129 0.187378
0 0.813232 0.721535 0.049316 0.160052
0 0.430176 0.651919 0.033203 0.058556
0 0.449951 0.673390 0.030762 0.037736
0 0.471191 0.622967 0.023438 0.031880
0 0.500977 0.643787 0.023438 0.034483
0 0.490234 0.638582 0.016602 0.031880
0 0.513428 0.652570 0.019043 0.033832
