0 0.179000 0.510511 0.118000 0.432432
0 0.131000 0.507508 0.110000 0.408408
0 0.109000 0.429429 0.110000 0.402402
0 0.060000 0.412913 0.100000 0.375375
0 0.060000 0.507508 0.120000 0.696697
0 0.288000 0.498498 0.112000 0.414414
0 0.366000 0.495495 0.120000 0.438438
0 0.442000 0.581081 0.224000 0.831832
0 0.570000 0.510511 0.188000 0.690691
0 0.496000 0.432432 0.112000 0.408408
0 0.829000 0.512012 0.142000 0.519520
0 0.897000 0.438438 0.110000 0.414414
0 0.651000 0.486486 0.114000 0.426426
0 0.309000 0.282282 0.058000 0.114114
0 0.599000 0.277778 0.042000 0.093093
0 0.693000 0.310811 0.054000 0.153153
0 0.746000 0.282282 0.068000 0.132132
0 0.656000 0.256757 0.064000 0.099099
0 0.382000 0.250751 0.036000 0.081081
0 0.384000 0.294294 0.048000 0.084084
0 0.446000 0.285285 0.040000 0.090090
0 0.472000 0.307808 0.028000 0.081081
0 0.510000 0.273273 0.036000 0.060060
0 0.778000 0.645646 0.192000 0.708709
0 0.026000 0.274775 0.052000 0.147147
