0 0.194545 0.713115 0.138182 0.508197
0 0.434545 0.674863 0.116364 0.426230
0 0.536364 0.629781 0.090909 0.330601
0 0.687273 0.560109 0.061818 0.229508
0 0.831818 0.579235 0.078182 0.289617
0 0.915455 0.515027 0.038182 0.150273
0 0.955455 0.508197 0.045455 0.169399
0 0.080909 0.587432 0.056364 0.213115
0 0.147273 0.586066 0.047273 0.172131
0 0.463636 0.547814 0.029091 0.112022
0 0.511818 0.534153 0.038182 0.139344
0 0.581818 0.515027 0.040000 0.150273
0 0.870000 0.519126 0.030909 0.120219
0 0.022727 0.639344 0.038182 0.125683
0 0.052727 0.629781 0.047273 0.122951
0 0.129091 0.628415 0.054545 0.092896
0 0.030909 0.558743 0.050909 0.084699
0 0.489091 0.554645 0.032727 0.076503
0 0.112727 0.519126 0.025455 0.076503
0 0.079091 0.484973 0.154545 0.079235
0 0.496364 0.479508 0.098182 0.079235
