0 0.136223 0.523958 0.055728 0.093750
0 0.187307 0.443750 0.027864 0.045833
0 0.210526 0.529167 0.055728 0.091667
0 0.464396 0.491667 0.049536 0.083333
0 0.513932 0.511458 0.030960 0.052083
0 0.566563 0.541667 0.061920 0.104167
0 0.647059 0.544792 0.061920 0.102083
0 0.735294 0.560417 0.077399 0.133333
0 0.673375 0.455208 0.034056 0.056250
0 0.705882 0.457292 0.030960 0.056250
0 0.719814 0.457292 0.034056 0.056250
0 0.767802 0.458333 0.030960 0.050000
0 0.801858 0.459375 0.037152 0.060417
0 0.987616 0.461458 0.037152 0.064583
0 1.226006 0.485417 0.030960 0.058333
0 1.417957 0.500000 0.018576 0.033333
0 1.109907 0.458333 0.034056 0.054167
0 0.962848 0.567708 0.080495 0.135417
0 1.150155 0.578125 0.065015 0.056250
0 1.199690 0.580208 0.027864 0.060417
0 1.235294 0.587500 0.074303 0.050000
