0 0.580305 0.472266 0.093787 0.152344
0 0.655334 0.470313 0.096131 0.157812
0 0.454865 0.470313 0.089097 0.145313
0 0.698710 0.475000 0.091442 0.151562
0 1.315944 0.472266 0.062134 0.100781
0 1.473623 0.464062 0.053927 0.131250
0 0.041618 0.501172 0.069168 0.063281
0 0.073857 0.438281 0.072685 0.059375
0 0.046893 0.415234 0.025791 0.021094
0 0.038101 0.408984 0.043376 0.025781
0 0.023447 0.411719 0.023447 0.017188
0 0.017585 0.428125 0.025791 0.017188
0 0.011723 0.445703 0.021102 0.032031
0 0.116061 0.422656 0.046893 0.035937
0 0.150645 0.414062 0.033998 0.018750
0 0.137749 0.429688 0.022274 0.015625
0 0.150059 0.446875 0.039859 0.040625
0 0.178781 0.435937 0.022274 0.017188
0 0.198124 0.446484 0.044549 0.038281
0 0.186401 0.416406 0.021102 0.018750
0 0.205744 0.418750 0.022274 0.021875
0 0.216295 0.427344 0.024619 0.014063
0 0.228019 0.424219 0.019930 0.015625
0 0.230950 0.413672 0.016413 0.011719
0 0.246190 0.412500 0.018757 0.012500
0 0.246776 0.440234 0.036342 0.027344
0 0.271395 0.446875 0.024619 0.021875
0 0.296600 0.437891 0.023447 0.016406
0 0.291325 0.430078 0.019930 0.011719
0 0.269637 0.427344 0.018757 0.018750
0 0.287808 0.417187 0.026964 0.012500
0 0.281360 0.414062 0.021102 0.014063
0 0.339977 0.417187 0.025791 0.026562
0 0.310668 0.416797 0.025791 0.019531
0 0.347597 0.408984 0.019930 0.017969
0 0.375733 0.425781 0.026964 0.015625
0 0.371043 0.413672 0.026964 0.014844
0 0.331770 0.462109 0.046893 0.057031
0 0.382181 0.481641 0.049238 0.082031
0 0.390387 0.443750 0.035170 0.032813
0 0.405041 0.428906 0.019930 0.020313
0 0.416764 0.417187 0.036342 0.023438
0 0.392732 0.412500 0.018757 0.014063
0 0.429074 0.418359 0.021102 0.022656
0 0.241501 0.492188 0.086753 0.081250
0 0.158851 0.503906 0.078546 0.067187
0 0.525791 0.483984 0.097304 0.091406
0 0.765533 0.488672 0.096131 0.097656
0 0.837046 0.463281 0.037515 0.040625
0 0.813599 0.431641 0.023447 0.017969
0 0.834701 0.430859 0.021102 0.019531
0 0.854631 0.435547 0.014068 0.025781
0 0.872216 0.436719 0.023447 0.021875
0 0.893318 0.482812 0.056272 0.092188
0 0.938453 0.446484 0.033998 0.041406
0 0.970106 0.447266 0.038687 0.044531
0 1.008206 0.490625 0.110199 0.098437
0 1.234467 0.491016 0.112544 0.100781
0 1.145955 0.451562 0.059789 0.057813
0 1.184056 0.434766 0.042204 0.032031
0 1.205158 0.426172 0.028136 0.021094
0 1.223329 0.420312 0.015240 0.012500
0 1.256741 0.453125 0.056272 0.059375
0 1.268464 0.428516 0.014068 0.022656
0 1.392732 0.473828 0.110199 0.091406
0 1.412661 0.451172 0.065651 0.072656
0 1.456624 0.439844 0.050410 0.046875
0 1.461899 0.420703 0.028136 0.033594
0 1.439039 0.412500 0.041032 0.029687
0 1.415592 0.411719 0.041032 0.018750
0 1.407386 0.418750 0.024619 0.021875
0 1.382181 0.419141 0.035170 0.022656
0 1.345838 0.425391 0.030481 0.024219
0 1.343494 0.405859 0.037515 0.019531
0 1.390387 0.403906 0.025791 0.010937
0 1.405627 0.395313 0.037515 0.018750
0 1.247948 0.420312 0.022274 0.012500
0 1.228605 0.408203 0.025791 0.017969
0 1.273740 0.402734 0.024619 0.027344
0 1.260844 0.407422 0.024619 0.021094
0 1.288394 0.409375 0.016413 0.015625
0 1.307151 0.406641 0.035170 0.017969
0 1.313013 0.403125 0.018757 0.021875
0 1.099062 0.481641 0.092614 0.103906
0 1.042790 0.461719 0.055100 0.073438
0 0.993552 0.433203 0.026964 0.030469
0 1.012896 0.416406 0.025791 0.026562
0 1.048066 0.417578 0.032825 0.030469
0 0.512896 0.429688 0.022274 0.014063
0 0.498828 0.426953 0.017585 0.016406
0 0.496483 0.415234 0.015240 0.011719
0 0.485932 0.416406 0.015240 0.010937
0 0.488277 0.404687 0.012896 0.012500
0 0.495311 0.400000 0.012896 0.015625
0 0.505275 0.404297 0.009379 0.010156
0 0.522860 0.413281 0.014068 0.009375
0 0.528722 0.413672 0.018757 0.013281
0 0.528136 0.401953 0.010551 0.011719
0 0.550996 0.407422 0.011723 0.010156
0 0.606096 0.416797 0.023447 0.019531
0 0.750293 0.426172 0.023447 0.024219
0 0.733294 0.416406 0.015240 0.018750
0 0.787222 0.415625 0.026964 0.018750
0 0.807151 0.415625 0.015240 0.012500
0 0.822978 0.413281 0.021102 0.010937
0 0.852286 0.409766 0.014068 0.013281
0 0.863423 0.414453 0.010551 0.007031
0 0.878077 0.412500 0.011723 0.007812
0 0.897421 0.414844 0.015240 0.009375
0 0.924385 0.412109 0.024619 0.013281
0 0.933177 0.424219 0.021102 0.012500
0 0.947831 0.412500 0.019930 0.017188
0 0.971864 0.414453 0.021102 0.017969
0 0.978898 0.412500 0.018757 0.015625
0 1.114302 0.409375 0.369285 0.050000
