0 0.095000 0.630653 0.046667 0.180905
0 0.135833 0.633166 0.048333 0.185930
0 0.186667 0.620603 0.050000 0.190955
0 0.231667 0.625628 0.050000 0.185930
0 0.284167 0.623116 0.048333 0.180905
0 0.328333 0.619347 0.050000 0.183417
0 0.389167 0.625628 0.045000 0.170854
0 0.444167 0.621859 0.048333 0.178392
0 0.505833 0.629397 0.041667 0.158291
0 0.553333 0.621859 0.043333 0.163317
0 0.597500 0.614322 0.048333 0.178392
0 0.644167 0.611809 0.045000 0.173367
0 0.688333 0.621859 0.043333 0.158291
0 0.723333 0.621859 0.043333 0.163317
0 0.765833 0.618090 0.041667 0.155779
0 0.799167 0.610553 0.048333 0.175879
0 0.846667 0.613065 0.046667 0.170854
0 0.891667 0.608040 0.043333 0.165829
