0 0.530625 0.500000 0.118750 0.433396
0 0.488125 0.579737 0.073750 0.273921
0 0.577500 0.621951 0.045000 0.170732
0 0.650000 0.581614 0.072500 0.270169
0 0.815000 0.564728 0.087500 0.322702
0 0.730625 0.520638 0.161250 0.590994
0 0.053125 0.594747 0.098750 0.311445
0 0.126875 0.594747 0.091250 0.285178
0 0.190625 0.593809 0.101250 0.279550
0 0.242500 0.585366 0.080000 0.273921
0 0.303125 0.594747 0.066250 0.262664
0 0.341250 0.591932 0.052500 0.242026
0 0.389375 0.599437 0.068750 0.249531
0 0.851875 0.606004 0.053750 0.255159
0 0.960000 0.619137 0.072500 0.303940
