0 0.079000 0.495495 0.042000 0.156156
0 0.096500 0.506006 0.049000 0.180180
0 0.130500 0.501502 0.047000 0.171171
0 0.162500 0.498498 0.053000 0.195195
0 0.192000 0.494745 0.056000 0.205706
0 0.236000 0.503754 0.048000 0.178679
0 0.267500 0.512012 0.051000 0.192192
0 0.281500 0.506757 0.053000 0.199700
0 0.306500 0.512012 0.057000 0.210210
0 0.349000 0.515015 0.060000 0.225225
0 0.375000 0.517267 0.066000 0.241742
0 0.423000 0.515015 0.066000 0.240240
0 0.447500 0.527778 0.071000 0.259760
0 0.498500 0.526276 0.079000 0.289790
0 0.543500 0.542042 0.075000 0.276276
0 0.575000 0.550300 0.080000 0.292793
0 0.605500 0.553303 0.089000 0.328829
0 0.669500 0.544294 0.099000 0.367868
0 0.729500 0.542793 0.103000 0.382883
0 0.804500 0.552553 0.113000 0.414414
0 0.893000 0.581832 0.116000 0.424925
