0 1.284333 0.470290 0.077369 0.143478
0 1.187621 0.505072 0.131528 0.239130
0 0.941973 0.499275 0.085106 0.155072
0 0.970986 0.474638 0.054159 0.102899
0 0.909091 0.487681 0.058027 0.108696
0 0.837524 0.500725 0.061896 0.117391
0 0.734043 0.513768 0.071567 0.131884
0 0.766925 0.492754 0.059961 0.113043
0 0.694391 0.481884 0.050290 0.094203
0 0.843327 0.474638 0.054159 0.100000
0 0.892650 0.487681 0.063830 0.117391
0 0.640232 0.517391 0.065764 0.121739
0 0.613153 0.531159 0.077369 0.140580
0 0.657640 0.503623 0.058027 0.111594
0 0.472921 0.553623 0.083172 0.156522
0 0.511605 0.528986 0.067698 0.127536
0 0.533849 0.515217 0.058027 0.108696
0 0.396518 0.547101 0.077369 0.143478
0 0.328820 0.541304 0.069632 0.131884
0 0.228240 0.535507 0.065764 0.120290
0 0.182785 0.539130 0.063830 0.118841
0 0.145068 0.535507 0.058027 0.111594
0 0.125725 0.526087 0.050290 0.095652
0 0.112186 0.521739 0.050290 0.092754
0 0.097679 0.518841 0.048356 0.092754
0 0.081238 0.519565 0.046422 0.088406
0 0.258221 0.523188 0.056093 0.104348
0 0.291103 0.523188 0.056093 0.104348
0 0.406190 0.531884 0.065764 0.124638
0 0.553191 0.506522 0.054159 0.102899
0 0.564797 0.495652 0.046422 0.089855
0 0.783366 0.468116 0.054159 0.104348
0 0.059961 0.512319 0.030948 0.056522
0 0.046422 0.510145 0.027079 0.049275
0 0.735010 0.427536 0.042553 0.037681
0 0.588008 0.450725 0.023211 0.028986
0 0.636364 0.450000 0.027079 0.015942
0 0.442940 0.468841 0.027079 0.018841
0 0.470019 0.462319 0.027079 0.020290
0 0.495164 0.458696 0.030948 0.021739
0 0.419729 0.463043 0.030948 0.021739
0 0.391683 0.461594 0.021277 0.015942
0 0.382012 0.463043 0.032882 0.015942
0 0.267892 0.473913 0.032882 0.037681
0 0.315280 0.469565 0.038685 0.020290
0 0.182785 0.471739 0.036750 0.018841
0 0.202128 0.482609 0.025145 0.023188
0 0.161509 0.478261 0.017408 0.017391
0 0.285300 0.463043 0.555126 0.015942
0 0.497099 0.439855 0.162476 0.021739
0 0.718569 0.423188 0.226306 0.026087
0 0.923598 0.407246 0.179884 0.020290
0 1.130561 0.389130 0.230174 0.024638
0 1.281431 0.381159 0.098646 0.031884
