0 0.076415 0.713881 0.043396 0.164306
0 0.102830 0.720963 0.043396 0.161473
0 0.139623 0.720963 0.041509 0.155807
0 0.168868 0.716714 0.047170 0.181303
0 0.205660 0.719547 0.049057 0.181303
0 0.244340 0.722380 0.050943 0.186969
0 0.301887 0.726629 0.049057 0.189802
0 0.340566 0.730878 0.050943 0.186969
0 0.380189 0.728045 0.054717 0.203966
0 0.436792 0.725212 0.054717 0.209632
0 0.486792 0.722380 0.056604 0.215297
0 0.464151 0.715297 0.060377 0.229462
0 0.421698 0.708215 0.062264 0.226629
0 0.515094 0.722380 0.060377 0.226629
0 0.541509 0.733711 0.056604 0.215297
0 0.569811 0.722380 0.064151 0.237960
0 0.600943 0.739377 0.054717 0.198300
0 0.628302 0.733711 0.060377 0.226629
0 0.657547 0.743626 0.050943 0.195467
0 0.689623 0.723796 0.062264 0.229462
0 0.716038 0.746459 0.050943 0.184136
0 0.762264 0.754958 0.052830 0.201133
0 0.749057 0.733711 0.060377 0.226629
0 0.801887 0.735127 0.060377 0.229462
0 0.816981 0.750708 0.052830 0.192635
0 0.860377 0.764873 0.049057 0.181303
0 0.902830 0.764873 0.047170 0.169972
0 0.932075 0.764873 0.045283 0.169972
0 0.962264 0.735127 0.064151 0.235127
0 0.283019 0.702550 0.060377 0.226629
0 0.329245 0.709632 0.058491 0.212465
0 0.197170 0.607649 0.028302 0.053824
0 0.246226 0.601983 0.039623 0.053824
0 0.387736 0.614731 0.035849 0.062323
0 0.859434 0.652975 0.050943 0.065156
0 0.905660 0.644476 0.026415 0.042493
