0 0.612500 0.563542 0.106250 0.347917
0 0.691406 0.525000 0.092188 0.304167
0 0.042969 0.363542 0.039062 0.131250
0 0.082031 0.360417 0.042188 0.137500
0 0.128125 0.347917 0.034375 0.112500
0 0.059375 0.353125 0.040625 0.131250
0 0.170313 0.367708 0.046875 0.152083
0 0.216406 0.365625 0.039062 0.131250
0 0.192188 0.327083 0.021875 0.079167
0 0.315625 0.344792 0.037500 0.127083
0 0.453125 0.370833 0.034375 0.112500
0 0.092188 0.277083 0.021875 0.070833
0 0.146094 0.254167 0.020313 0.066667
0 0.159375 0.255208 0.018750 0.064583
0 0.192188 0.251042 0.018750 0.064583
0 0.354687 0.235417 0.015625 0.054167
0 0.499219 0.239583 0.023438 0.083333
0 0.521094 0.240625 0.026562 0.085417
0 0.528125 0.233333 0.025000 0.083333
0 0.548438 0.243750 0.028125 0.091667
0 0.627344 0.225000 0.023438 0.075000
0 0.667188 0.227083 0.021875 0.070833
0 0.687500 0.230208 0.025000 0.085417
0 0.835938 0.205208 0.031250 0.102083
0 0.381250 0.240625 0.025000 0.081250
0 0.368750 0.234375 0.018750 0.064583
0 0.398438 0.510417 0.143750 0.237500
0 0.205469 0.259375 0.017188 0.031250
0 0.226562 0.262500 0.021875 0.029167
0 0.242188 0.260417 0.018750 0.025000
0 0.256250 0.260417 0.021875 0.033333
0 0.267969 0.254167 0.026562 0.037500
0 0.312500 0.251042 0.018750 0.031250
0 0.772656 0.251042 0.023438 0.043750
0 0.789062 0.244792 0.018750 0.043750
0 0.808594 0.243750 0.023438 0.050000
