0 0.026171 0.413750 0.030303 0.070000
0 0.055096 0.413750 0.033058 0.075000
0 0.176309 0.406250 0.027548 0.062500
0 0.194215 0.416250 0.033058 0.072500
0 0.260331 0.411250 0.024793 0.055000
0 0.501377 0.478750 0.082645 0.185000
0 0.831956 0.473125 0.074380 0.168750
0 0.889118 0.451250 0.031680 0.070000
0 0.927686 0.461875 0.070248 0.156250
0 0.923554 0.436875 0.045455 0.103750
0 0.253444 0.388750 0.011019 0.027500
0 0.385675 0.341875 0.159780 0.353750
0 0.652893 0.356250 0.148760 0.330000
0 0.252066 0.391875 0.110193 0.048750
0 0.484160 0.393750 0.103306 0.060000
