0 0.145556 0.467772 0.044444 0.184162
0 0.173889 0.488950 0.047778 0.193370
0 0.221667 0.510129 0.050000 0.206262
0 0.250000 0.536832 0.053333 0.219153
0 0.286111 0.570902 0.058889 0.243094
0 0.350000 0.605893 0.066667 0.276243
0 0.417222 0.639963 0.074444 0.300184
0 0.478889 0.673112 0.080000 0.325967
0 0.545556 0.673112 0.075556 0.311234
0 0.599444 0.641805 0.074444 0.300184
0 0.658889 0.605893 0.064444 0.261510
0 0.711111 0.569061 0.060000 0.243094
0 0.750000 0.539595 0.053333 0.220994
0 0.788333 0.523941 0.054444 0.219153
0 0.822778 0.500000 0.045556 0.189687
0 0.841667 0.476980 0.045556 0.184162
