0 0.204615 0.775342 0.101538 0.443836
0 0.278462 0.665753 0.098462 0.432877
0 0.067692 0.665753 0.101538 0.443836
0 0.033077 0.760274 0.066154 0.435616
0 0.131538 0.586301 0.081538 0.361644
0 0.326154 0.565753 0.061538 0.276712
0 0.510769 0.752055 0.110769 0.479452
0 0.797692 0.739726 0.112308 0.493151
0 0.958462 0.728767 0.083077 0.405479
0 0.899231 0.639726 0.081538 0.364384
0 0.727692 0.661644 0.089231 0.391781
0 0.686923 0.597260 0.078462 0.345205
0 0.647692 0.561644 0.070769 0.306849
0 0.628462 0.509589 0.066154 0.284932
0 0.610000 0.478082 0.053846 0.243836
0 0.590000 0.446575 0.050769 0.219178
0 0.576923 0.424658 0.043077 0.191781
0 0.486154 0.668493 0.098462 0.432877
0 0.340000 0.546575 0.073846 0.326027
0 0.183846 0.547945 0.072308 0.312329
0 0.356923 0.504110 0.061538 0.273973
0 0.375385 0.489041 0.052308 0.232877
0 0.562308 0.376712 0.035385 0.161644
0 0.833077 0.597260 0.084615 0.367123
0 0.773846 0.532877 0.073846 0.320548
0 0.863846 0.468493 0.050769 0.224658
0 0.204615 0.506849 0.064615 0.279452
0 0.230000 0.486301 0.056923 0.249315
0 0.403077 0.384932 0.040000 0.172603
0 0.393846 0.398630 0.036923 0.167123
0 0.549231 0.365753 0.030769 0.139726
0 0.537692 0.356164 0.035385 0.158904
0 0.962308 0.445205 0.044615 0.123288
0 0.985385 0.391781 0.023077 0.098630
0 0.906923 0.426027 0.047692 0.112329
0 0.829231 0.369863 0.033846 0.104110
0 0.791538 0.358904 0.026154 0.082192
0 0.780000 0.341096 0.021538 0.046575
0 0.761538 0.323288 0.015385 0.032877
0 0.754615 0.383562 0.023077 0.060274
0 0.734615 0.376712 0.029231 0.068493
0 0.716154 0.357534 0.023077 0.052055
0 0.694615 0.346575 0.026154 0.052055
0 0.682308 0.330137 0.023077 0.057534
0 0.668462 0.326027 0.020000 0.054795
0 0.654615 0.313699 0.023077 0.046575
0 0.036923 0.426027 0.052308 0.095890
0 0.080000 0.409589 0.049231 0.112329
0 0.129231 0.378082 0.046154 0.071233
0 0.161538 0.349315 0.040000 0.052055
0 0.189231 0.330137 0.033846 0.057534
0 0.250000 0.382192 0.041538 0.101370
0 0.270000 0.361644 0.041538 0.093151
0 0.225385 0.313699 0.032308 0.046575
0 0.090769 0.331507 0.027692 0.043836
0 0.066923 0.346575 0.041538 0.052055
0 0.037692 0.368493 0.026154 0.063014
0 0.313846 0.338356 0.030769 0.052055
0 0.295385 0.323288 0.033846 0.043836
0 0.957692 0.356164 0.029231 0.043836
0 0.910769 0.339726 0.024615 0.054795
0 0.875385 0.332877 0.030769 0.052055
0 0.973077 0.323288 0.029231 0.032877
0 0.374615 0.357534 0.032308 0.057534
0 0.498462 0.438356 0.043077 0.054795
0 0.498462 0.406849 0.033846 0.046575
0 0.483077 0.376712 0.040000 0.041096
0 0.486923 0.352055 0.032308 0.041096
0 0.480000 0.315068 0.024615 0.038356
0 0.215385 0.230137 0.421538 0.120548
0 0.491538 0.217808 0.226154 0.161644
0 0.799231 0.250685 0.392308 0.189041
