0 0.088462 0.688920 0.088462 0.321023
0 0.229808 0.683239 0.067308 0.252841
0 0.371154 0.651989 0.115385 0.417614
0 0.273077 0.698864 0.015385 0.062500
0 0.307692 0.700284 0.015385 0.059659
0 0.329808 0.696023 0.013462 0.056818
0 0.512500 0.656250 0.071154 0.261364
0 0.663462 0.653409 0.057692 0.210227
0 0.631731 0.659091 0.059615 0.215909
0 0.775000 0.639205 0.053846 0.204545
0 0.725962 0.661932 0.044231 0.159091
0 0.810577 0.643466 0.051923 0.184659
0 0.842308 0.646307 0.046154 0.173295
0 0.875962 0.639205 0.048077 0.181818
0 0.909615 0.640625 0.046154 0.167614
0 0.933654 0.636364 0.044231 0.164773
0 0.959615 0.626420 0.046154 0.173295
0 0.672115 0.441761 0.121154 0.440341
0 0.760577 0.464489 0.105769 0.389205
0 0.825962 0.475852 0.098077 0.360795
0 0.891346 0.488636 0.094231 0.340909
0 0.161538 0.542614 0.142308 0.357955
0 0.558654 0.529830 0.171154 0.298295
0 0.790385 0.708807 0.057692 0.116477
0 0.031731 0.758523 0.059615 0.261364
0 0.989423 0.642045 0.013462 0.062500
0 0.450962 0.717330 0.032692 0.042614
