0 0.163333 0.181250 0.055556 0.077500
0 0.196667 0.187500 0.060000 0.085000
0 0.210000 0.165625 0.051111 0.073750
0 0.248889 0.195625 0.057778 0.083750
0 0.290000 0.155000 0.051111 0.072500
0 0.325556 0.202500 0.055556 0.080000
0 0.388889 0.141250 0.048889 0.070000
0 0.448889 0.132500 0.048889 0.067500
0 0.507778 0.123750 0.042222 0.062500
0 0.588889 0.110625 0.044444 0.063750
0 0.635556 0.103125 0.040000 0.058750
0 0.692222 0.095000 0.042222 0.062500
0 0.735556 0.090000 0.040000 0.055000
0 0.705556 0.041875 0.037778 0.053750
0 0.658889 0.047500 0.033333 0.050000
0 0.743333 0.038750 0.033333 0.047500
0 0.788889 0.038125 0.035556 0.048750
0 0.778889 0.082500 0.037778 0.055000
0 0.875556 0.080625 0.040000 0.056250
0 0.846667 0.036875 0.040000 0.056250
0 0.871111 0.035000 0.035556 0.052500
0 0.906667 0.032500 0.040000 0.055000
0 0.454444 0.207500 0.055556 0.080000
0 0.526667 0.215000 0.062222 0.085000
0 0.616667 0.222500 0.060000 0.082500
0 0.732222 0.237500 0.051111 0.072500
0 0.943333 0.251875 0.060000 0.081250
0 0.832222 0.242500 0.060000 0.085000
0 1.036667 0.265000 0.064444 0.090000
0 1.118889 0.257500 0.077778 0.107500
0 1.231111 0.258125 0.066667 0.091250
0 0.285556 0.360000 0.073333 0.100000
0 0.406667 0.384375 0.080000 0.108750
0 0.527778 0.401250 0.077778 0.107500
0 0.437778 0.322500 0.071111 0.100000
0 0.558889 0.345000 0.073333 0.102500
0 0.697778 0.356875 0.075556 0.106250
0 0.676667 0.315000 0.064444 0.092500
0 0.806667 0.330625 0.071111 0.101250
0 0.734444 0.438750 0.082222 0.115000
0 0.882222 0.389375 0.080000 0.108750
0 0.927778 0.300625 0.073333 0.101250
0 0.990000 0.356875 0.077778 0.108750
0 1.077778 0.418125 0.084444 0.118750
0 1.102222 0.315000 0.080000 0.110000
0 1.190000 0.375000 0.082222 0.112500
0 1.291111 0.342500 0.075556 0.105000
0 1.322222 0.293750 0.071111 0.100000
0 1.293333 0.246250 0.066667 0.095000
0 1.345556 0.291250 0.073333 0.100000
0 1.398889 0.256875 0.073333 0.101250
0 1.326667 0.448750 0.084444 0.120000
0 1.426667 0.401250 0.084444 0.117500
0 1.420000 0.301250 0.062222 0.087500
0 1.512222 0.360000 0.082222 0.112500
0 1.555556 0.308750 0.084444 0.117500
0 1.570000 0.293750 0.073333 0.100000
0 1.523333 0.242500 0.055556 0.077500
0 1.610000 0.235000 0.064444 0.092500
0 1.646667 0.221875 0.066667 0.091250
0 1.724444 0.320000 0.066667 0.095000
0 1.756667 0.115625 0.042222 0.073750
0 1.685556 0.209375 0.060000 0.086250
0 1.634444 0.470000 0.095556 0.130000
0 1.711111 0.421875 0.097778 0.133750
0 0.294444 0.466250 0.242222 0.122500
0 0.471111 0.456250 0.093333 0.055000
0 0.571111 0.478750 0.084444 0.047500
0 0.156667 0.403125 0.104444 0.048750
0 1.518889 0.519375 0.180000 0.081250
0 1.151111 0.469375 0.262222 0.176250
0 0.784444 0.438750 0.133333 0.080000
0 0.935556 0.436875 0.066667 0.076250
0 1.337778 0.200000 0.044444 0.027500
0 1.405556 0.176875 0.051111 0.028750
0 1.440000 0.161250 0.048889 0.032500
0 1.514444 0.161875 0.033333 0.016250
0 1.543333 0.163125 0.037778 0.028750
0 1.572222 0.172500 0.028889 0.035000
0 1.595556 0.166250 0.040000 0.037500
0 1.097778 0.034375 0.035556 0.068750
0 1.132222 0.035625 0.037778 0.071250
0 1.163333 0.035625 0.037778 0.071250
0 1.247778 0.038750 0.117778 0.075000
0 1.335556 0.041875 0.080000 0.081250
0 1.426667 0.045000 0.093333 0.087500
0 1.508889 0.044375 0.088889 0.083750
0 1.598889 0.051250 0.086667 0.095000
0 1.692222 0.054375 0.100000 0.086250
