0 0.092593 0.481159 0.185185 0.336232
0 0.023965 0.342754 0.047930 0.076812
0 0.632898 0.423913 0.124183 0.204348
0 1.359477 0.464493 0.244009 0.395652
0 1.466231 0.373188 0.074074 0.186957
0 1.415033 0.368116 0.119826 0.194203
0 0.712418 0.331884 0.043573 0.075362
0 0.784314 0.431884 0.104575 0.173913
0 0.960784 0.477536 0.187364 0.265217
0 1.068627 0.443478 0.115468 0.127536
0 1.152505 0.430435 0.100218 0.136232
0 1.192810 0.330435 0.067538 0.081159
0 1.281046 0.319565 0.056645 0.047826
0 1.273420 0.346377 0.050109 0.043478
0 0.276688 0.560870 0.339869 0.188406
0 0.544662 0.331159 0.087146 0.085507
0 0.622004 0.319565 0.050109 0.044928
0 0.850763 0.379710 0.050109 0.069565
0 0.076253 0.298551 0.039216 0.014493
