0 0.027322 0.526074 0.054645 0.377301
0 0.097450 0.515337 0.078324 0.331288
0 0.163934 0.631902 0.174863 0.723926
0 0.267760 0.599693 0.171220 0.702454
0 0.364299 0.598160 0.156648 0.650307
0 0.521858 0.513804 0.067395 0.285276
0 0.600182 0.538344 0.074681 0.309816
0 0.661202 0.546012 0.076503 0.325153
0 0.704918 0.562883 0.076503 0.315951
0 0.748634 0.565951 0.080146 0.334356
0 0.786885 0.556748 0.076503 0.322086
0 0.835155 0.592025 0.085610 0.361963
0 0.825137 0.404908 0.018215 0.073620
0 0.771403 0.406442 0.016393 0.070552
0 0.479053 0.423313 0.040073 0.165644
0 0.465392 0.420245 0.038251 0.165644
0 0.445355 0.424847 0.038251 0.156442
0 0.501821 0.430982 0.038251 0.168712
0 0.906193 0.593558 0.081967 0.340491
0 0.960838 0.633436 0.078324 0.383436
0 0.431694 0.418712 0.036430 0.150307
0 0.551913 0.444785 0.032787 0.134969
0 0.564663 0.435583 0.040073 0.165644
0 0.081967 0.665644 0.076503 0.177914
0 0.450820 0.625767 0.041894 0.202454
0 0.501821 0.638037 0.060109 0.202454
0 0.555556 0.650307 0.061931 0.190184
0 0.622951 0.644172 0.058288 0.177914
0 0.687614 0.657975 0.060109 0.174847
0 0.745902 0.674847 0.052823 0.196319
0 0.806922 0.625767 0.051002 0.104294
0 0.932605 0.418712 0.061931 0.113497
0 0.839709 0.687117 0.061931 0.110429
0 0.936248 0.648773 0.040073 0.144172
0 0.911658 0.645706 0.049180 0.088957
0 0.880692 0.659509 0.041894 0.073620
0 0.855191 0.803681 0.049180 0.098160
0 0.932605 0.808282 0.061931 0.095092
0 0.893443 0.754601 0.067395 0.104294
0 0.892532 0.895706 0.105647 0.159509
0 0.548270 0.366564 0.018215 0.039877
0 0.524590 0.357362 0.021858 0.039877
