0 0.106364 0.605191 0.201818 0.740437
0 0.276364 0.500000 0.094545 0.355191
0 0.396364 0.405738 0.069091 0.254098
0 0.192727 0.407104 0.069091 0.262295
0 0.606364 0.478142 0.092727 0.349727
0 0.777273 0.588798 0.187273 0.685792
0 0.890000 0.457650 0.092727 0.346995
0 0.704545 0.364754 0.038182 0.144809
0 0.674545 0.362022 0.040000 0.144809
0 0.551818 0.370219 0.045455 0.172131
0 0.576364 0.370219 0.043636 0.166667
0 0.417273 0.392077 0.056364 0.210383
0 0.304545 0.377049 0.041818 0.153005
0 0.328182 0.374317 0.030909 0.120219
0 0.467273 0.345628 0.021818 0.084699
0 0.540000 0.359290 0.040000 0.150273
0 0.523636 0.348361 0.029091 0.106557
0 0.640909 0.353825 0.030909 0.117486
0 0.971818 0.356557 0.034545 0.128415
0 0.936364 0.379781 0.036364 0.131148
0 0.614545 0.275956 0.036364 0.054645
0 0.751818 0.318306 0.045455 0.117486
0 0.872727 0.322404 0.032727 0.043716
0 0.049091 0.357923 0.090909 0.153005
0 0.161818 0.363388 0.083636 0.169399
0 0.350000 0.333333 0.063636 0.147541
