0 0.121662 0.285833 0.094955 0.131667
0 0.338279 0.285000 0.083086 0.120000
0 0.462908 0.292500 0.255193 0.348333
0 0.624629 0.284167 0.228487 0.318333
0 0.749258 0.297500 0.246291 0.341667
0 0.900593 0.288333 0.228487 0.316667
0 1.054896 0.300833 0.198813 0.275000
0 1.173591 0.275833 0.198813 0.278333
0 1.277448 0.277500 0.222552 0.305000
0 1.396142 0.275833 0.216617 0.301667
0 1.575668 0.282500 0.089021 0.128333
0 0.375371 0.392500 0.246291 0.205000
0 0.581602 0.400833 0.213650 0.231667
0 0.795252 0.408333 0.237389 0.213333
0 1.007418 0.400833 0.234421 0.221667
0 1.253709 0.395833 0.264095 0.195000
0 1.525223 0.385000 0.308605 0.183333
