0 0.922500 0.585337 0.155000 0.569712
0 0.861667 0.603365 0.156667 0.552885
0 0.782500 0.561298 0.118333 0.420673
0 0.722500 0.605769 0.135000 0.475962
0 0.629167 0.536058 0.111667 0.394231
0 0.584167 0.539663 0.098333 0.343750
0 0.146667 0.409856 0.040000 0.141827
0 0.166667 0.421875 0.036667 0.137019
0 0.325833 0.444712 0.061667 0.221154
0 0.660000 0.370192 0.030000 0.086538
0 0.695833 0.384615 0.035000 0.057692
0 0.555000 0.383413 0.046667 0.074519
0 0.536667 0.560096 0.060000 0.293269
0 0.490000 0.522837 0.033333 0.257212
0 0.472500 0.509615 0.075000 0.254808
0 0.485833 0.377404 0.058333 0.091346
0 0.420833 0.507212 0.075000 0.192308
0 0.359167 0.492788 0.078333 0.197115
0 0.302500 0.356971 0.035000 0.040865
0 0.288333 0.431490 0.040000 0.064904
0 0.257500 0.503606 0.041667 0.180288
0 0.210833 0.492788 0.075000 0.153846
0 0.240833 0.423077 0.031667 0.052885
0 0.226667 0.433894 0.043333 0.040865
0 0.220833 0.403846 0.025000 0.043269
0 0.226667 0.370192 0.030000 0.067308
0 0.213333 0.359375 0.023333 0.040865
0 0.250000 0.370192 0.046667 0.072115
0 0.161667 0.436298 0.030000 0.064904
0 0.113333 0.382212 0.046667 0.076923
0 0.097500 0.403846 0.051667 0.057692
0 0.032500 0.436298 0.065000 0.137019
0 0.053333 0.368990 0.036667 0.093750
