0 0.066246 0.465556 0.132492 0.291111
0 0.162461 0.463333 0.148265 0.260000
0 0.285489 0.461111 0.154574 0.264444
0 0.380126 0.463333 0.154574 0.264444
0 0.454259 0.460000 0.145110 0.257778
0 0.536278 0.458889 0.151420 0.260000
0 0.610410 0.457778 0.148265 0.262222
0 0.695584 0.463333 0.141956 0.251111
0 0.796530 0.461111 0.141956 0.242222
0 0.875394 0.462222 0.135647 0.235556
0 1.175079 0.466667 0.148265 0.257778
0 1.299685 0.463333 0.145110 0.255556
0 0.985804 0.400000 0.097792 0.106667
0 1.083596 0.401111 0.116719 0.122222
0 0.072555 0.532222 0.107256 0.197778
0 0.179811 0.527778 0.119874 0.202222
0 0.283912 0.533333 0.113565 0.173333
0 0.384858 0.518889 0.107256 0.171111
0 0.470032 0.526667 0.119874 0.182222
0 0.559937 0.512222 0.091483 0.175556
0 0.643533 0.511111 0.100946 0.177778
0 0.730284 0.510000 0.097792 0.180000
0 0.824921 0.511111 0.097792 0.168889
0 0.916404 0.521111 0.116719 0.153333
0 0.988959 0.515556 0.116719 0.173333
0 1.075710 0.521111 0.107256 0.180000
0 1.167192 0.521111 0.088328 0.166667
0 1.255521 0.522222 0.113565 0.160000
0 1.358044 0.532222 0.110410 0.171111
