0 0.046422 0.446377 0.092843 0.182609
0 0.072534 0.434058 0.087041 0.160870
0 0.147969 0.438406 0.102515 0.186957
0 0.228240 0.428986 0.100580 0.182609
0 0.182785 0.393478 0.075435 0.137681
0 0.283366 0.431884 0.087041 0.159420
0 0.387814 0.544203 0.210832 0.386957
0 0.498066 0.426087 0.102515 0.188406
0 0.437137 0.423188 0.081238 0.147826
0 0.552224 0.414493 0.090909 0.165217
0 0.590909 0.407246 0.079304 0.144928
0 0.644101 0.410145 0.081238 0.147826
0 0.694391 0.401449 0.073501 0.139130
0 0.760155 0.405072 0.069632 0.131884
0 0.808511 0.406522 0.061896 0.117391
0 0.838491 0.397101 0.067698 0.127536
0 0.880077 0.401449 0.081238 0.147826
0 0.950677 0.395652 0.071567 0.136232
0 1.018375 0.388406 0.071567 0.130435
0 1.074468 0.387681 0.075435 0.140580
0 1.122824 0.389130 0.067698 0.128986
0 1.156673 0.381884 0.077369 0.143478
0 1.190522 0.379710 0.067698 0.124638
0 1.248549 0.376812 0.063830 0.118841
0 1.290135 0.369565 0.054159 0.098551
0 0.618956 0.402899 0.077369 0.144928
0 0.798839 0.342029 0.042553 0.034783
0 0.976789 0.345652 0.034816 0.039130
0 1.054159 0.336232 0.034816 0.034783
0 1.207930 0.328986 0.032882 0.040580
0 0.300774 0.381159 0.075435 0.057971
