0 0.076655 0.372117 0.090592 0.140461
0 0.193380 0.356394 0.108014 0.159329
0 0.273519 0.362683 0.101045 0.150943
0 0.362369 0.371069 0.090592 0.134172
0 0.418118 0.370021 0.083624 0.127883
0 0.472125 0.362683 0.087108 0.125786
0 0.517422 0.362683 0.087108 0.129979
0 0.588850 0.362683 0.083624 0.129979
0 0.630662 0.361635 0.090592 0.136268
0 0.684669 0.364780 0.087108 0.129979
0 0.754355 0.361635 0.087108 0.132075
0 0.782230 0.357442 0.080139 0.119497
0 0.804878 0.362683 0.083624 0.121593
0 0.851916 0.368973 0.080139 0.121593
0 0.872822 0.352201 0.080139 0.121593
0 0.904181 0.365828 0.080139 0.119497
0 0.959930 0.364780 0.080139 0.117400
0 1.026132 0.366876 0.080139 0.121593
0 1.088850 0.364780 0.073171 0.113208
0 1.153310 0.364780 0.076655 0.117400
0 1.219512 0.361635 0.083624 0.123690
0 1.261324 0.362683 0.083624 0.125786
0 1.308362 0.363732 0.080139 0.119497
0 1.348432 0.362683 0.083624 0.125786
0 1.372822 0.358491 0.083624 0.125786
0 1.428571 0.364780 0.083624 0.121593
0 1.493031 0.360587 0.080139 0.121593
0 1.560976 0.364780 0.076655 0.117400
0 1.620209 0.364780 0.083624 0.129979
0 0.973868 0.294549 0.024390 0.031447
0 1.120209 0.311321 0.017422 0.018868
0 1.148084 0.310273 0.024390 0.025157
0 0.555749 0.311321 0.031359 0.031447
0 0.604530 0.300839 0.052265 0.031447
