0 0.248744 0.485849 0.221106 0.409434
0 0.554020 0.521698 0.223618 0.409434
0 0.629397 0.452830 0.128141 0.233962
0 0.669598 0.417925 0.092965 0.171698
0 0.854271 0.533019 0.226131 0.416981
0 0.993719 0.527358 0.188442 0.349057
0 1.075377 0.493396 0.155779 0.292453
0 1.141960 0.469811 0.153266 0.283019
0 1.221106 0.455660 0.125628 0.228302
0 1.257538 0.432075 0.113065 0.211321
0 1.300251 0.418868 0.062814 0.169811
0 0.037688 0.360377 0.035176 0.030189
0 0.082915 0.363208 0.025126 0.028302
0 0.324121 0.365094 0.020101 0.020755
0 0.347990 0.366038 0.022613 0.026415
0 0.365578 0.365094 0.027638 0.028302
0 0.015075 0.359434 0.020101 0.016981
0 0.827889 0.354717 0.057789 0.049057
0 0.947236 0.348113 0.045226 0.047170
0 1.168342 0.353774 0.040201 0.032075
0 0.312814 0.350000 0.620603 0.050943
