0 0.752525 0.375833 0.272727 0.445000
0 0.912879 0.395000 0.169192 0.276667
0 1.079545 0.420000 0.083333 0.140000
0 1.195707 0.390833 0.209596 0.338333
0 0.978535 0.411667 0.073232 0.123333
0 0.670455 0.381667 0.133838 0.220000
0 0.568182 0.368333 0.121212 0.200000
0 0.502525 0.370000 0.116162 0.186667
0 0.402778 0.376667 0.083333 0.133333
0 0.363636 0.382500 0.075758 0.121667
0 0.460859 0.392500 0.053030 0.088333
0 0.324495 0.380833 0.068182 0.108333
0 0.289141 0.380833 0.053030 0.088333
0 0.252525 0.376667 0.065657 0.106667
0 0.155303 0.369167 0.063131 0.105000
0 0.027778 0.354167 0.055556 0.108333
0 0.231061 0.379167 0.053030 0.091667
0 1.059343 0.365833 0.032828 0.018333
0 0.243687 0.315000 0.037879 0.023333
0 0.342172 0.325833 0.022727 0.018333
0 1.434343 0.353333 0.065657 0.046667
0 1.292929 0.353333 0.080808 0.063333
