0 0.324528 0.058750 0.010063 0.015833
0 0.306918 0.060000 0.010063 0.018333
0 0.387421 0.078333 0.012579 0.023333
0 0.383648 0.108750 0.015094 0.024167
0 0.285535 0.120000 0.017610 0.028333
0 0.159748 0.123750 0.015094 0.027500
0 0.059748 0.116250 0.016352 0.025833
0 0.025157 0.119583 0.015094 0.024167
0 0.467925 0.122500 0.017610 0.028333
0 0.528302 0.124167 0.015094 0.026667
0 0.574214 0.127500 0.013836 0.023333
0 0.584906 0.121250 0.015094 0.027500
0 0.646541 0.096250 0.012579 0.022500
0 0.628931 0.095000 0.015094 0.025000
0 0.618239 0.095833 0.013836 0.021667
0 0.384906 0.377083 0.042767 0.069167
0 0.448428 0.380000 0.041509 0.068333
0 0.525786 0.393333 0.045283 0.075000
0 0.615723 0.404583 0.044025 0.072500
0 0.727044 0.416667 0.047799 0.076667
0 0.807547 0.430417 0.047799 0.079167
0 0.909434 0.437083 0.050314 0.082500
0 1.032704 0.457500 0.050314 0.081667
0 1.230818 0.484583 0.056604 0.094167
0 1.244025 0.409167 0.047799 0.078333
0 1.288050 0.358750 0.042767 0.070833
0 1.367925 0.497083 0.056604 0.094167
0 1.354717 0.416667 0.052830 0.086667
0 1.362893 0.360833 0.041509 0.066667
0 0.477987 0.339167 0.040252 0.065000
0 0.540252 0.343333 0.038994 0.063333
0 0.608805 0.347083 0.035220 0.057500
0 0.696855 0.356667 0.035220 0.060000
0 0.779874 0.366667 0.037736 0.061667
0 0.878616 0.378333 0.041509 0.070000
0 0.965409 0.385000 0.046541 0.075000
0 1.083019 0.402917 0.045283 0.075833
0 1.116352 0.342083 0.038994 0.065833
0 1.159748 0.294167 0.032704 0.055000
0 1.167925 0.263750 0.033962 0.055833
0 1.195597 0.241667 0.031447 0.053333
0 1.205660 0.222500 0.033962 0.055000
0 1.224528 0.206250 0.028931 0.047500
0 0.940252 0.330833 0.036478 0.058333
0 0.846541 0.321667 0.035220 0.058333
0 0.758491 0.310833 0.035220 0.056667
0 0.680503 0.303333 0.027673 0.045000
0 0.608176 0.302917 0.036478 0.059167
0 0.542138 0.293750 0.032704 0.054167
0 0.619497 0.263333 0.031447 0.051667
0 0.674843 0.265833 0.031447 0.050000
0 0.811321 0.278333 0.030189 0.051667
0 0.889308 0.281250 0.035220 0.057500
0 0.961635 0.285833 0.028931 0.046667
0 1.069182 0.293333 0.032704 0.055000
0 1.100000 0.261667 0.031447 0.051667
0 1.018868 0.335000 0.037736 0.063333
0 1.109434 0.242083 0.032704 0.055833
0 1.131447 0.216667 0.026415 0.045000
0 1.144025 0.202083 0.026415 0.044167
0 0.741509 0.273333 0.028931 0.046667
0 0.676730 0.242500 0.030189 0.050000
0 0.720126 0.240417 0.026415 0.045833
0 0.785535 0.242917 0.026415 0.044167
0 0.850943 0.248333 0.028931 0.046667
0 0.922642 0.252083 0.031447 0.052500
0 1.006918 0.256250 0.028931 0.047500
0 1.029560 0.235000 0.031447 0.053333
0 1.062893 0.219167 0.027673 0.046667
0 1.078616 0.200833 0.023899 0.038333
0 0.723270 0.218750 0.027673 0.047500
0 0.755975 0.203750 0.025157 0.040833
0 0.786792 0.188750 0.026415 0.042500
0 0.802516 0.205833 0.025157 0.041667
0 0.842767 0.191250 0.025157 0.040833
0 0.867925 0.205000 0.027673 0.045000
0 0.827044 0.223333 0.028931 0.048333
0 0.893082 0.191667 0.022642 0.038333
0 0.896855 0.225833 0.027673 0.046667
0 0.923270 0.211667 0.025157 0.043333
0 0.945912 0.196250 0.027673 0.047500
0 0.994340 0.211250 0.026415 0.044167
0 0.960377 0.231250 0.028931 0.047500
0 1.024528 0.195833 0.023899 0.038333
0 1.266038 0.300000 0.033962 0.056667
0 1.291824 0.268750 0.035220 0.059167
0 1.307547 0.248750 0.033962 0.054167
0 1.316981 0.225833 0.030189 0.051667
0 1.328302 0.206667 0.025157 0.043333
0 0.739623 0.124167 0.017610 0.031667
0 0.756604 0.125833 0.018868 0.031667
0 0.772327 0.124583 0.020126 0.034167
0 0.791824 0.124167 0.018868 0.031667
0 0.942767 0.123333 0.018868 0.033333
0 0.907547 0.110833 0.018868 0.033333
0 0.922013 0.111250 0.020126 0.032500
0 0.962893 0.109583 0.021384 0.034167
0 1.010063 0.110833 0.022642 0.036667
0 1.028931 0.109167 0.020126 0.035000
0 1.066038 0.112083 0.018868 0.032500
0 0.842767 0.118333 0.017610 0.031667
0 0.811321 0.116667 0.020126 0.035000
0 0.818239 0.113750 0.018868 0.030833
0 0.801887 0.120833 0.018868 0.031667
0 0.014465 0.121250 0.021384 0.015833
0 0.138994 0.123750 0.021384 0.015833
0 0.444654 0.124167 0.013836 0.010000
0 0.435220 0.112917 0.015094 0.007500
0 0.511950 0.125417 0.015094 0.010833
0 0.773585 0.205833 0.027673 0.023333
0 0.107547 0.445417 0.028931 0.025833
0 0.149057 0.448333 0.033962 0.026667
0 0.186164 0.456250 0.032704 0.029167
0 0.225786 0.464167 0.033962 0.028333
0 0.302516 0.478333 0.031447 0.026667
0 0.337107 0.485833 0.027673 0.030000
0 0.370440 0.489167 0.026415 0.023333
0 0.414465 0.490833 0.036478 0.035000
0 0.457233 0.504167 0.031447 0.028333
0 0.505660 0.512083 0.032704 0.035833
0 0.554717 0.515417 0.037736 0.030833
0 0.603774 0.526250 0.032704 0.032500
0 0.647799 0.535417 0.032704 0.027500
0 0.703145 0.539167 0.027673 0.028333
0 0.764780 0.545000 0.035220 0.030000
0 0.063522 0.467083 0.033962 0.025833
0 0.098742 0.475833 0.028931 0.030000
0 0.132075 0.486250 0.025157 0.030833
0 0.172327 0.486250 0.032704 0.029167
0 0.213208 0.488750 0.028931 0.029167
0 0.255346 0.495000 0.030189 0.026667
0 0.288679 0.503750 0.028931 0.030833
0 0.333962 0.510417 0.038994 0.024167
0 0.370440 0.521667 0.026415 0.031667
0 0.420126 0.527083 0.037736 0.030833
0 0.462893 0.537500 0.035220 0.033333
0 0.513208 0.546250 0.037736 0.025833
0 0.561635 0.548750 0.031447 0.022500
0 0.055975 0.491250 0.033962 0.027500
0 0.086164 0.502500 0.023899 0.026667
0 0.119497 0.510000 0.027673 0.026667
0 0.247799 0.530417 0.035220 0.030833
0 0.289937 0.540000 0.028931 0.026667
0 0.343396 0.543750 0.040252 0.025833
0 0.012579 0.490417 0.022642 0.030833
0 0.019497 0.526667 0.031447 0.031667
0 0.072956 0.528333 0.035220 0.033333
0 0.110692 0.542917 0.045283 0.035833
0 1.130189 0.128333 0.023899 0.018333
0 1.305031 0.132083 0.023899 0.019167
0 0.206918 0.285417 0.016352 0.015833
0 0.233333 0.277917 0.023899 0.014167
0 0.154088 0.300833 0.018868 0.016667
0 0.132704 0.314167 0.023899 0.015000
0 0.098113 0.323333 0.027673 0.015000
0 0.070440 0.332917 0.027673 0.014167
0 0.037107 0.342917 0.031447 0.017500
0 0.277987 0.263750 0.027673 0.012500
0 0.300629 0.260000 0.017610 0.018333
0 0.320126 0.250417 0.018868 0.017500
0 0.344654 0.243750 0.020126 0.015833
0 0.360377 0.235833 0.021384 0.015000
0 0.382390 0.230417 0.017610 0.020833
0 0.396226 0.220417 0.022642 0.010833
0 0.427673 0.210833 0.017610 0.013333
0 0.445283 0.207917 0.017610 0.017500
0 0.459748 0.206667 0.013836 0.015000
0 0.475472 0.199583 0.017610 0.014167
0 0.486164 0.193333 0.016352 0.011667
0 0.505660 0.188750 0.017610 0.014167
0 0.516981 0.183750 0.015094 0.010833
0 0.531447 0.176250 0.011321 0.009167
0 0.557233 0.168333 0.020126 0.013333
0 0.576101 0.163333 0.017610 0.013333
0 0.584906 0.159583 0.010063 0.015833
0 0.595597 0.160833 0.008805 0.013333
0 0.605660 0.152083 0.008805 0.010833
0 0.622642 0.147917 0.015094 0.010833
0 0.635220 0.143750 0.015094 0.014167
0 0.651572 0.141667 0.012579 0.018333
0 0.657233 0.135833 0.013836 0.013333
0 0.177987 0.292917 0.028931 0.017500
0 0.249686 0.269583 0.023899 0.017500
0 0.802516 0.150000 0.015094 0.011667
0 0.827044 0.150833 0.021384 0.011667
0 0.841509 0.149167 0.020126 0.013333
0 0.869182 0.150000 0.017610 0.008333
0 0.888050 0.155000 0.017610 0.018333
0 0.910063 0.155000 0.018868 0.015000
0 0.932704 0.154583 0.016352 0.014167
0 0.957862 0.155417 0.021384 0.019167
0 0.976101 0.157500 0.015094 0.011667
0 1.002516 0.159167 0.022642 0.016667
0 1.028302 0.156667 0.016352 0.015000
0 1.053459 0.155000 0.026415 0.015000
0 1.072956 0.158750 0.020126 0.015833
0 1.103774 0.158750 0.023899 0.015833
0 1.130189 0.157917 0.018868 0.019167
0 1.151572 0.158750 0.016352 0.017500
0 1.182390 0.163333 0.020126 0.016667
0 1.208176 0.161250 0.023899 0.015833
0 1.232075 0.159583 0.033962 0.022500
0 1.264151 0.161250 0.020126 0.012500
0 1.290566 0.160417 0.020126 0.017500
0 1.322642 0.160417 0.023899 0.014167
0 1.355975 0.162917 0.025157 0.014167
0 1.218868 0.138333 0.020126 0.013333
0 1.250943 0.139167 0.011321 0.010000
0 1.274214 0.140833 0.015094 0.011667
0 0.150314 0.198750 0.285535 0.132500
0 0.097484 0.302500 0.187421 0.071667
0 0.357233 0.189167 0.115723 0.121667
0 0.455346 0.169583 0.070440 0.085833
0 0.518868 0.160833 0.056604 0.068333
0 0.566667 0.152500 0.041509 0.053333
0 0.627044 0.142917 0.074214 0.032500
0 1.091824 0.162083 0.563522 0.057500
