0 0.812383 0.424375 0.187617 0.303750
0 0.638837 0.439375 0.159475 0.263750
0 1.126642 0.436875 0.088180 0.143750
0 0.057223 0.378125 0.061914 0.056250
0 0.101313 0.364375 0.052533 0.056250
0 0.165103 0.385625 0.041276 0.051250
0 0.232645 0.386250 0.041276 0.035000
0 0.259850 0.377500 0.058161 0.052500
0 0.356473 0.396875 0.045028 0.041250
0 0.427767 0.394375 0.056285 0.048750
0 0.460600 0.373750 0.043152 0.047500
0 0.606942 0.398125 0.046904 0.043750
0 0.755159 0.386250 0.050657 0.047500
0 0.905253 0.394375 0.069418 0.068750
0 0.956848 0.405625 0.052533 0.051250
0 1.058161 0.397500 0.056285 0.050000
0 1.210131 0.389375 0.060038 0.048750
0 1.229831 0.376875 0.050657 0.036250
0 1.296435 0.397500 0.045028 0.045000
0 1.332083 0.400000 0.045028 0.040000
0 1.409006 0.378750 0.060038 0.045000
0 1.470919 0.382500 0.048780 0.045000
0 0.341463 0.371250 0.026266 0.027500
