0 0.856000 0.659091 0.152000 0.653846
0 0.935000 0.664336 0.130000 0.573427
0 0.767000 0.643357 0.134000 0.580420
0 0.703000 0.648601 0.138000 0.590909
0 0.639000 0.632867 0.114000 0.496503
0 0.568000 0.603147 0.100000 0.430070
0 0.505000 0.606643 0.106000 0.465035
0 0.456000 0.589161 0.108000 0.472028
0 0.413000 0.569930 0.102000 0.447552
0 0.350000 0.545455 0.096000 0.412587
0 0.290000 0.555944 0.088000 0.384615
0 0.247000 0.531469 0.082000 0.356643
0 0.188000 0.519231 0.084000 0.360140
0 0.147000 0.522727 0.082000 0.360140
0 0.082000 0.487762 0.052000 0.234266
0 0.072000 0.466783 0.064000 0.283217
0 0.758000 0.311189 0.044000 0.076923
0 0.969000 0.246503 0.026000 0.059441
0 0.930000 0.321678 0.036000 0.076923
0 0.864000 0.332168 0.064000 0.132867
0 0.633000 0.342657 0.054000 0.076923
0 0.524000 0.367133 0.048000 0.104895
0 0.396000 0.367133 0.032000 0.083916
0 0.282000 0.381119 0.044000 0.083916
0 0.133000 0.370629 0.038000 0.069930
0 0.227000 0.381119 0.026000 0.048951
0 0.432000 0.363636 0.028000 0.069930
0 0.335000 0.374126 0.030000 0.062937
0 0.687000 0.342657 0.034000 0.076923
