0 0.063333 0.387591 0.116667 0.500730
0 0.393333 0.588321 0.141667 0.607299
0 0.477500 0.711679 0.083333 0.357664
0 0.657083 0.640876 0.119167 0.508029
0 0.822083 0.614599 0.125833 0.540146
0 0.696250 0.459124 0.154167 0.658394
0 0.529583 0.269343 0.064167 0.278832
0 0.282500 0.254015 0.065000 0.277372
0 0.100833 0.162774 0.056667 0.246715
0 0.190000 0.281752 0.085000 0.364964
0 0.474583 0.162774 0.064167 0.278832
0 0.539167 0.132847 0.058333 0.251095
0 0.594583 0.114599 0.052500 0.229197
0 0.571250 0.100000 0.045833 0.200000
0 0.477083 0.577372 0.145833 0.623358
0 0.022917 0.077372 0.027500 0.072993
0 0.048333 0.041606 0.026667 0.068613
0 0.081667 0.061314 0.020000 0.052555
0 0.157083 0.053285 0.029167 0.054015
0 0.174167 0.035036 0.023333 0.058394
0 0.206250 0.031387 0.020833 0.048175
0 0.237083 0.043066 0.029167 0.059854
0 0.269167 0.056204 0.026667 0.062774
0 0.299167 0.032847 0.025000 0.056934
0 0.328750 0.055474 0.025833 0.046715
0 0.355833 0.045985 0.030000 0.065693
0 0.392083 0.075182 0.030833 0.071533
0 0.409167 0.157664 0.040000 0.093431
0 0.355833 0.301460 0.043333 0.112409
0 0.387083 0.345985 0.047500 0.157664
0 0.888750 0.222628 0.042500 0.138686
0 0.895417 0.097080 0.037500 0.127007
0 0.840833 0.129197 0.041667 0.094891
0 0.634167 0.125547 0.030000 0.061314
0 0.498750 0.024818 0.029167 0.049635
0 0.421667 0.047445 0.023333 0.048175
0 0.443333 0.026277 0.025000 0.046715
0 0.805833 0.043796 0.035000 0.070073
0 0.770417 0.075912 0.030833 0.084672
0 0.729167 0.104380 0.041667 0.074453
0 0.673750 0.081022 0.029167 0.071533
0 0.619167 0.029197 0.026667 0.043796
0 0.637917 0.026277 0.025833 0.037956
