0 0.957298 0.625402 0.085404 0.440514
0 0.045031 0.591640 0.037267 0.115756
0 0.098602 0.572347 0.035714 0.096463
0 0.166925 0.578778 0.045031 0.109325
0 0.237578 0.606109 0.043478 0.131833
0 0.298913 0.604502 0.038820 0.115756
0 0.357919 0.607717 0.035714 0.109325
0 0.420031 0.601286 0.035714 0.115756
0 0.483696 0.610932 0.048137 0.135048
0 0.551242 0.606109 0.037267 0.106109
0 0.611025 0.609325 0.041925 0.125402
0 0.677019 0.588424 0.034161 0.128617
0 0.746894 0.610932 0.046584 0.122186
0 0.809006 0.585209 0.046584 0.102894
0 0.871118 0.596463 0.046584 0.112540
0 0.925466 0.590032 0.034161 0.106109
0 0.891304 0.487138 0.037267 0.080386
0 0.854037 0.482315 0.034161 0.064309
0 0.815217 0.487138 0.037267 0.073955
0 0.768634 0.482315 0.024845 0.077170
0 0.725932 0.477492 0.026398 0.080386
0 0.675466 0.483923 0.024845 0.061093
0 0.625000 0.487138 0.029503 0.080386
0 0.569876 0.482315 0.031056 0.083601
0 0.521739 0.498392 0.027950 0.070740
0 0.466615 0.501608 0.029503 0.070740
0 0.416149 0.496785 0.024845 0.067524
0 0.364907 0.496785 0.031056 0.080386
0 0.319099 0.495177 0.029503 0.090032
0 0.269410 0.508039 0.029503 0.077170
0 0.232919 0.495177 0.034161 0.083601
0 0.195652 0.493569 0.027950 0.073955
0 0.156056 0.493569 0.026398 0.073955
0 0.117236 0.495177 0.020186 0.077170
0 0.079193 0.469453 0.031056 0.083601
0 0.083851 0.426045 0.018634 0.067524
0 0.093168 0.379421 0.027950 0.064309
0 0.083075 0.321543 0.020186 0.070740
0 0.120342 0.429260 0.023292 0.054662
0 0.137422 0.381029 0.017081 0.061093
0 0.142857 0.340836 0.021739 0.064309
0 0.130435 0.299035 0.018634 0.064309
0 0.171584 0.437299 0.023292 0.077170
0 0.178571 0.393891 0.021739 0.067524
0 0.181677 0.342444 0.024845 0.061093
0 0.173137 0.297428 0.023292 0.061093
0 0.217391 0.308682 0.021739 0.070740
0 0.260870 0.294212 0.024845 0.054662
0 0.306677 0.300643 0.013975 0.067524
0 0.350932 0.290997 0.021739 0.067524
0 0.392857 0.286174 0.021739 0.057878
0 0.430901 0.287781 0.023292 0.067524
0 0.463509 0.290997 0.020186 0.067524
0 0.506988 0.266881 0.023292 0.077170
0 0.545031 0.284566 0.027950 0.067524
0 0.601708 0.287781 0.032609 0.073955
0 0.666925 0.282958 0.023292 0.057878
0 0.696429 0.297428 0.026398 0.080386
0 0.739907 0.289389 0.032609 0.070740
0 0.789596 0.287781 0.020186 0.061093
0 0.846273 0.294212 0.021739 0.054662
0 0.893634 0.292605 0.029503 0.064309
0 0.918478 0.426045 0.023292 0.073955
0 0.880435 0.361736 0.027950 0.080386
0 0.841615 0.405145 0.024845 0.051447
0 0.839286 0.348875 0.029503 0.067524
0 0.802795 0.371383 0.031056 0.073955
0 0.761646 0.376206 0.020186 0.051447
0 0.782609 0.418006 0.018634 0.077170
0 0.743789 0.421222 0.024845 0.064309
0 0.717391 0.358521 0.027950 0.073955
0 0.692547 0.422830 0.024845 0.054662
0 0.670807 0.363344 0.021739 0.090032
0 0.643634 0.321543 0.026398 0.070740
0 0.649068 0.422830 0.021739 0.073955
0 0.626553 0.390675 0.020186 0.073955
0 0.590839 0.340836 0.023292 0.070740
0 0.590839 0.408360 0.026398 0.064309
0 0.569099 0.392283 0.020186 0.090032
0 0.544255 0.342444 0.029503 0.061093
0 0.543478 0.403537 0.027950 0.073955
0 0.510870 0.395498 0.024845 0.083601
0 0.500000 0.429260 0.024845 0.054662
0 0.496118 0.331190 0.023292 0.077170
0 0.468168 0.392283 0.020186 0.064309
0 0.449534 0.324759 0.023292 0.077170
0 0.447981 0.438907 0.023292 0.086817
0 0.416925 0.397106 0.026398 0.086817
0 0.398292 0.337621 0.026398 0.051447
0 0.371894 0.379421 0.026398 0.070740
0 0.394410 0.445338 0.021739 0.073955
0 0.348602 0.426045 0.017081 0.054662
0 0.329193 0.416399 0.018634 0.067524
0 0.331522 0.331190 0.023292 0.083601
0 0.281832 0.323151 0.017081 0.061093
0 0.301242 0.379421 0.024845 0.077170
0 0.295807 0.427653 0.029503 0.057878
0 0.262422 0.381029 0.024845 0.073955
0 0.253106 0.418006 0.027950 0.070740
0 0.212733 0.414791 0.027950 0.064309
0 0.225155 0.387460 0.027950 0.067524
0 0.238354 0.352090 0.023292 0.054662
