0 0.306875 0.752242 0.073750 0.325112
0 0.403750 0.756726 0.060000 0.266816
0 0.373125 0.761211 0.061250 0.271300
0 0.343750 0.737668 0.062500 0.273543
0 0.190000 0.758969 0.062500 0.275785
0 0.220000 0.683857 0.052500 0.233184
0 0.273750 0.701794 0.052500 0.233184
0 0.252500 0.697309 0.052500 0.237668
0 0.239375 0.684978 0.051250 0.230942
0 0.170000 0.765695 0.055000 0.248879
0 0.157500 0.746637 0.062500 0.278027
0 0.143750 0.735426 0.062500 0.273543
0 0.126875 0.737668 0.056250 0.246637
0 0.107500 0.706278 0.052500 0.237668
0 0.044375 0.745516 0.076250 0.334081
0 0.174375 0.474215 0.033750 0.150224
0 0.527500 0.795964 0.055000 0.246637
0 0.616250 0.763453 0.075000 0.334081
0 0.570000 0.765695 0.055000 0.239910
0 0.470000 0.705157 0.055000 0.244395
0 0.441875 0.698430 0.056250 0.244395
0 0.494375 0.732063 0.056250 0.244395
0 0.773750 0.750000 0.060000 0.266816
0 0.733125 0.736547 0.061250 0.266816
0 0.706875 0.730942 0.058750 0.260090
0 0.651875 0.684978 0.048750 0.213004
0 0.863750 0.773543 0.065000 0.291480
0 0.934375 0.760090 0.053750 0.242152
0 0.973750 0.773543 0.052500 0.282511
0 0.808750 0.724215 0.055000 0.246637
0 0.676250 0.661435 0.052500 0.237668
0 0.011250 0.168161 0.010000 0.035874
0 0.029375 0.147982 0.013750 0.031390
0 0.045625 0.153587 0.013750 0.042601
0 0.068125 0.160314 0.013750 0.033632
0 0.080625 0.162556 0.008750 0.029148
0 0.089375 0.154709 0.013750 0.035874
0 0.103125 0.156951 0.008750 0.035874
0 0.115625 0.158072 0.011250 0.038117
0 0.158750 0.161435 0.012500 0.040359
0 0.132500 0.155830 0.012500 0.029148
0 0.176250 0.159193 0.017500 0.031390
0 0.200625 0.165919 0.016250 0.035874
0 0.208125 0.150224 0.011250 0.026906
0 0.227500 0.150224 0.010000 0.031390
0 0.026250 0.198430 0.015000 0.038117
0 0.066875 0.209641 0.013750 0.029148
0 0.094375 0.237668 0.016250 0.035874
0 0.116875 0.217489 0.016250 0.040359
0 0.131250 0.226457 0.012500 0.035874
0 0.140625 0.252242 0.011250 0.033632
0 0.056250 0.255605 0.015000 0.040359
0 0.008750 0.250000 0.012500 0.038117
0 0.166875 0.196188 0.011250 0.024664
0 0.173750 0.216368 0.012500 0.029148
0 0.186250 0.237668 0.010000 0.035874
0 0.199375 0.201794 0.013750 0.035874
0 0.220625 0.202915 0.011250 0.029148
0 0.245625 0.207399 0.011250 0.033632
0 0.235625 0.227578 0.011250 0.029148
0 0.215000 0.220852 0.017500 0.042601
0 0.263125 0.153587 0.011250 0.029148
0 0.281250 0.151345 0.015000 0.033632
0 0.330625 0.158072 0.013750 0.038117
0 0.321250 0.210762 0.012500 0.031390
0 0.309375 0.198430 0.018750 0.033632
0 0.285625 0.224215 0.016250 0.026906
0 0.301250 0.163677 0.012500 0.026906
0 0.025000 0.335202 0.022500 0.042601
0 0.083125 0.331839 0.026250 0.044843
0 0.138750 0.343049 0.022500 0.044843
0 0.164375 0.335202 0.018750 0.042601
0 0.202500 0.289238 0.020000 0.035874
0 0.207500 0.347534 0.022500 0.044843
0 0.239375 0.350897 0.018750 0.042601
0 0.266875 0.349776 0.018750 0.044843
0 0.254375 0.289238 0.018750 0.035874
0 0.283125 0.266816 0.016250 0.040359
0 0.326875 0.265695 0.018750 0.038117
0 0.316875 0.323991 0.023750 0.047085
0 0.252500 0.391256 0.027500 0.047085
0 0.108750 0.439462 0.022500 0.058296
0 0.013750 0.443946 0.017500 0.058296
0 0.158125 0.424888 0.018750 0.033632
0 0.302500 0.384529 0.020000 0.033632
0 0.313125 0.463004 0.021250 0.056054
0 0.291250 0.522422 0.030000 0.062780
0 0.216250 0.525785 0.022500 0.051570
0 0.160000 0.539238 0.017500 0.051570
0 0.109375 0.554933 0.018750 0.047085
0 0.064375 0.542601 0.023750 0.040359
0 0.015625 0.548206 0.016250 0.042601
0 0.360625 0.339686 0.028750 0.073991
0 0.341250 0.434978 0.027500 0.103139
0 0.375625 0.441704 0.041250 0.130045
0 0.416250 0.391256 0.037500 0.100897
0 0.465625 0.437220 0.026250 0.107623
0 0.481875 0.367713 0.018750 0.058296
0 0.543125 0.380045 0.031250 0.060538
0 0.608125 0.346413 0.028750 0.082960
0 0.638125 0.299327 0.026250 0.051570
0 0.556250 0.321749 0.022500 0.078475
0 0.576875 0.293722 0.026250 0.058296
0 0.600625 0.282511 0.026250 0.062780
0 0.578125 0.232063 0.026250 0.065022
0 0.596875 0.210762 0.023750 0.044843
0 0.614375 0.235426 0.016250 0.049327
0 0.637500 0.170404 0.020000 0.049327
0 0.671875 0.237668 0.031250 0.076233
0 0.651250 0.155830 0.020000 0.056054
0 0.551875 0.152466 0.023750 0.049327
0 0.375625 0.159193 0.018750 0.049327
0 0.409375 0.176009 0.018750 0.051570
0 0.434375 0.161435 0.028750 0.062780
0 0.431250 0.210762 0.022500 0.040359
0 0.383750 0.235426 0.025000 0.058296
0 0.367500 0.266816 0.030000 0.062780
0 0.416875 0.282511 0.018750 0.058296
0 0.383125 0.338565 0.016250 0.044843
0 0.451875 0.253363 0.026250 0.062780
0 0.491875 0.225336 0.021250 0.060538
0 0.461250 0.162556 0.015000 0.056054
0 0.489375 0.150224 0.021250 0.040359
0 0.530625 0.170404 0.018750 0.044843
0 0.517500 0.234305 0.025000 0.056054
0 0.508125 0.292601 0.021250 0.069507
0 0.555000 0.207399 0.022500 0.051570
0 0.569375 0.159193 0.018750 0.053812
0 0.598750 0.161435 0.020000 0.053812
0 0.613750 0.147982 0.022500 0.035874
0 0.358125 0.576233 0.021250 0.062780
0 0.377500 0.570628 0.017500 0.038117
0 0.405000 0.535874 0.022500 0.053812
0 0.418750 0.591928 0.025000 0.044843
0 0.437500 0.526906 0.030000 0.049327
0 0.553125 0.530269 0.023750 0.069507
0 0.563125 0.473094 0.023750 0.071749
0 0.593125 0.486547 0.033750 0.085202
0 0.687500 0.410314 0.037500 0.103139
0 0.650625 0.376682 0.026250 0.089686
0 0.687500 0.151345 0.022500 0.051570
0 0.711875 0.163677 0.026250 0.067265
0 0.747500 0.162556 0.020000 0.056054
0 0.783750 0.152466 0.020000 0.053812
0 0.806875 0.145740 0.023750 0.062780
0 0.821250 0.145740 0.022500 0.044843
0 0.840000 0.142377 0.022500 0.051570
0 0.881875 0.135650 0.018750 0.042601
0 0.908750 0.151345 0.017500 0.038117
0 0.977500 0.126682 0.020000 0.033632
0 0.937500 0.137892 0.027500 0.047085
0 0.983125 0.237668 0.021250 0.067265
0 0.975625 0.347534 0.023750 0.094170
0 0.931250 0.364350 0.032500 0.087444
0 0.885625 0.332960 0.026250 0.082960
0 0.847500 0.346413 0.035000 0.078475
0 0.812500 0.419283 0.027500 0.112108
0 0.776250 0.400224 0.027500 0.073991
0 0.784375 0.479821 0.031250 0.098655
0 0.869375 0.443946 0.028750 0.067265
0 0.887500 0.511211 0.027500 0.076233
0 0.916875 0.516816 0.033750 0.096413
0 0.962500 0.549327 0.032500 0.053812
0 0.719375 0.514574 0.031250 0.073991
0 0.716875 0.308296 0.021250 0.047085
0 0.753750 0.311659 0.037500 0.062780
0 0.779375 0.298206 0.028750 0.053812
0 0.780000 0.243274 0.022500 0.047085
0 0.813125 0.220852 0.013750 0.060538
0 0.705000 0.239910 0.020000 0.058296
0 0.726250 0.229821 0.020000 0.056054
0 0.853125 0.186099 0.021250 0.035874
0 0.863125 0.211883 0.023750 0.051570
0 0.900625 0.207399 0.021250 0.056054
0 0.933125 0.196188 0.018750 0.051570
0 0.950625 0.218610 0.018750 0.042601
0 0.925000 0.269058 0.020000 0.053812
0 0.938125 0.250000 0.018750 0.056054
0 0.964375 0.254484 0.026250 0.042601
