0 0.272222 0.718333 0.140000 0.516667
0 0.562222 0.670000 0.133333 0.493333
0 0.688889 0.623333 0.084444 0.306667
0 0.178889 0.586667 0.060000 0.220000
0 0.115556 0.378333 0.040000 0.150000
0 0.091111 0.385000 0.031111 0.123333
0 0.015556 0.610000 0.031111 0.200000
0 0.047778 0.598333 0.055556 0.203333
0 0.023333 0.605000 0.046667 0.210000
0 0.110000 0.591667 0.055556 0.203333
0 0.322222 0.586667 0.048889 0.186667
0 0.341111 0.580000 0.051111 0.186667
0 0.386667 0.575000 0.053333 0.196667
0 0.443333 0.568333 0.051111 0.196667
0 0.482222 0.568333 0.048889 0.190000
0 0.501111 0.575000 0.042222 0.163333
0 0.626667 0.563333 0.048889 0.180000
0 0.912222 0.678333 0.166667 0.630000
0 0.391111 0.425000 0.031111 0.056667
0 0.452222 0.408333 0.028889 0.050000
0 0.360000 0.488333 0.031111 0.043333
0 0.160000 0.500000 0.022222 0.053333
0 0.077778 0.511667 0.031111 0.056667
0 0.054444 0.426667 0.020000 0.033333
0 0.728889 0.483333 0.017778 0.033333
0 0.246667 0.265000 0.186667 0.376667
0 0.575556 0.188333 0.142222 0.303333
0 0.796667 0.263333 0.064444 0.300000
0 0.853333 0.223333 0.080000 0.306667
0 0.404444 0.468333 0.800000 0.103333
