0 0.081851 0.389853 0.160142 0.293725
0 0.274021 0.395194 0.163701 0.299065
0 0.342527 0.390521 0.147687 0.273698
0 0.544484 0.410547 0.149466 0.276368
0 0.192171 0.382510 0.149466 0.273698
0 0.029359 0.201602 0.058719 0.112150
0 0.205516 0.204940 0.058719 0.108144
0 0.707295 0.218959 0.062278 0.114820
0 0.886121 0.205607 0.056940 0.104139
0 0.981317 0.219626 0.069395 0.129506
0 1.020463 0.212283 0.051601 0.098798
0 0.943950 0.217623 0.062278 0.117490
0 1.088968 0.212283 0.056940 0.106809
0 1.266014 0.224299 0.051601 0.093458
0 1.309609 0.207610 0.046263 0.092123
0 1.239324 0.080107 0.044484 0.080107
0 1.196619 0.056075 0.040925 0.077437
0 0.189502 0.245661 0.062278 0.056075
0 0.153025 0.154206 0.049822 0.046729
0 0.083630 0.150200 0.042705 0.070761
0 0.293594 0.152203 0.039146 0.040053
0 0.352313 0.155541 0.039146 0.038718
0 0.444840 0.166222 0.042705 0.041389
0 0.614769 0.220961 0.048043 0.081442
0 0.759786 0.163551 0.032028 0.038718
0 1.287367 0.031375 0.040925 0.054740
0 0.205516 0.137517 0.033808 0.021362
0 1.285587 0.112150 0.026690 0.061415
0 1.203737 0.213618 0.037367 0.056075
0 0.067616 0.022029 0.039146 0.030708
0 0.025801 0.054072 0.026690 0.028037
0 0.020463 0.074766 0.026690 0.032043
0 0.229537 0.070093 0.032028 0.022697
0 0.225089 0.083445 0.026690 0.028037
0 0.274911 0.092790 0.030249 0.041389
0 0.285587 0.024032 0.026690 0.032043
0 0.316726 0.034045 0.032028 0.020027
0 0.315836 0.054740 0.026690 0.018692
0 0.306940 0.072764 0.026690 0.022697
0 0.274021 0.050734 0.024911 0.021362
0 0.360320 0.047397 0.033808 0.022697
0 0.312278 0.097463 0.026690 0.032043
0 0.354093 0.082777 0.021352 0.026702
0 0.385231 0.083445 0.026690 0.030708
0 0.419039 0.068091 0.026690 0.026702
0 0.450178 0.068758 0.024911 0.025367
0 0.483096 0.016021 0.048043 0.029372
0 0.477758 0.049399 0.037367 0.029372
0 0.517794 0.062083 0.035587 0.020027
0 0.518683 0.082777 0.023132 0.024032
0 0.533808 0.099466 0.028470 0.030708
0 0.566726 0.094793 0.016014 0.016021
0 0.592527 0.098131 0.021352 0.025367
0 0.557829 0.067423 0.026690 0.020027
0 0.611210 0.017356 0.030249 0.024032
0 0.588078 0.044726 0.037367 0.028037
0 0.610320 0.047397 0.021352 0.022697
0 0.625445 0.095461 0.019573 0.022697
0 0.661032 0.115487 0.026690 0.036048
0 0.688612 0.100134 0.032028 0.024032
0 0.749110 0.090120 0.035587 0.038718
0 0.790925 0.115487 0.037367 0.038718
0 0.844306 0.098798 0.030249 0.042724
0 0.862989 0.112150 0.028470 0.026702
0 0.903915 0.104806 0.053381 0.025367
0 0.937722 0.106809 0.024911 0.024032
0 0.982206 0.096128 0.028470 0.029372
0 1.023132 0.101469 0.035587 0.021362
0 0.946619 0.016021 0.035587 0.029372
0 0.899466 0.014686 0.033808 0.029372
0 0.847865 0.012016 0.026690 0.024032
0 0.782918 0.016689 0.032028 0.033378
0 0.742883 0.010681 0.023132 0.021362
0 0.717972 0.011348 0.026690 0.022697
0 0.697509 0.062750 0.032028 0.037383
0 0.734875 0.062083 0.039146 0.022697
