0 0.258571 0.476956 0.242857 0.445874
0 0.390714 0.418006 0.210000 0.385852
0 0.443571 0.416935 0.158571 0.291533
0 0.508571 0.406217 0.120000 0.220793
0 0.553571 0.390139 0.104286 0.190782
0 0.807857 0.353162 0.187143 0.344051
0 1.075000 0.448017 0.304286 0.557342
0 1.100000 0.396034 0.257143 0.472669
0 1.281429 0.339764 0.074286 0.137192
0 0.950000 0.384780 0.054286 0.102894
0 0.597857 0.364416 0.038571 0.130761
0 0.647857 0.362808 0.050000 0.125402
0 0.695000 0.368167 0.044286 0.123258
0 0.752857 0.397106 0.057143 0.091104
0 0.981429 0.362272 0.054286 0.141479
0 0.552143 0.286174 0.027143 0.025723
