0 0.133962 0.414835 0.105660 0.384615
0 0.300000 0.440934 0.101887 0.365385
0 0.359434 0.431319 0.096226 0.340659
0 0.453774 0.413462 0.096226 0.348901
0 0.580189 0.431319 0.084906 0.302198
0 0.525472 0.384615 0.035849 0.131868
0 0.486792 0.401099 0.056604 0.208791
0 0.173585 0.370879 0.079245 0.285714
0 0.049057 0.467033 0.098113 0.368132
0 0.835849 0.423077 0.045283 0.170330
0 0.894340 0.440934 0.056604 0.200549
0 0.952830 0.449176 0.067925 0.244505
0 0.724528 0.604396 0.181132 0.642857
0 0.207547 0.255495 0.045283 0.148352
0 0.259434 0.239011 0.032075 0.120879
0 0.416038 0.401099 0.020755 0.109890
0 0.665094 0.339286 0.028302 0.112637
0 0.774528 0.325549 0.016981 0.063187
0 0.793396 0.390110 0.013208 0.082418
