0 0.064000 0.615964 0.128000 0.557229
0 0.174000 0.631024 0.136000 0.496988
0 0.272000 0.650602 0.132000 0.487952
0 0.382000 0.647590 0.136000 0.500000
0 0.501000 0.637048 0.142000 0.527108
0 0.617000 0.634036 0.146000 0.545181
0 0.750000 0.629518 0.152000 0.566265
0 0.891000 0.644578 0.154000 0.566265
0 0.725000 0.115964 0.034000 0.129518
0 0.104000 0.426205 0.052000 0.153614
0 0.016000 0.394578 0.032000 0.090361
0 0.349000 0.435241 0.042000 0.105422
0 0.544000 0.435241 0.032000 0.093373
0 0.590000 0.441265 0.020000 0.051205
0 0.656000 0.445783 0.036000 0.048193
0 0.949000 0.430723 0.054000 0.144578
0 0.823000 0.281627 0.030000 0.111446
0 0.867000 0.289157 0.042000 0.102410
0 0.924000 0.289157 0.040000 0.108434
0 0.747000 0.286145 0.038000 0.108434
0 0.801000 0.143072 0.042000 0.123494
0 0.983000 0.290663 0.026000 0.105422
0 0.427000 0.274096 0.030000 0.084337
0 0.420000 0.191265 0.032000 0.063253
0 0.442000 0.165663 0.024000 0.048193
0 0.305000 0.250000 0.022000 0.060241
0 0.272000 0.222892 0.024000 0.066265
0 0.242000 0.224398 0.020000 0.063253
0 0.234000 0.281627 0.032000 0.057229
0 0.184000 0.274096 0.024000 0.054217
0 0.161000 0.302711 0.026000 0.039157
0 0.107000 0.266566 0.026000 0.027108
0 0.125000 0.301205 0.026000 0.042169
0 0.138000 0.239458 0.020000 0.033133
0 0.153000 0.207831 0.022000 0.042169
0 0.178000 0.224398 0.016000 0.033133
0 0.203000 0.212349 0.022000 0.033133
0 0.203000 0.164157 0.022000 0.045181
0 0.235000 0.162651 0.030000 0.042169
0 0.250000 0.132530 0.024000 0.042169
0 0.177000 0.167169 0.026000 0.039157
0 0.112000 0.179217 0.012000 0.057229
0 0.766000 0.058735 0.036000 0.069277
0 0.803000 0.043675 0.026000 0.057229
0 0.893000 0.164157 0.030000 0.111446
0 0.850000 0.167169 0.032000 0.117470
0 0.850000 0.078313 0.024000 0.048193
