0 0.282392 0.315265 0.119601 0.192478
0 0.363787 0.305310 0.102990 0.168142
0 0.415282 0.318584 0.126246 0.207965
0 0.521595 0.321903 0.139535 0.227876
0 0.686047 0.342920 0.129568 0.212389
0 0.840532 0.345133 0.132890 0.216814
0 1.024917 0.350664 0.122924 0.201327
0 1.104651 0.315265 0.076412 0.130531
0 1.182724 0.337389 0.126246 0.205752
0 1.249169 0.340708 0.106312 0.176991
0 1.348837 0.317478 0.053156 0.086283
0 1.302326 0.308628 0.059801 0.099558
0 0.604651 0.300885 0.086379 0.146018
0 0.734219 0.308628 0.086379 0.139381
0 0.913621 0.309735 0.079734 0.137168
0 0.983389 0.308628 0.073090 0.121681
0 1.400332 0.269912 0.023256 0.022124
0 1.428571 0.290929 0.019934 0.015487
0 1.453488 0.273230 0.023256 0.019912
0 1.480066 0.275442 0.023256 0.019912
0 1.450166 0.325221 0.029900 0.030973
0 1.395349 0.330752 0.059801 0.050885
0 0.877076 0.245575 0.524917 0.084071
