0 0.120000 0.638333 0.128889 0.470000
0 0.188889 0.661667 0.124444 0.463333
0 0.237778 0.660000 0.120000 0.446667
0 0.302222 0.658333 0.124444 0.463333
0 0.383333 0.655000 0.126667 0.470000
0 0.438889 0.650000 0.117778 0.433333
0 0.500000 0.655000 0.115556 0.430000
0 0.573333 0.650000 0.124444 0.453333
0 0.651111 0.653333 0.124444 0.453333
0 0.730000 0.658333 0.113333 0.423333
0 0.806667 0.670000 0.115556 0.420000
0 0.888889 0.546667 0.040000 0.153333
0 0.183333 0.773333 0.091111 0.333333
0 0.303333 0.775000 0.046667 0.323333
0 0.390000 0.781667 0.068889 0.323333
0 0.471111 0.786667 0.071111 0.326667
0 0.555556 0.793333 0.066667 0.293333
0 0.640000 0.806667 0.080000 0.300000
0 0.730000 0.805000 0.073333 0.303333
0 0.843333 0.808333 0.108889 0.336667
0 0.632222 0.448333 0.024444 0.070000
0 0.200000 0.380000 0.062222 0.086667
0 0.357778 0.418333 0.022222 0.050000
0 0.694444 0.485000 0.024444 0.050000
0 0.160000 0.461667 0.026667 0.063333
0 0.268889 0.466667 0.026667 0.046667
0 0.342222 0.456667 0.031111 0.060000
