0 0.795414 0.379695 0.144621 0.235915
0 0.936508 0.404930 0.137566 0.223005
0 1.085538 0.408451 0.139330 0.230047
0 1.233686 0.422535 0.118166 0.194836
0 1.277778 0.399648 0.125220 0.203052
0 1.034392 0.399061 0.107584 0.178404
0 0.711640 0.396714 0.111111 0.183099
0 0.664021 0.389671 0.100529 0.166667
0 0.585538 0.410211 0.084656 0.139671
0 0.478836 0.390845 0.097002 0.159624
0 0.542328 0.386150 0.093474 0.154930
0 0.393298 0.390258 0.091711 0.151408
0 0.447090 0.377347 0.107584 0.177230
0 0.281305 0.379108 0.139330 0.230047
0 0.865079 0.400235 0.097002 0.159624
0 1.174603 0.420188 0.098765 0.164319
0 0.892416 0.280516 0.010582 0.018779
0 0.904762 0.279930 0.010582 0.019953
0 0.910053 0.297535 0.010582 0.019953
