0 0.117745 0.680798 0.033167 0.129676
0 0.160862 0.647132 0.039801 0.152120
0 0.201493 0.701995 0.041459 0.152120
0 0.228856 0.667082 0.036484 0.142145
0 0.296020 0.728180 0.041459 0.159601
0 0.330846 0.687032 0.038143 0.147132
0 0.282753 0.647132 0.031509 0.117207
0 0.312604 0.619701 0.031509 0.122195
0 0.373964 0.665835 0.034826 0.129676
0 0.404643 0.758105 0.039801 0.149626
0 0.419569 0.711970 0.039801 0.152120
0 0.443615 0.680798 0.034826 0.129676
0 0.450249 0.652120 0.038143 0.142145
0 0.456882 0.618454 0.031509 0.119701
0 0.485075 0.604738 0.028192 0.107232
0 0.509121 0.582294 0.026534 0.102244
0 0.554726 0.709476 0.038143 0.147132
0 0.532338 0.677057 0.039801 0.147132
0 0.519900 0.647132 0.031509 0.122195
0 0.601990 0.649626 0.036484 0.137157
0 0.650912 0.680798 0.034826 0.129676
0 0.628524 0.633416 0.033167 0.124688
0 0.616086 0.602244 0.031509 0.117207
0 0.567164 0.589776 0.026534 0.102244
0 0.584577 0.568579 0.024876 0.099751
0 0.682421 0.544888 0.024876 0.092269
0 0.660033 0.557357 0.023217 0.092269
0 0.732172 0.653367 0.034826 0.129676
0 0.717247 0.620948 0.031509 0.119701
0 0.786070 0.704489 0.043118 0.157107
0 0.815920 0.692020 0.039801 0.152120
0 0.839138 0.685786 0.036484 0.139651
0 0.874793 0.665835 0.038143 0.139651
0 0.902156 0.623441 0.029851 0.109726
0 0.777778 0.597257 0.026534 0.102244
0 0.749585 0.556110 0.026534 0.099751
0 0.977612 0.556110 0.024876 0.099751
0 0.943615 0.553616 0.023217 0.094763
0 0.875622 0.561097 0.026534 0.099751
0 0.845771 0.557357 0.026534 0.102244
0 0.810116 0.549875 0.028192 0.102244
0 0.733831 0.552369 0.021559 0.087282
0 0.105307 0.576060 0.041459 0.154613
0 0.134328 0.607232 0.036484 0.137157
0 0.187396 0.623441 0.033167 0.129676
0 0.079602 0.488778 0.029851 0.114713
0 0.125207 0.488778 0.031509 0.114713
0 0.151741 0.487531 0.028192 0.112219
0 0.203980 0.475062 0.029851 0.107232
0 0.234660 0.478803 0.028192 0.104738
0 0.272803 0.476309 0.024876 0.094763
0 0.280265 0.472569 0.023217 0.092269
0 0.299337 0.472569 0.024876 0.092269
0 0.321725 0.472569 0.023217 0.092269
0 0.339967 0.470075 0.023217 0.092269
0 0.357380 0.473815 0.024876 0.099751
0 0.373134 0.463840 0.026534 0.099751
0 0.393035 0.463840 0.023217 0.089776
0 0.252902 0.461347 0.024876 0.089776
0 0.182421 0.472569 0.029851 0.112219
0 0.106136 0.476309 0.029851 0.114713
0 0.066335 0.468828 0.023217 0.094763
0 0.429519 0.220698 0.255390 0.226933
0 0.777778 0.251870 0.424544 0.119701
0 0.679104 0.396509 0.253731 0.179551
0 0.918740 0.402743 0.132670 0.157107
