0 0.153704 0.587654 0.166667 0.548148
0 0.310185 0.533333 0.172222 0.567901
0 0.407407 0.506173 0.144444 0.469136
0 0.523148 0.507407 0.146296 0.476543
0 0.629630 0.492593 0.114815 0.377778
0 0.793519 0.313580 0.094444 0.311111
0 0.911111 0.396296 0.062963 0.209877
0 0.965741 0.424691 0.068519 0.276543
0 0.616667 0.317284 0.092593 0.303704
0 0.885185 0.371605 0.062963 0.209877
0 0.374074 0.855556 0.125926 0.288889
0 0.491667 0.770370 0.094444 0.232099
0 0.601852 0.697531 0.107407 0.229630
0 0.736111 0.672840 0.087037 0.175309
0 0.802778 0.667901 0.075926 0.259259
0 0.710185 0.504938 0.101852 0.140741
0 0.627778 0.512346 0.070370 0.135802
0 0.549074 0.498765 0.064815 0.158025
0 0.475926 0.560494 0.107407 0.172840
0 0.326852 0.604938 0.094444 0.192593
0 0.236111 0.745679 0.109259 0.424691
0 0.182407 0.188889 0.127778 0.200000
