0 0.480469 0.719530 0.093750 0.346549
0 0.427734 0.715859 0.080078 0.298091
0 0.548828 0.696769 0.091797 0.342144
0 0.584961 0.749633 0.060547 0.224670
0 0.804199 0.702643 0.079102 0.295154
0 0.857910 0.712922 0.081055 0.298091
0 0.913574 0.714391 0.047852 0.177680
0 0.956543 0.744493 0.041992 0.155653
0 0.982422 0.748899 0.035156 0.158590
0 0.986816 0.651248 0.026367 0.151248
0 0.209473 0.608664 0.053711 0.162996
0 0.716309 0.678414 0.053711 0.155653
0 0.619629 0.686490 0.061523 0.192364
0 0.657715 0.602790 0.024414 0.054332
0 0.919434 0.593245 0.036133 0.058737
