0 0.241000 0.773006 0.050000 0.196319
0 0.356000 0.776074 0.048000 0.184049
0 0.465000 0.814417 0.078000 0.291411
0 0.581000 0.794479 0.066000 0.245399
0 0.675000 0.785276 0.058000 0.220859
0 0.733000 0.768405 0.042000 0.168712
0 0.094000 0.751534 0.044000 0.165644
0 0.032000 0.763804 0.032000 0.128834
0 0.130000 0.751534 0.036000 0.141104
0 0.159000 0.748466 0.034000 0.128834
0 0.183000 0.746933 0.030000 0.119632
0 0.200000 0.765337 0.024000 0.101227
0 0.215000 0.750000 0.026000 0.107362
0 0.265000 0.705521 0.022000 0.085890
0 0.340000 0.740798 0.028000 0.107362
0 0.378000 0.745399 0.028000 0.104294
0 0.324000 0.582822 0.024000 0.092025
0 0.365000 0.584356 0.022000 0.088957
0 0.517000 0.760736 0.034000 0.134969
0 0.021000 0.527607 0.030000 0.116564
0 0.757000 0.739264 0.022000 0.092025
0 0.776000 0.740798 0.024000 0.088957
0 0.798000 0.746933 0.024000 0.095092
0 0.814000 0.736196 0.024000 0.092025
0 0.843000 0.751534 0.026000 0.098160
0 0.854000 0.740798 0.024000 0.095092
0 0.870000 0.737730 0.024000 0.088957
0 0.884000 0.740798 0.020000 0.082822
0 0.894000 0.746933 0.024000 0.101227
0 0.907000 0.743865 0.026000 0.095092
0 0.920000 0.740798 0.024000 0.095092
0 0.933000 0.739264 0.022000 0.085890
0 0.954000 0.746933 0.024000 0.101227
0 0.964000 0.742331 0.028000 0.104294
0 0.976000 0.733129 0.020000 0.085890
0 0.098000 0.441718 0.012000 0.049080
0 0.107000 0.486196 0.018000 0.046012
0 0.123000 0.492331 0.010000 0.033742
0 0.142000 0.496933 0.020000 0.024540
0 0.085000 0.475460 0.014000 0.024540
0 0.069000 0.464724 0.014000 0.033742
0 0.054000 0.457055 0.016000 0.024540
0 0.017000 0.463190 0.014000 0.042945
0 0.186000 0.493865 0.016000 0.036810
0 0.200000 0.496933 0.012000 0.024540
0 0.211000 0.512270 0.010000 0.018405
0 0.215000 0.498466 0.014000 0.027607
0 0.230000 0.518405 0.008000 0.024540
0 0.243000 0.536810 0.014000 0.036810
0 0.246000 0.504601 0.012000 0.021472
0 0.254000 0.523006 0.008000 0.015337
0 0.266000 0.544479 0.012000 0.027607
0 0.275000 0.527607 0.010000 0.012270
0 0.271000 0.512270 0.010000 0.018405
0 0.286000 0.515337 0.008000 0.012270
0 0.291000 0.530675 0.006000 0.012270
0 0.285000 0.542945 0.010000 0.024540
0 0.408000 0.550613 0.240000 0.101227
0 0.676000 0.585890 0.296000 0.147239
