0 0.410156 0.589355 0.080729 0.149414
0 0.498047 0.575684 0.061198 0.114258
0 0.563802 0.557617 0.052083 0.095703
0 0.742839 0.542969 0.048177 0.087891
0 0.791667 0.535645 0.039062 0.073242
0 0.837891 0.571289 0.069010 0.126953
0 0.880208 0.551270 0.052083 0.096680
0 0.973307 0.564453 0.058594 0.109375
0 1.061198 0.577148 0.072917 0.136719
0 1.251302 0.575195 0.059896 0.113281
0 0.631510 0.534180 0.031250 0.060547
0 1.080078 0.423340 0.037760 0.071289
0 1.126302 0.538574 0.033854 0.047852
0 1.011068 0.534180 0.027344 0.037109
0 0.945964 0.523926 0.027344 0.040039
0 0.710286 0.509766 0.022135 0.027344
0 0.655599 0.505859 0.022135 0.031250
0 0.587891 0.506348 0.032552 0.028320
0 0.472656 0.516602 0.026042 0.046875
0 0.332031 0.502930 0.023438 0.023438
0 0.234375 0.491211 0.020833 0.019531
