0 0.210997 0.341509 0.140665 0.256604
0 0.529412 0.339623 0.138107 0.249057
0 0.708440 0.346226 0.132992 0.239623
0 1.173913 0.329245 0.127877 0.232075
0 1.024297 0.282075 0.084399 0.152830
0 1.306905 0.308491 0.097187 0.183019
0 1.287724 0.305660 0.094629 0.177358
0 0.895141 0.291509 0.076726 0.137736
0 0.962916 0.283019 0.074169 0.139623
0 1.112532 0.278302 0.081841 0.149057
0 1.072890 0.283962 0.079284 0.141509
0 1.001279 0.280189 0.079284 0.145283
0 0.863171 0.282075 0.074169 0.133962
0 0.833760 0.287736 0.071611 0.133962
0 0.813299 0.283019 0.076726 0.139623
0 0.391304 0.302830 0.071611 0.133962
0 0.425831 0.295283 0.074169 0.133962
0 0.320972 0.298113 0.074169 0.139623
0 0.062660 0.321698 0.094629 0.171698
0 0.029412 0.325472 0.058824 0.190566
0 0.648338 0.285849 0.074169 0.137736
0 0.581841 0.287736 0.074169 0.137736
0 0.093350 0.238679 0.038363 0.054717
0 0.116368 0.222642 0.028133 0.026415
0 0.158568 0.251887 0.035806 0.035849
0 0.273657 0.239623 0.020460 0.033962
0 0.392583 0.219811 0.028133 0.016981
0 0.359335 0.231132 0.028133 0.024528
0 0.442455 0.216038 0.030691 0.024528
0 0.496164 0.219811 0.035806 0.032075
0 0.617647 0.225472 0.023018 0.028302
0 0.762148 0.232075 0.040921 0.049057
0 0.901535 0.213208 0.028133 0.030189
0 0.941176 0.219811 0.025575 0.020755
0 1.076726 0.202830 0.025575 0.020755
0 1.149616 0.224528 0.023018 0.033962
0 1.242967 0.226415 0.040921 0.041509
0 1.308184 0.213208 0.069054 0.041509
0 0.309463 0.218868 0.092072 0.033962
