0 0.487179 0.338497 0.230769 0.375712
0 0.389156 0.336360 0.204594 0.333689
0 0.317842 0.335114 0.179487 0.292735
0 0.260417 0.325142 0.156517 0.254986
0 0.198184 0.322293 0.125000 0.204416
0 0.157585 0.312678 0.120726 0.197293
0 0.126870 0.301816 0.116987 0.190527
0 0.098024 0.306268 0.106303 0.173789
0 0.079594 0.302528 0.099359 0.162749
0 0.040598 0.302350 0.081197 0.157407
0 0.858173 0.308939 0.151175 0.246795
0 0.713408 0.362892 0.295406 0.480057
0 0.602831 0.295050 0.122329 0.199786
0 0.535791 0.284188 0.107906 0.175214
0 0.811432 0.271189 0.082265 0.134259
0 0.896902 0.273504 0.087607 0.142450
0 0.942041 0.262642 0.065705 0.107906
0 0.918269 0.258013 0.053419 0.086538
0 0.968216 0.255342 0.057158 0.093305
0 0.996261 0.273326 0.096154 0.156339
0 1.111645 0.277778 0.098291 0.160969
0 1.037393 0.315883 0.165598 0.269943
0 1.255342 0.278312 0.110043 0.179131
0 1.319712 0.265135 0.084936 0.139245
0 1.147169 0.243234 0.037927 0.062678
0 1.163194 0.246439 0.044338 0.071937
0 1.186699 0.258013 0.059295 0.097222
0 1.297276 0.259081 0.064637 0.105769
0 1.225160 0.264601 0.080662 0.132479
0 1.387019 0.253739 0.072115 0.117165
0 1.345620 0.248932 0.054487 0.089744
0 1.373932 0.246795 0.045940 0.074786
0 1.442842 0.246439 0.049145 0.080484
0 1.412126 0.250534 0.057158 0.093661
0 1.461806 0.240385 0.044338 0.073362
0 1.477030 0.237358 0.038462 0.063034
0 1.486912 0.233974 0.026175 0.058405
