0 1.363388 0.400000 0.180328 0.294545
0 1.166667 0.400909 0.169399 0.281818
0 0.975410 0.407273 0.153005 0.254545
0 0.837432 0.410909 0.139344 0.225455
0 0.524590 0.423636 0.169399 0.276364
0 0.586066 0.400909 0.122951 0.201818
0 0.469945 0.400000 0.114754 0.192727
0 0.407104 0.389091 0.114754 0.189091
0 0.275956 0.384545 0.120219 0.198182
0 0.192623 0.388182 0.112022 0.183636
0 0.112022 0.381818 0.103825 0.174545
0 0.043716 0.340000 0.021858 0.029091
0 0.023224 0.329091 0.019126 0.021818
0 0.076503 0.280909 0.016393 0.023636
0 0.045082 0.284545 0.024590 0.020000
0 0.025956 0.286364 0.019126 0.023636
0 0.094262 0.280909 0.008197 0.020000
0 0.113388 0.280909 0.019126 0.023636
0 0.133880 0.282727 0.021858 0.030909
0 0.172131 0.279091 0.027322 0.030909
0 0.229508 0.273636 0.027322 0.027273
0 0.633880 0.358182 0.076503 0.112727
0 0.756831 0.356364 0.054645 0.105455
0 1.080601 0.381818 0.068306 0.069091
0 1.275956 0.376364 0.054645 0.061818
