0 0.255814 0.392929 0.087209 0.147475
0 0.297965 0.416162 0.095930 0.161616
0 0.386628 0.427273 0.116279 0.195960
0 0.476744 0.400000 0.081395 0.141414
0 0.540698 0.407071 0.087209 0.147475
0 0.662791 0.415152 0.110465 0.191919
0 0.806686 0.430303 0.125000 0.210101
0 0.949128 0.390909 0.078488 0.135354
0 0.850291 0.387879 0.061047 0.109091
0 0.994186 0.382828 0.063953 0.107071
0 1.084302 0.396970 0.081395 0.139394
0 1.106105 0.385859 0.055233 0.101010
0 1.252907 0.397980 0.075581 0.129293
0 1.293605 0.412121 0.104651 0.181818
0 1.324128 0.375758 0.049419 0.084848
0 1.353198 0.372727 0.037791 0.070707
0 1.376453 0.368687 0.037791 0.070707
0 1.406977 0.371717 0.040698 0.076768
