0 0.162500 0.761250 0.125000 0.462500
0 0.244167 0.778750 0.115000 0.427500
0 0.343333 0.768750 0.120000 0.442500
0 0.435833 0.758750 0.125000 0.462500
0 0.517500 0.758750 0.128333 0.472500
0 0.597500 0.751250 0.128333 0.472500
0 0.664167 0.758750 0.121667 0.447500
0 0.735000 0.752500 0.130000 0.485000
0 0.825833 0.763750 0.128333 0.467500
0 0.117500 0.703750 0.128333 0.472500
0 0.192500 0.532500 0.041667 0.090000
0 0.266667 0.515000 0.040000 0.110000
0 0.347500 0.513750 0.055000 0.087500
0 0.407500 0.498750 0.028333 0.077500
0 0.474167 0.527500 0.035000 0.080000
0 0.549167 0.523750 0.051667 0.102500
0 0.630000 0.523750 0.050000 0.097500
0 0.705833 0.530000 0.028333 0.095000
0 0.789167 0.502500 0.055000 0.100000
0 0.732500 0.438750 0.045000 0.087500
0 0.660000 0.441250 0.036667 0.082500
0 0.575000 0.446250 0.026667 0.067500
0 0.500000 0.436250 0.043333 0.087500
0 0.456667 0.415000 0.053333 0.095000
0 0.395833 0.416250 0.031667 0.057500
0 0.329167 0.432500 0.041667 0.075000
0 0.282500 0.406250 0.038333 0.102500
0 0.212500 0.407500 0.045000 0.080000
0 0.171667 0.421250 0.050000 0.077500
