0 0.534535 0.222000 0.030030 0.048000
0 0.513514 0.235000 0.030030 0.050000
0 0.525526 0.275000 0.036036 0.062000
0 0.489489 0.271000 0.036036 0.066000
0 0.448949 0.276000 0.039039 0.064000
0 0.409910 0.272000 0.039039 0.068000
0 0.381381 0.268000 0.042042 0.068000
0 0.348348 0.264000 0.042042 0.072000
0 0.195195 0.409000 0.072072 0.122000
0 0.049550 0.419000 0.087087 0.142000
0 0.315315 0.405000 0.084084 0.138000
0 0.342342 0.415000 0.102102 0.170000
0 0.402402 0.389000 0.060060 0.102000
0 0.421922 0.343000 0.051051 0.090000
0 0.453453 0.355000 0.054054 0.086000
0 0.469970 0.333000 0.045045 0.078000
0 0.474474 0.403000 0.066066 0.114000
0 0.521021 0.399000 0.075075 0.122000
0 0.587087 0.387000 0.063063 0.110000
0 0.624625 0.406000 0.072072 0.124000
0 0.725225 0.395000 0.063063 0.102000
0 0.687688 0.387000 0.054054 0.086000
0 0.650150 0.388000 0.057057 0.092000
0 0.108108 0.304000 0.048048 0.024000
0 0.072072 0.340000 0.030030 0.028000
0 0.040541 0.327000 0.027027 0.022000
0 0.022523 0.358000 0.027027 0.024000
0 0.123123 0.339000 0.030030 0.018000
0 0.141141 0.285000 0.024024 0.014000
0 0.165165 0.314000 0.036036 0.036000
0 0.280781 0.345000 0.021021 0.026000
0 0.210210 0.260000 0.024024 0.028000
0 0.232733 0.259000 0.021021 0.018000
0 0.234234 0.231000 0.030030 0.018000
0 0.255255 0.248000 0.018018 0.028000
0 0.270270 0.237000 0.018018 0.022000
0 0.283784 0.221000 0.027027 0.022000
0 0.309309 0.202000 0.018018 0.024000
0 0.328829 0.214000 0.015015 0.028000
0 0.346847 0.203000 0.015015 0.010000
0 0.339339 0.188000 0.018018 0.020000
0 0.355856 0.191000 0.015015 0.018000
0 0.366366 0.171000 0.018018 0.014000
0 0.390390 0.169000 0.018018 0.014000
0 0.382883 0.187000 0.021021 0.018000
0 0.436937 0.182000 0.045045 0.024000
0 0.496997 0.180000 0.021021 0.016000
0 0.518018 0.176000 0.015015 0.020000
0 0.554054 0.189000 0.021021 0.022000
0 0.475976 0.209000 0.021021 0.026000
0 0.493994 0.212000 0.021021 0.024000
0 0.405405 0.224000 0.024024 0.020000
0 0.448949 0.229000 0.033033 0.018000
0 0.445946 0.207000 0.021021 0.014000
0 0.457958 0.198000 0.009009 0.016000
0 0.477477 0.187000 0.018018 0.014000
0 0.475976 0.283000 0.021021 0.034000
