0 0.815836 0.562000 0.183274 0.334667
0 0.518683 0.573333 0.126335 0.234667
0 0.588078 0.562000 0.112100 0.209333
0 0.935943 0.524000 0.142349 0.261333
0 1.188612 0.493333 0.113879 0.208000
0 1.265125 0.480667 0.138790 0.262667
0 0.714413 0.496667 0.104982 0.196000
0 0.652135 0.496667 0.101423 0.185333
0 0.461744 0.541333 0.115658 0.210667
0 0.367438 0.587333 0.172598 0.316000
0 0.195730 0.580000 0.181495 0.336000
0 0.081851 0.524667 0.096085 0.177333
0 0.585409 0.492000 0.092527 0.168000
0 0.516904 0.434000 0.030249 0.041333
0 0.557829 0.443333 0.033808 0.036000
0 0.478648 0.421333 0.046263 0.029333
0 0.427936 0.430667 0.026690 0.024000
0 0.016014 0.455333 0.032028 0.097333
0 0.312278 0.463333 0.044484 0.065333
