0 0.584167 0.466111 0.241667 0.394444
0 0.886667 0.402778 0.073333 0.118889
0 0.989167 0.406667 0.061667 0.102222
0 1.022500 0.413889 0.058333 0.098889
0 0.955000 0.403889 0.063333 0.103333
0 0.930833 0.395000 0.058333 0.096667
0 0.781667 0.390556 0.063333 0.103333
0 0.093333 0.463333 0.186667 0.397778
0 0.216667 0.485000 0.203333 0.334444
0 0.299167 0.462778 0.168333 0.276667
0 0.355833 0.443889 0.165000 0.267778
0 0.397500 0.448333 0.138333 0.225556
0 0.016667 0.261111 0.033333 0.046667
0 0.039167 0.307778 0.055000 0.048889
0 0.142500 0.307778 0.031667 0.037778
0 0.203333 0.292222 0.050000 0.042222
0 0.258333 0.302778 0.053333 0.050000
0 0.737500 0.343333 0.218333 0.057778
