0 0.243719 0.410156 0.150754 0.229687
0 0.388191 0.415625 0.153266 0.231250
0 0.496231 0.414844 0.143216 0.217188
0 0.551508 0.417187 0.143216 0.221875
0 0.644472 0.412500 0.138191 0.212500
0 0.684673 0.412500 0.138191 0.212500
0 0.763819 0.410156 0.135678 0.210938
0 0.832915 0.411719 0.143216 0.217188
0 0.942211 0.405469 0.155779 0.239063
0 1.045226 0.411719 0.140704 0.217188
0 1.149497 0.408594 0.148241 0.223438
0 1.244975 0.416406 0.143216 0.217188
0 1.471106 0.407031 0.148241 0.226562
0 0.349246 0.349219 0.035176 0.060937
0 1.304020 0.315625 0.060302 0.065625
