0 0.393158 0.610774 0.220000 0.775417
0 0.600000 0.619879 0.189474 0.666161
0 0.687895 0.602428 0.167368 0.591806
0 0.849474 0.587253 0.134737 0.476480
0 0.892105 0.600910 0.110526 0.391502
0 0.963684 0.598634 0.072632 0.365706
0 0.947895 0.593323 0.091579 0.327769
0 0.786316 0.512898 0.090526 0.318665
0 0.296316 0.591047 0.116842 0.411229
0 0.077895 0.447648 0.105263 0.370258
0 0.214211 0.523520 0.097895 0.345979
0 0.165789 0.525797 0.091579 0.326252
0 0.139474 0.626707 0.085263 0.300455
0 0.053684 0.628983 0.056842 0.204856
0 0.032632 0.550835 0.065263 0.306525
0 0.507895 0.672231 0.083158 0.297420
