0 0.102180 0.312727 0.204360 0.338182
0 0.193460 0.310909 0.168937 0.276364
0 0.290191 0.336364 0.204360 0.338182
0 0.467302 0.301818 0.188011 0.309091
0 0.366485 0.270909 0.111717 0.185455
0 0.747956 0.321818 0.220708 0.363636
0 0.946866 0.324545 0.215259 0.350909
0 1.426431 0.286364 0.144414 0.263636
0 1.350136 0.302727 0.100817 0.169091
0 1.310627 0.300000 0.103542 0.174545
0 1.268392 0.243636 0.095368 0.160000
0 1.202997 0.247273 0.106267 0.174545
0 0.232970 0.182727 0.051771 0.067273
0 0.324251 0.189091 0.027248 0.047273
0 1.012262 0.183636 0.046322 0.065455
0 1.104905 0.198182 0.051771 0.050909
