0 0.036036 0.518000 0.048048 0.084000
0 0.100601 0.519000 0.051051 0.086000
0 0.159159 0.527000 0.048048 0.082000
0 0.214715 0.519000 0.045045 0.078000
0 0.271772 0.525000 0.051051 0.082000
0 0.330330 0.520000 0.048048 0.080000
0 0.403904 0.555000 0.069069 0.114000
0 0.376877 0.523000 0.045045 0.074000
0 0.444444 0.526000 0.060060 0.100000
0 0.503003 0.522000 0.051051 0.084000
0 0.558559 0.520000 0.066066 0.108000
0 0.614114 0.539000 0.075075 0.126000
0 0.648649 0.559000 0.066066 0.106000
0 0.711712 0.535000 0.054054 0.090000
0 0.764264 0.535000 0.057057 0.098000
0 0.879880 0.531000 0.066066 0.110000
0 0.942943 0.540000 0.060060 0.104000
0 1.024024 0.532000 0.060060 0.096000
0 1.090090 0.530000 0.054054 0.092000
0 1.145646 0.524000 0.057057 0.096000
0 1.205706 0.529000 0.057057 0.098000
0 1.283784 0.534000 0.051051 0.088000
0 1.363363 0.535000 0.060060 0.102000
0 1.454955 0.528000 0.063063 0.108000
0 0.845345 0.444000 0.027027 0.064000
0 0.879880 0.451000 0.036036 0.058000
0 0.924925 0.459000 0.012012 0.062000
0 0.558559 0.450000 0.036036 0.044000
0 0.648649 0.450000 0.048048 0.028000
0 0.288288 0.481000 0.546547 0.058000
0 1.397898 0.505000 0.201201 0.074000
