0 0.762500 0.390000 0.265000 0.433333
0 0.875000 0.341667 0.230000 0.373333
0 0.920000 0.360833 0.160000 0.388333
0 0.543750 0.490833 0.352500 0.571667
0 0.127500 0.509167 0.255000 0.515000
0 0.182500 0.376667 0.280000 0.456667
0 0.253750 0.351667 0.237500 0.390000
0 0.373750 0.212500 0.082500 0.108333
0 0.443750 0.145000 0.072500 0.083333
0 0.673750 0.156667 0.052500 0.096667
0 0.850000 0.125000 0.085000 0.053333
0 0.968750 0.113333 0.037500 0.066667
0 0.743750 0.090000 0.042500 0.040000
0 0.805000 0.078333 0.030000 0.036667
0 0.628750 0.089167 0.042500 0.021667
0 0.670000 0.090833 0.030000 0.028333
0 0.540000 0.075833 0.035000 0.025000
0 0.502500 0.090000 0.035000 0.036667
0 0.453750 0.085833 0.017500 0.025000
0 0.353750 0.068333 0.027500 0.026667
0 0.381250 0.108333 0.042500 0.036667
0 0.308750 0.114167 0.037500 0.055000
0 0.201250 0.097500 0.047500 0.055000
0 0.148750 0.099167 0.047500 0.058333
0 0.066250 0.089167 0.037500 0.045000
0 0.112500 0.061667 0.035000 0.023333
0 0.470000 0.065833 0.035000 0.018333
0 0.503750 0.061667 0.027500 0.016667
0 0.532500 0.053333 0.025000 0.013333
0 0.610000 0.061667 0.025000 0.020000
0 0.716250 0.060000 0.027500 0.020000
0 0.185000 0.035000 0.020000 0.026667
0 0.226250 0.052500 0.027500 0.028333
0 0.142500 0.039167 0.030000 0.021667
0 0.381250 0.050833 0.032500 0.021667
0 0.407500 0.043333 0.020000 0.016667
0 0.307500 0.046667 0.035000 0.020000
0 0.478750 0.044167 0.957500 0.075000
