0 0.104137 0.729412 0.074180 0.305882
0 0.166904 0.710588 0.054208 0.225882
0 0.422254 0.740000 0.071327 0.294118
0 0.453638 0.710588 0.059914 0.249412
0 0.490728 0.704706 0.051355 0.214118
0 0.523538 0.684706 0.039943 0.164706
0 0.293866 0.467059 0.025678 0.105882
0 0.590585 0.680000 0.031384 0.127059
0 0.646933 0.684706 0.029957 0.127059
0 0.674750 0.655294 0.011412 0.049412
0 0.669757 0.656471 0.012839 0.056471
0 0.661912 0.654118 0.014265 0.056471
0 0.683310 0.651765 0.011412 0.047059
0 0.690442 0.656471 0.014265 0.056471
0 0.696862 0.657647 0.012839 0.049412
0 0.703994 0.654118 0.009986 0.042353
0 0.719686 0.651765 0.009986 0.047059
0 0.731098 0.655294 0.009986 0.044706
0 0.744650 0.652941 0.011412 0.044706
0 0.758916 0.650588 0.011412 0.044706
0 0.772468 0.652941 0.012839 0.049412
0 0.787447 0.651765 0.008559 0.042353
0 0.796719 0.652941 0.009986 0.040000
0 0.803138 0.655294 0.011412 0.044706
0 0.813124 0.652941 0.008559 0.035294
0 0.827389 0.649412 0.008559 0.042353
0 0.840228 0.652941 0.011412 0.049412
0 0.855207 0.651765 0.009986 0.047059
0 0.866619 0.655294 0.012839 0.049412
0 0.967190 0.654118 0.014265 0.061176
0 0.911555 0.650588 0.011412 0.049412
0 0.926534 0.656471 0.009986 0.042353
0 0.920114 0.654118 0.008559 0.042353
0 0.934379 0.656471 0.008559 0.037647
0 0.939372 0.658824 0.009986 0.047059
0 0.948645 0.654118 0.011412 0.047059
0 0.957204 0.648235 0.008559 0.035294
0 0.977889 0.651765 0.007133 0.037647
0 0.985735 0.651765 0.008559 0.042353
0 0.991441 0.651765 0.011412 0.051765
0 0.012126 0.542353 0.024251 0.054118
0 0.034237 0.540000 0.017118 0.058824
0 0.070613 0.550588 0.038516 0.061176
0 0.101284 0.552941 0.019971 0.047059
0 0.149073 0.538824 0.038516 0.070588
