0 0.091644 0.473000 0.183288 0.342000
0 0.180593 0.464000 0.123989 0.232000
0 0.481132 0.423000 0.148248 0.270000
0 0.623989 0.499000 0.234501 0.426000
0 0.874663 0.506000 0.126685 0.228000
0 1.002695 0.465000 0.247978 0.450000
0 1.082210 0.447000 0.218329 0.398000
0 0.811321 0.458000 0.177898 0.320000
0 0.710243 0.406000 0.099730 0.184000
0 0.389488 0.399000 0.056604 0.110000
0 0.323450 0.394000 0.053908 0.096000
0 0.254717 0.394000 0.061995 0.112000
0 0.834232 0.326000 0.035040 0.064000
0 0.761456 0.336000 0.056604 0.036000
0 0.543127 0.332000 0.029650 0.028000
0 0.537736 0.363000 0.035040 0.026000
0 0.332884 0.348000 0.024259 0.028000
0 0.355795 0.341000 0.026954 0.022000
