0 0.127413 0.355208 0.069498 0.089583
0 0.189189 0.353125 0.077220 0.102083
0 0.250965 0.350000 0.084942 0.112500
0 0.297297 0.352083 0.092664 0.120833
0 0.357143 0.352083 0.065637 0.087500
0 0.428571 0.354167 0.100386 0.137500
0 0.571429 0.348958 0.123552 0.164583
0 0.754826 0.354167 0.135135 0.183333
0 0.986486 0.352083 0.166023 0.225000
0 1.084942 0.344792 0.123552 0.164583
0 0.895753 0.344792 0.108108 0.143750
0 1.353282 0.335417 0.150579 0.200000
0 1.274131 0.334375 0.084942 0.118750
0 1.467181 0.328125 0.084942 0.110417
0 1.515444 0.332292 0.096525 0.131250
0 1.594595 0.331250 0.131274 0.170833
0 1.760618 0.318750 0.115830 0.154167
0 1.660232 0.323958 0.092664 0.122917
0 0.494208 0.347917 0.077220 0.100000
0 1.189189 0.342708 0.038610 0.052083
0 1.832046 0.279167 0.027027 0.054167
0 1.247104 0.343750 0.030888 0.050000
0 0.030888 0.346875 0.054054 0.047917
0 0.079151 0.345833 0.034749 0.041667
