0 0.055184 0.393333 0.103679 0.173333
0 0.123746 0.386667 0.100334 0.168889
0 0.190635 0.405556 0.113712 0.188889
0 0.250836 0.410000 0.107023 0.180000
0 0.344482 0.408889 0.113712 0.182222
0 0.421405 0.406667 0.120401 0.200000
0 0.476589 0.395556 0.110368 0.177778
0 0.548495 0.398889 0.120401 0.193333
0 0.625418 0.397778 0.107023 0.173333
0 0.710702 0.398889 0.103679 0.175556
0 0.795987 0.406667 0.113712 0.186667
0 0.904682 0.402222 0.123746 0.200000
0 0.996656 0.410000 0.120401 0.197778
0 1.095318 0.401111 0.123746 0.202222
0 1.202341 0.413333 0.123746 0.200000
0 1.342809 0.406667 0.123746 0.208889
0 0.633779 0.466667 0.070234 0.084444
0 0.732441 0.528889 0.107023 0.124444
0 0.897993 0.491111 0.143813 0.137778
0 0.419732 0.493333 0.143813 0.080000
0 0.285953 0.491111 0.083612 0.066667
0 0.180602 0.533333 0.140468 0.084444
0 0.376254 0.612222 0.190635 0.073333
0 0.137124 0.481111 0.093645 0.064444
