0 0.593333 0.581395 0.233333 0.790698
0 0.685000 0.506977 0.236667 0.809302
0 0.863333 0.316279 0.093333 0.325581
0 0.270000 0.295349 0.080000 0.274419
0 0.225000 0.288372 0.076667 0.269767
0 0.141667 0.258140 0.056667 0.200000
0 0.061667 0.265116 0.056667 0.195349
0 0.036667 0.267442 0.060000 0.218605
0 0.380000 0.269767 0.066667 0.232558
0 0.320000 0.251163 0.053333 0.195349
0 0.423333 0.230233 0.046667 0.172093
0 0.816667 0.255814 0.066667 0.223256
0 0.453333 0.218605 0.040000 0.148837
0 0.513333 0.188372 0.080000 0.116279
0 0.161667 0.197674 0.050000 0.134884
