0 0.226667 0.520000 0.186667 0.340000
0 0.326667 0.522000 0.173333 0.324000
0 0.458667 0.507000 0.165333 0.306000
0 0.573333 0.501000 0.170667 0.318000
0 0.673333 0.514000 0.173333 0.316000
0 0.794667 0.506000 0.176000 0.328000
0 0.893333 0.514000 0.170667 0.316000
0 1.013333 0.503000 0.165333 0.302000
0 1.108000 0.515000 0.178667 0.334000
0 1.197333 0.514000 0.176000 0.324000
0 1.077333 0.316000 0.032000 0.064000
0 1.032000 0.323000 0.032000 0.066000
0 1.312000 0.424000 0.042667 0.104000
0 0.501333 0.599000 0.138667 0.222000
0 0.646667 0.605000 0.125333 0.226000
0 0.754667 0.587000 0.106667 0.222000
0 0.852000 0.589000 0.114667 0.222000
0 0.976000 0.586000 0.144000 0.248000
0 1.249333 0.380000 0.045333 0.052000
0 1.288000 0.376000 0.037333 0.052000
0 0.148000 0.381000 0.130667 0.054000
0 0.276000 0.382000 0.050667 0.044000
0 0.821333 0.331000 0.128000 0.042000
