0 0.206963 0.494928 0.170213 0.314493
0 0.320116 0.481159 0.094778 0.176812
0 0.414894 0.473913 0.098646 0.179710
0 0.496132 0.472464 0.098646 0.185507
0 0.791103 0.484783 0.069632 0.131884
0 1.144101 0.507971 0.087041 0.160870
0 0.463250 0.386957 0.056093 0.104348
0 0.379110 0.388406 0.058027 0.110145
0 0.331721 0.400725 0.056093 0.102899
0 0.034816 0.468841 0.069632 0.210145
0 1.291103 0.399275 0.056093 0.105797
0 1.238878 0.410145 0.048356 0.086957
0 1.070600 0.357971 0.036750 0.072464
0 0.715667 0.368841 0.034816 0.062319
0 0.586074 0.355797 0.046422 0.085507
0 0.763056 0.406522 0.052224 0.100000
0 0.798839 0.384783 0.054159 0.100000
0 0.333656 0.344928 0.029014 0.055072
0 0.277563 0.352899 0.032882 0.065217
0 0.239845 0.345652 0.034816 0.065217
0 1.177950 0.401449 0.058027 0.110145
0 0.599613 0.574638 0.131528 0.244928
0 0.564797 0.368116 0.027079 0.055072
0 0.516441 0.387681 0.038685 0.073913
0 0.404255 0.391304 0.034816 0.066667
0 0.672147 0.572464 0.137331 0.257971
0 0.535783 0.355072 0.019342 0.031884
0 1.238878 0.360870 0.029014 0.026087
0 1.038685 0.350725 0.023211 0.017391
0 0.784333 0.393478 0.036750 0.036232
0 0.431335 0.374638 0.019342 0.033333
0 0.769826 0.342029 0.027079 0.023188
0 1.210832 0.354348 0.019342 0.015942
0 0.658607 0.369565 0.102515 0.046377
