0 1.288043 0.339855 0.223913 0.363768
0 1.229348 0.341304 0.189130 0.311594
0 1.056522 0.327536 0.182609 0.298551
0 0.919565 0.318841 0.173913 0.284058
0 0.576087 0.355072 0.195652 0.321739
0 0.701087 0.302174 0.176087 0.291304
0 0.523913 0.300725 0.169565 0.276812
0 0.411957 0.323188 0.184783 0.301449
0 0.156522 0.310145 0.191304 0.310145
0 0.106522 0.350000 0.213043 0.618841
0 0.152174 0.100000 0.052174 0.084058
0 0.126087 0.096377 0.047826 0.076812
0 0.234783 0.100725 0.056522 0.091304
0 0.340217 0.101449 0.050000 0.081159
0 0.379348 0.100725 0.045652 0.079710
0 0.416304 0.102174 0.045652 0.076812
0 0.441304 0.105797 0.047826 0.081159
0 0.476087 0.100725 0.047826 0.079710
0 0.514130 0.102174 0.045652 0.079710
0 0.577174 0.100725 0.045652 0.076812
0 0.610870 0.104348 0.030435 0.055072
0 0.667391 0.097826 0.043478 0.073913
0 0.838043 0.240580 0.071739 0.118841
0 0.870652 0.234783 0.063043 0.107246
0 1.147826 0.229710 0.056522 0.091304
0 1.191304 0.226087 0.052174 0.086957
0 1.369565 0.234783 0.069565 0.113043
0 1.479348 0.229710 0.041304 0.073913
0 1.336957 0.239855 0.065217 0.108696
0 0.784783 0.190580 0.034783 0.056522
0 0.331522 0.250725 0.076087 0.124638
0 0.281522 0.236957 0.045652 0.071014
0 1.095652 0.202899 0.043478 0.037681
0 1.009783 0.200725 0.036957 0.039130
0 0.666304 0.182609 0.050000 0.031884
