0 0.205000 0.520677 0.120000 0.439850
0 0.072500 0.280075 0.110000 0.417293
0 0.107500 0.187970 0.090000 0.330827
0 0.200000 0.148496 0.075000 0.289474
0 0.396250 0.152256 0.077500 0.281955
0 0.396250 0.402256 0.112500 0.421053
0 0.442500 0.815789 0.095000 0.345865
0 0.598750 0.629699 0.137500 0.515038
0 0.737500 0.432331 0.115000 0.421053
0 0.840000 0.336466 0.100000 0.379699
0 0.915000 0.197368 0.100000 0.364662
0 0.776250 0.133459 0.072500 0.266917
0 0.680000 0.146617 0.080000 0.293233
0 0.498750 0.137218 0.072500 0.274436
0 0.972500 0.137218 0.055000 0.244361
0 0.532500 0.246241 0.100000 0.372180
0 0.126250 0.129699 0.057500 0.259398
0 0.623750 0.109023 0.052500 0.218045
0 0.847500 0.103383 0.075000 0.206767
