0 0.384988 0.538182 0.067797 0.123636
0 0.440678 0.534545 0.062954 0.120000
0 0.526634 0.541818 0.065375 0.120000
0 0.585956 0.539091 0.067797 0.125455
0 0.642857 0.541818 0.070218 0.127273
0 0.691283 0.539091 0.065375 0.125455
0 0.750605 0.541818 0.067797 0.127273
0 0.780872 0.543636 0.060533 0.116364
0 0.803874 0.545455 0.062954 0.120000
0 0.830508 0.542727 0.062954 0.118182
0 0.903148 0.541818 0.067797 0.127273
0 0.961259 0.551818 0.067797 0.125455
0 1.280872 0.660000 0.087167 0.163636
0 1.306295 0.679091 0.050847 0.121818
0 0.607748 0.498182 0.033898 0.043636
0 0.598063 0.679091 1.181598 0.118182
