0 0.020000 0.590164 0.040000 0.196721
0 0.043636 0.590164 0.050909 0.196721
0 0.098182 0.592896 0.047273 0.180328
0 0.058182 0.581967 0.054545 0.207650
0 0.110909 0.580601 0.054545 0.204918
0 0.140000 0.579235 0.054545 0.202186
0 0.150909 0.598361 0.047273 0.180328
0 0.173636 0.587432 0.060000 0.224044
0 0.198182 0.594262 0.058182 0.221311
0 0.212727 0.616120 0.047273 0.183060
0 0.230000 0.614754 0.052727 0.196721
0 0.246364 0.618852 0.052727 0.193989
0 0.263636 0.621585 0.050909 0.193989
0 0.295455 0.609290 0.067273 0.251366
0 0.323636 0.599727 0.058182 0.215847
0 0.360000 0.614754 0.061818 0.224044
0 0.899091 0.624317 0.089091 0.325137
0 0.967273 0.636612 0.061818 0.234973
0 0.832727 0.571038 0.065455 0.240437
0 0.734545 0.636612 0.076364 0.278689
0 0.619091 0.632514 0.060000 0.221311
0 0.700909 0.599727 0.063636 0.243169
0 0.539091 0.616120 0.060000 0.226776
0 0.510000 0.609290 0.052727 0.202186
0 0.800000 0.513661 0.032727 0.125683
0 0.814545 0.535519 0.032727 0.120219
0 0.560909 0.539617 0.027273 0.106557
0 0.399091 0.624317 0.056364 0.215847
0 0.478182 0.478142 0.210909 0.306011
0 0.485455 0.684426 0.054545 0.112022
0 0.556364 0.698087 0.043636 0.122951
0 0.680909 0.672131 0.067273 0.153005
0 0.448182 0.658470 0.067273 0.136612
0 0.862727 0.556011 0.023636 0.095628
