0 0.042500 0.505747 0.085000 0.362069
0 0.145000 0.497126 0.170000 0.482759
0 0.212500 0.538793 0.160000 0.451149
0 0.287500 0.517241 0.150000 0.419540
0 0.450000 0.522989 0.170000 0.482759
0 0.578750 0.520115 0.187500 0.528736
0 0.718750 0.538793 0.152500 0.428161
0 0.907500 0.545977 0.185000 0.517241
0 0.777500 0.409483 0.065000 0.186782
0 0.928750 0.504310 0.142500 0.468391
0 0.396250 0.492816 0.117500 0.336207
0 0.656250 0.485632 0.147500 0.419540
0 0.482500 0.341954 0.060000 0.086207
0 0.313750 0.337644 0.032500 0.048851
0 0.980000 0.317529 0.025000 0.071839
0 0.868750 0.352011 0.062500 0.037356
0 0.698750 0.333333 0.057500 0.068966
