0 0.788406 0.680851 0.188406 0.618956
0 0.830435 0.649903 0.185507 0.607350
0 0.863768 0.627660 0.165217 0.539652
0 0.217391 0.683752 0.182609 0.601547
0 0.375362 0.663443 0.205797 0.669246
0 0.436232 0.668279 0.179710 0.586074
0 0.501449 0.618956 0.144928 0.471954
0 0.557246 0.583172 0.126087 0.415861
0 0.595652 0.558994 0.104348 0.340426
0 0.639855 0.559961 0.094203 0.307544
0 0.698551 0.573501 0.092754 0.307544
0 0.074638 0.627660 0.149275 0.524178
0 0.126087 0.626692 0.147826 0.487427
0 0.298551 0.633462 0.060870 0.222437
0 0.292029 0.476789 0.027536 0.067698
0 0.624638 0.419729 0.031884 0.058027
0 0.671014 0.441006 0.037681 0.054159
