0 0.192000 0.481000 0.261333 0.478000
0 0.073333 0.359000 0.061333 0.118000
0 0.288000 0.469000 0.229333 0.418000
0 0.314667 0.439000 0.250667 0.462000
0 0.404000 0.485000 0.232000 0.430000
0 0.537333 0.473000 0.226667 0.414000
0 0.582667 0.447000 0.216000 0.394000
0 0.672000 0.474000 0.218667 0.400000
0 0.733333 0.444000 0.213333 0.392000
0 0.810667 0.470000 0.218667 0.404000
0 0.864000 0.437000 0.229333 0.422000
0 0.958667 0.475000 0.216000 0.398000
0 1.048000 0.444000 0.224000 0.416000
0 1.140000 0.373000 0.066667 0.126000
0 0.109333 0.315000 0.048000 0.050000
0 0.452000 0.291000 0.061333 0.066000
