0 0.715174 0.492500 0.206468 0.338333
0 0.962687 0.481667 0.213930 0.350000
0 0.573383 0.486667 0.201493 0.330000
0 0.444030 0.484167 0.181592 0.298333
0 0.300995 0.460833 0.174129 0.285000
0 0.218905 0.452500 0.154229 0.258333
0 0.151741 0.447500 0.139303 0.231667
0 0.098259 0.430833 0.146766 0.238333
0 1.138060 0.490833 0.211443 0.345000
0 1.299751 0.490000 0.211443 0.346667
0 0.814677 0.440000 0.126866 0.210000
0 1.431592 0.477500 0.121891 0.291667
0 0.633085 0.419167 0.116915 0.195000
0 0.886816 0.434167 0.146766 0.245000
0 1.039801 0.403333 0.084577 0.143333
0 1.411692 0.384167 0.067164 0.108333
0 1.355721 0.412500 0.104478 0.175000
0 1.211443 0.425000 0.119403 0.200000
0 1.080846 0.390000 0.057214 0.096667
0 0.407960 0.352500 0.069652 0.055000
0 0.514925 0.359167 0.074627 0.071667
0 0.758706 0.366667 0.054726 0.086667
0 0.798507 0.336667 0.049751 0.036667
0 0.861940 0.343333 0.037313 0.046667
0 0.839552 0.339167 0.037313 0.035000
0 1.053483 0.354167 0.042289 0.038333
0 1.167910 0.340833 0.042289 0.038333
0 1.228856 0.335833 0.054726 0.038333
0 1.435323 0.336667 0.029851 0.033333
