0 0.450402 0.491000 0.176944 0.322000
0 0.391421 0.511000 0.128686 0.234000
0 0.247989 0.516000 0.152815 0.284000
0 0.739946 0.513000 0.155496 0.286000
0 0.860590 0.528000 0.176944 0.328000
0 0.995979 0.530000 0.211796 0.384000
0 1.159517 0.540000 0.206434 0.380000
0 0.557641 0.484000 0.144772 0.264000
0 0.126005 0.479000 0.123324 0.230000
0 0.089812 0.456000 0.099196 0.184000
0 0.294906 0.484000 0.123324 0.228000
0 0.365952 0.478000 0.142091 0.260000
0 0.020107 0.430000 0.040214 0.116000
0 0.945040 0.388000 0.067024 0.080000
