0 0.130000 0.529167 0.157778 0.291667
0 0.218889 0.530000 0.157778 0.293333
0 0.314444 0.517500 0.175556 0.325000
0 0.410000 0.524167 0.162222 0.298333
0 0.505556 0.530000 0.171111 0.316667
0 0.615556 0.529167 0.160000 0.295000
0 0.710000 0.525833 0.162222 0.298333
0 0.791111 0.528333 0.164444 0.303333
0 0.867778 0.527500 0.157778 0.291667
0 0.950000 0.520833 0.157778 0.288333
0 1.017778 0.525833 0.155556 0.288333
0 1.103333 0.517500 0.162222 0.301667
0 1.056667 0.469167 0.153333 0.285000
0 0.996667 0.481667 0.153333 0.280000
0 0.902222 0.490833 0.151111 0.281667
0 0.825556 0.495000 0.153333 0.286667
0 0.732222 0.488333 0.157778 0.290000
0 0.637778 0.491667 0.160000 0.296667
0 0.433333 0.494167 0.160000 0.291667
0 0.548889 0.474167 0.146667 0.268333
0 0.341111 0.489167 0.162222 0.298333
0 0.221111 0.487500 0.157778 0.295000
0 0.125556 0.485833 0.162222 0.301667
0 0.356667 0.435000 0.157778 0.290000
0 0.481111 0.461667 0.144444 0.266667
0 0.524444 0.422500 0.146667 0.271667
0 0.591111 0.469167 0.146667 0.268333
0 0.675556 0.455833 0.151111 0.278333
0 0.762222 0.460000 0.146667 0.273333
0 0.836667 0.456667 0.148889 0.276667
0 0.910000 0.455000 0.153333 0.286667
0 0.437778 0.028333 0.040000 0.056667
0 0.573333 0.035000 0.057778 0.060000
0 0.073333 0.144167 0.053333 0.088333
