0 0.354452 0.269000 0.065068 0.094000
0 0.410959 0.308000 0.061644 0.092000
0 0.577055 0.238000 0.051370 0.076000
0 0.390411 0.273000 0.054795 0.082000
0 0.448630 0.267000 0.061644 0.086000
0 0.840753 0.344000 0.085616 0.120000
0 0.892123 0.356000 0.092466 0.136000
0 0.958904 0.365000 0.089041 0.134000
0 1.017123 0.365000 0.095890 0.138000
0 1.198630 0.353000 0.089041 0.134000
0 1.270548 0.308000 0.082192 0.124000
0 1.106164 0.289000 0.075342 0.114000
0 1.157534 0.268000 0.075342 0.112000
0 1.200342 0.255000 0.071918 0.102000
0 1.330479 0.270000 0.071918 0.104000
0 1.268836 0.264000 0.085616 0.124000
0 1.369863 0.243000 0.075342 0.114000
0 1.321918 0.240000 0.089041 0.128000
0 1.416096 0.231000 0.058219 0.086000
0 0.376712 0.430000 0.739726 0.284000
0 1.207192 0.524000 0.914384 0.096000
0 1.434932 0.437000 0.438356 0.086000
0 0.823630 0.190000 0.578767 0.080000
0 1.186644 0.190000 0.174658 0.052000
