0 0.595192 0.692308 0.128846 0.420513
0 0.706731 0.579487 0.063462 0.215385
0 0.679808 0.551282 0.055769 0.184615
0 0.646154 0.543590 0.061538 0.205128
0 0.556731 0.560256 0.059615 0.202564
0 0.500962 0.630769 0.098077 0.323077
0 0.344231 0.658974 0.111538 0.364103
0 0.240385 0.694872 0.180769 0.594872
0 0.831731 0.634615 0.109615 0.356410
0 0.528846 0.544872 0.050000 0.171795
0 0.332692 0.474359 0.026923 0.092308
0 0.450962 0.491026 0.036538 0.084615
0 0.426923 0.507692 0.019231 0.076923
0 0.408654 0.466667 0.025000 0.041026
