0 0.079851 0.577689 0.052239 0.175299
0 0.034328 0.560757 0.044776 0.153386
0 0.144030 0.584661 0.067164 0.217131
0 0.204478 0.575697 0.065672 0.215139
0 0.333582 0.612550 0.094030 0.308765
0 0.315672 0.584661 0.082090 0.268924
0 0.470149 0.631474 0.128358 0.422311
0 0.564179 0.613546 0.104478 0.338645
0 0.679104 0.659363 0.155224 0.505976
0 0.733582 0.614542 0.141791 0.460159
0 0.795522 0.628486 0.119403 0.392430
0 0.826119 0.607570 0.111940 0.366534
0 0.855970 0.587649 0.102985 0.342629
0 0.892537 0.574701 0.101493 0.332669
0 0.948507 0.558765 0.088060 0.284861
0 0.966418 0.552789 0.067164 0.272908
0 0.503731 0.592629 0.079104 0.264940
0 0.431343 0.596614 0.089552 0.296813
0 0.113433 0.557769 0.044776 0.147410
0 0.047761 0.556773 0.041791 0.141434
0 0.245522 0.554781 0.049254 0.161355
0 0.222388 0.548805 0.041791 0.141434
