0 0.125908 0.487273 0.067797 0.130909
0 0.777240 0.368182 0.043584 0.085455
0 0.809927 0.434545 0.060533 0.112727
0 0.877724 0.417273 0.050847 0.092727
0 0.910412 0.410909 0.043584 0.083636
0 1.064165 0.379091 0.060533 0.110909
0 1.148910 0.354545 0.046005 0.083636
0 1.240920 0.352727 0.046005 0.087273
0 1.265133 0.350909 0.050847 0.094545
0 0.720339 0.369091 0.046005 0.087273
0 0.687651 0.362727 0.043584 0.078182
0 0.653753 0.364545 0.043584 0.085455
0 0.625908 0.354545 0.046005 0.087273
0 0.527845 0.361818 0.043584 0.080000
0 0.301453 0.353636 0.041162 0.078182
0 0.266344 0.343636 0.038741 0.076364
0 0.240920 0.372727 0.036320 0.065455
0 0.031477 0.379091 0.043584 0.081818
0 0.094431 0.385455 0.043584 0.080000
0 0.118644 0.390000 0.043584 0.078182
0 0.423729 0.348182 0.033898 0.063636
0 0.407990 0.348182 0.036320 0.067273
0 0.383777 0.366364 0.036320 0.070909
0 0.359564 0.366364 0.041162 0.078182
0 0.854722 0.358182 0.053269 0.101818
0 0.978208 0.341818 0.038741 0.072727
0 1.257869 0.506364 0.084746 0.154545
0 0.099274 0.641818 0.150121 0.185455
0 0.044794 0.525455 0.050847 0.047273
0 0.083535 0.488182 0.050847 0.056364
0 0.302663 0.628182 0.111380 0.169091
0 0.519370 0.633636 0.070218 0.085455
0 0.611380 0.618182 0.138015 0.185455
0 0.703390 0.552727 0.118644 0.112727
0 0.858354 0.624545 0.108959 0.147273
0 1.026634 0.595455 0.092010 0.172727
0 1.216707 0.600909 0.094431 0.132727
0 0.958838 0.482727 0.033898 0.067273
0 0.299031 0.455455 0.046005 0.078182
0 0.748184 0.466364 0.043584 0.081818
0 0.323245 0.216364 0.506053 0.189091
0 0.949153 0.204545 0.716707 0.190909
