0 0.297513 0.472667 0.108348 0.198667
0 0.372114 0.480000 0.090586 0.165333
0 0.474245 0.467333 0.088810 0.166667
0 0.242451 0.454000 0.083481 0.153333
0 0.117229 0.486000 0.127886 0.236000
0 0.686501 0.480000 0.115453 0.210667
0 0.843694 0.473333 0.092362 0.170667
0 0.928952 0.463333 0.092362 0.169333
0 1.126110 0.480667 0.103020 0.188000
0 1.167851 0.463333 0.072824 0.134667
0 0.886323 0.471333 0.071048 0.134667
0 0.645648 0.460667 0.062167 0.118667
0 0.173179 0.453333 0.083481 0.157333
0 0.215808 0.460667 0.076377 0.140000
0 0.556838 0.451333 0.044405 0.084000
0 0.586146 0.448000 0.042629 0.082667
0 0.535524 0.448000 0.051510 0.093333
0 0.510657 0.452667 0.047957 0.092000
0 0.776199 0.462000 0.056838 0.105333
0 0.797513 0.464000 0.053286 0.098667
0 1.304618 0.478667 0.033748 0.040000
0 1.264654 0.479333 0.035524 0.054667
0 1.226465 0.472000 0.023091 0.037333
0 1.199822 0.477333 0.023091 0.042667
0 1.095915 0.478000 0.031972 0.049333
0 1.071048 0.475333 0.042629 0.044000
0 1.029307 0.472667 0.033748 0.044000
0 0.995560 0.472667 0.023091 0.041333
0 1.058615 0.429333 0.014210 0.037333
0 1.072824 0.420000 0.014210 0.026667
0 1.096803 0.426667 0.030195 0.032000
0 1.205151 0.428667 0.019538 0.028000
0 1.189165 0.417333 0.012433 0.026667
0 1.286856 0.421333 0.015986 0.024000
0 1.318828 0.431333 0.019538 0.033333
0 1.222913 0.428000 0.012433 0.026667
0 1.238899 0.427333 0.019538 0.025333
0 0.015986 0.374667 0.021314 0.045333
0 0.039964 0.382000 0.026643 0.044000
0 0.051510 0.473333 0.095915 0.138667
0 0.552398 0.474667 0.156306 0.058667
0 0.669627 0.646667 1.321492 0.189333
