0 0.106250 0.389167 0.062500 0.101667
0 0.037500 0.380833 0.055000 0.095000
0 0.250000 0.395000 0.080000 0.130000
0 0.343750 0.375000 0.057500 0.093333
0 0.182500 0.367500 0.045000 0.075000
0 0.436250 0.416667 0.092500 0.156667
0 0.466250 0.384167 0.062500 0.105000
0 0.522500 0.368333 0.040000 0.070000
0 0.555000 0.363333 0.035000 0.063333
0 0.678750 0.425833 0.117500 0.195000
0 0.707500 0.400833 0.075000 0.128333
0 0.918750 0.409167 0.092500 0.151667
0 0.785000 0.366667 0.045000 0.076667
0 0.822500 0.352500 0.025000 0.041667
0 0.883750 0.382500 0.052500 0.088333
0 0.870000 0.361667 0.035000 0.060000
0 0.966250 0.362500 0.032500 0.058333
0 0.997500 0.370833 0.050000 0.085000
0 1.067500 0.390833 0.065000 0.108333
0 1.038750 0.367500 0.042500 0.068333
0 1.126250 0.380000 0.052500 0.086667
0 1.182500 0.370833 0.045000 0.075000
0 1.205000 0.365000 0.040000 0.066667
0 1.237500 0.358333 0.035000 0.060000
0 1.260000 0.363333 0.035000 0.063333
0 1.281250 0.355000 0.027500 0.050000
0 1.300000 0.354167 0.030000 0.051667
0 1.418750 0.365000 0.047500 0.076667
0 0.612500 0.355000 0.025000 0.046667
0 0.742500 0.365000 0.040000 0.066667
0 0.246250 0.243333 0.492500 0.096667
0 0.633750 0.269167 0.277500 0.101667
