0 0.348123 0.422000 0.218430 0.316000
0 0.075085 0.383000 0.150171 0.230000
0 0.168942 0.328000 0.105802 0.156000
0 0.119454 0.360000 0.129693 0.188000
0 0.416382 0.392000 0.191126 0.276000
0 0.581911 0.360000 0.146758 0.208000
0 0.687713 0.338000 0.126280 0.188000
0 0.791809 0.400000 0.197952 0.288000
0 0.902730 0.357000 0.153584 0.222000
0 1.034130 0.352000 0.129693 0.188000
0 0.989761 0.336000 0.109215 0.156000
0 1.097270 0.384000 0.174061 0.248000
0 1.264505 0.333000 0.126280 0.182000
0 1.334471 0.364000 0.143345 0.212000
0 1.390785 0.294000 0.078498 0.116000
0 1.546075 0.353000 0.143345 0.210000
0 1.658703 0.329000 0.095563 0.170000
0 0.262799 0.347000 0.122867 0.178000
0 0.851536 0.264000 0.037543 0.036000
0 0.755973 0.278000 0.044369 0.048000
