0 0.125833 0.393333 0.131667 0.215556
0 0.244167 0.393333 0.138333 0.228889
0 0.197500 0.385000 0.128333 0.207778
0 0.064167 0.377778 0.115000 0.191111
0 0.333333 0.378333 0.123333 0.203333
0 0.409167 0.407778 0.128333 0.211111
0 0.570000 0.383889 0.143333 0.236667
0 0.710000 0.393333 0.146667 0.240000
0 0.762500 0.376667 0.138333 0.228889
0 0.840833 0.385556 0.141667 0.231111
0 0.995000 0.390556 0.136667 0.223333
0 1.133333 0.394444 0.156667 0.255556
0 1.292500 0.392222 0.155000 0.255556
0 1.234167 0.382778 0.151667 0.247778
0 1.339167 0.373889 0.158333 0.261111
0 1.388333 0.383333 0.146667 0.240000
0 1.445000 0.383889 0.110000 0.281111
0 0.618333 0.379444 0.136667 0.225556
0 0.450833 0.383333 0.131667 0.215556
0 1.072500 0.374444 0.131667 0.217778
0 0.669167 0.281667 0.055000 0.056667
0 0.875833 0.269444 0.038333 0.056667
