0 0.297414 0.375315 0.163793 0.241814
0 0.519397 0.385390 0.150862 0.216625
0 0.398707 0.345088 0.116379 0.171285
0 0.629310 0.324937 0.077586 0.110831
0 0.769397 0.332494 0.073276 0.110831
0 0.862069 0.353904 0.103448 0.148615
0 0.961207 0.345088 0.103448 0.156171
0 1.023707 0.336272 0.081897 0.118388
0 1.008621 0.329975 0.077586 0.110831
0 0.911638 0.328715 0.073276 0.108312
0 1.116379 0.342569 0.103448 0.146096
0 1.178879 0.343829 0.090517 0.138539
0 1.219828 0.336272 0.086207 0.128463
0 1.293103 0.358942 0.112069 0.158690
0 1.596983 0.425693 0.202586 0.292191
0 1.441810 0.429471 0.133621 0.249370
0 1.495690 0.316121 0.094828 0.098237
