0 0.674279 0.319969 0.151442 0.242138
0 0.542067 0.342767 0.122596 0.196541
0 0.503606 0.341981 0.105769 0.171384
0 0.724760 0.347877 0.074519 0.121855
0 0.784856 0.352594 0.074519 0.118711
0 0.825120 0.354953 0.073317 0.118711
0 0.887019 0.363208 0.072115 0.114780
0 0.927885 0.363601 0.069712 0.112421
0 1.021034 0.368711 0.073317 0.116352
0 1.122596 0.374607 0.091346 0.145440
0 1.340745 0.387579 0.092548 0.147799
0 1.422476 0.408412 0.131010 0.209906
0 1.481370 0.391509 0.094952 0.158805
0 0.281250 0.324292 0.064904 0.102987
0 0.243990 0.321934 0.055288 0.088836
0 0.320913 0.325865 0.067308 0.107704
0 0.364784 0.327044 0.066106 0.108491
0 0.405649 0.323899 0.070913 0.113208
0 0.431490 0.329796 0.062500 0.101415
0 0.181490 0.306604 0.045673 0.073899
0 0.070913 0.305425 0.060096 0.098270
0 0.038462 0.312500 0.052885 0.087264
0 0.019231 0.306997 0.038462 0.088836
0 1.155048 0.366745 0.012019 0.021226
0 1.086538 0.365566 0.014423 0.023585
0 1.048077 0.362028 0.014423 0.025943
0 0.171274 0.330189 0.044471 0.040881
0 0.691707 0.380503 0.046875 0.069182
