0 0.827000 0.727143 0.070000 0.248571
0 0.908000 0.782857 0.080000 0.280000
0 0.825000 0.661429 0.070000 0.242857
0 0.757000 0.634286 0.066000 0.234286
0 0.697000 0.655714 0.070000 0.248571
0 0.642000 0.628571 0.068000 0.234286
0 0.678000 0.607143 0.068000 0.242857
0 0.590000 0.662857 0.064000 0.228571
0 0.494000 0.661429 0.064000 0.225714
0 0.519000 0.631429 0.062000 0.217143
0 0.414000 0.665714 0.060000 0.217143
0 0.438000 0.617143 0.056000 0.200000
0 0.328000 0.652857 0.064000 0.225714
0 0.345000 0.615714 0.054000 0.197143
0 0.385000 0.612857 0.066000 0.237143
0 0.303000 0.605714 0.066000 0.234286
0 0.255000 0.637143 0.058000 0.211429
0 0.213000 0.610000 0.062000 0.220000
0 0.175000 0.592857 0.062000 0.225714
0 0.124000 0.577143 0.064000 0.222857
0 0.104000 0.548571 0.060000 0.217143
0 0.050000 0.554286 0.056000 0.200000
0 0.034000 0.520000 0.060000 0.217143
0 0.102000 0.521429 0.068000 0.237143
0 0.606000 0.594286 0.064000 0.222857
0 0.569000 0.598571 0.066000 0.231429
0 0.154000 0.462857 0.028000 0.062857
0 0.195000 0.481429 0.018000 0.037143
0 0.224000 0.474286 0.020000 0.040000
0 0.255000 0.494286 0.022000 0.051429
0 0.290000 0.481429 0.028000 0.054286
0 0.268000 0.448571 0.024000 0.045714
0 0.233000 0.425714 0.026000 0.051429
0 0.336000 0.427143 0.024000 0.054286
0 0.327000 0.492857 0.034000 0.065714
0 0.364000 0.481429 0.036000 0.042857
0 0.366000 0.444286 0.016000 0.031429
0 0.409000 0.422857 0.022000 0.045714
0 0.414000 0.467143 0.016000 0.048571
0 0.429000 0.504286 0.030000 0.065714
0 0.465000 0.508571 0.022000 0.051429
0 0.469000 0.468571 0.030000 0.034286
0 0.516000 0.494286 0.028000 0.034286
0 0.569000 0.461429 0.030000 0.042857
0 0.300000 0.111429 0.596000 0.217143
0 0.799000 0.102857 0.398000 0.200000
