0 0.045045 0.362000 0.090090 0.208000
0 0.108108 0.371000 0.114114 0.190000
0 0.172673 0.363000 0.117117 0.194000
0 0.247748 0.376000 0.099099 0.164000
0 0.310811 0.369000 0.111111 0.182000
0 0.288288 0.369000 0.102102 0.170000
0 0.339339 0.369000 0.096096 0.158000
0 0.456456 0.370000 0.096096 0.156000
0 0.627628 0.368000 0.102102 0.164000
0 0.669670 0.374000 0.078078 0.128000
0 0.707207 0.371000 0.087087 0.146000
0 0.795796 0.375000 0.072072 0.118000
0 0.891892 0.354000 0.132132 0.216000
0 0.953453 0.373000 0.111111 0.182000
0 0.905405 0.367000 0.087087 0.142000
0 1.021021 0.373000 0.066066 0.106000
0 1.057057 0.378000 0.054054 0.092000
0 1.088589 0.384000 0.051051 0.084000
0 1.124625 0.380000 0.045045 0.080000
0 1.151652 0.381000 0.045045 0.074000
0 1.244745 0.378000 0.051051 0.088000
0 1.312312 0.380000 0.072072 0.120000
0 1.349850 0.382000 0.051051 0.084000
0 1.381381 0.380000 0.054054 0.092000
0 1.399399 0.382000 0.054054 0.088000
0 0.061562 0.286000 0.075075 0.120000
0 0.108108 0.269000 0.054054 0.090000
0 0.165165 0.275000 0.054054 0.090000
0 0.402402 0.306000 0.072072 0.124000
0 0.436937 0.295000 0.063063 0.102000
0 0.463964 0.301000 0.063063 0.102000
0 0.489489 0.304000 0.060060 0.096000
0 0.530030 0.298000 0.057057 0.100000
0 0.283784 0.120000 0.039039 0.064000
0 0.322823 0.119000 0.039039 0.070000
0 0.010511 0.078000 0.021021 0.028000
0 0.033033 0.082000 0.030030 0.024000
0 0.055556 0.091000 0.033033 0.026000
0 0.093093 0.093000 0.036036 0.034000
0 0.148649 0.091000 0.021021 0.026000
0 0.166667 0.095000 0.021021 0.030000
0 0.201201 0.099000 0.042042 0.026000
0 0.229730 0.107000 0.027027 0.026000
0 0.369369 0.123000 0.024024 0.022000
0 0.390390 0.126000 0.024024 0.024000
0 0.417417 0.131000 0.024024 0.026000
0 0.439940 0.131000 0.027027 0.030000
0 0.480480 0.143000 0.042042 0.030000
0 0.022523 0.112000 0.027027 0.024000
0 0.013514 0.135000 0.021021 0.022000
0 0.054054 0.120000 0.018018 0.024000
0 0.081081 0.118000 0.036036 0.020000
0 0.042042 0.141000 0.030030 0.022000
0 0.018018 0.228000 0.036036 0.024000
0 0.042042 0.219000 0.018018 0.018000
0 0.070571 0.215000 0.027027 0.030000
0 0.126126 0.214000 0.036036 0.024000
0 0.069069 0.185000 0.042042 0.034000
0 0.021021 0.198000 0.042042 0.032000
0 0.073574 0.147000 0.027027 0.026000
0 0.106607 0.155000 0.033033 0.030000
0 0.121622 0.186000 0.027027 0.028000
0 0.575075 0.281000 0.033033 0.026000
0 0.605105 0.268000 0.027027 0.028000
0 0.641141 0.270000 0.033033 0.028000
0 0.675676 0.259000 0.036036 0.022000
0 0.714715 0.270000 0.036036 0.040000
0 0.762763 0.262000 0.042042 0.028000
0 0.274775 0.230000 0.045045 0.032000
0 0.232733 0.225000 0.045045 0.034000
0 0.261261 0.137000 0.024024 0.018000
0 0.225225 0.129000 0.030030 0.018000
0 0.198198 0.126000 0.036036 0.016000
0 0.153153 0.124000 0.048048 0.028000
0 0.120120 0.128000 0.030030 0.020000
0 0.484985 0.243000 0.039039 0.022000
0 0.530030 0.240000 0.039039 0.024000
0 0.522523 0.167000 0.030030 0.018000
0 0.144144 0.252000 0.030030 0.028000
0 0.241742 0.273000 0.039039 0.018000
0 0.279279 0.275000 0.030030 0.022000
0 0.331832 0.257000 0.033033 0.042000
0 0.340841 0.231000 0.033033 0.018000
0 0.376877 0.239000 0.021021 0.022000
0 0.424925 0.233000 0.039039 0.026000
0 0.564565 0.262000 0.030030 0.020000
0 0.663664 0.225000 0.018018 0.026000
0 0.714715 0.232000 0.036036 0.016000
0 0.611111 0.227000 0.033033 0.018000
0 0.639640 0.230000 0.024024 0.020000
0 0.630631 0.207000 0.024024 0.018000
0 0.594595 0.195000 0.024024 0.018000
0 0.573574 0.196000 0.030030 0.024000
0 0.546547 0.191000 0.036036 0.018000
0 0.585586 0.237000 0.024024 0.026000
0 0.352853 0.179000 0.447447 0.086000
