0 0.022500 0.585556 0.045000 0.228889
0 0.048333 0.547778 0.036667 0.117778
0 0.117500 0.613333 0.061667 0.204444
0 0.186667 0.775556 0.083333 0.271111
0 0.251667 0.556667 0.063333 0.206667
0 0.277500 0.540000 0.048333 0.164444
0 0.209167 0.540000 0.045000 0.151111
0 0.153333 0.536667 0.040000 0.131111
0 0.094167 0.528889 0.038333 0.124444
0 0.473333 0.544444 0.056667 0.186667
0 0.538333 0.518889 0.033333 0.113333
0 0.520000 0.635556 0.056667 0.191111
0 0.654167 0.760000 0.191667 0.662222
0 0.612500 0.551111 0.061667 0.200000
0 0.696667 0.542222 0.056667 0.191111
