0 0.380435 0.352174 0.204348 0.336232
0 0.465217 0.382609 0.208696 0.342029
0 0.650000 0.332609 0.226087 0.366667
0 0.738043 0.380435 0.202174 0.328986
0 0.896739 0.316667 0.184783 0.305797
0 1.011957 0.385507 0.189130 0.313043
0 1.077174 0.332609 0.206522 0.334783
0 1.111957 0.189130 0.102174 0.169565
0 0.588043 0.442029 0.171739 0.278261
0 0.832609 0.453623 0.169565 0.281159
0 0.040217 0.253623 0.058696 0.098551
0 0.088043 0.261594 0.067391 0.059420
0 0.084783 0.209420 0.043478 0.039130
0 1.280435 0.186232 0.043478 0.044928
0 1.253261 0.200000 0.041304 0.046377
