0 1.388258 0.142132 0.094697 0.152284
0 1.333333 0.135787 0.106061 0.175127
0 1.253788 0.140863 0.106061 0.180203
0 1.160985 0.147208 0.102273 0.172589
0 0.956439 0.154822 0.079545 0.131980
0 0.878788 0.184010 0.075758 0.129442
0 0.839015 0.178934 0.079545 0.129442
0 0.125000 0.243655 0.053030 0.091371
0 0.079545 0.250000 0.045455 0.073604
0 0.558712 0.201777 0.064394 0.114213
0 0.348485 0.272843 0.386364 0.383249
0 0.640152 0.162437 0.068182 0.035533
0 0.729167 0.241117 0.162879 0.218274
0 1.015152 0.098985 0.068182 0.065990
0 1.058712 0.107868 0.071970 0.068528
0 1.104167 0.095178 0.064394 0.048223
0 1.357955 0.054569 0.071970 0.048223
0 1.020833 0.209391 0.162879 0.139594
0 1.172348 0.192893 0.117424 0.121827
0 1.261364 0.170051 0.121212 0.111675
0 0.026515 0.269036 0.037879 0.040609
0 0.096591 0.220812 0.026515 0.045685
0 0.729167 0.120558 0.034091 0.032995
0 0.774621 0.130711 0.056818 0.068528
0 1.176136 0.081218 0.041667 0.030457
0 1.265152 0.059645 0.030303 0.038071
0 1.289773 0.064721 0.026515 0.043147
