0 0.069740 0.567460 0.068558 0.277778
0 0.117021 0.585317 0.059102 0.250000
0 0.167849 0.587302 0.061466 0.253968
0 0.199764 0.587302 0.059102 0.246032
0 0.223404 0.577381 0.063830 0.265873
0 0.260047 0.577381 0.061466 0.257937
0 0.287234 0.599206 0.059102 0.238095
0 0.304965 0.595238 0.056738 0.246032
0 0.321513 0.591270 0.056738 0.238095
0 0.341608 0.587302 0.059102 0.253968
0 0.371158 0.599206 0.056738 0.238095
0 0.394799 0.593254 0.061466 0.257937
0 0.424350 0.589286 0.054374 0.234127
0 0.450355 0.597222 0.059102 0.242063
0 0.496454 0.603175 0.061466 0.261905
0 0.531915 0.585317 0.061466 0.250000
0 0.579196 0.595238 0.056738 0.230159
0 0.599291 0.583333 0.054374 0.230159
0 0.627660 0.595238 0.059102 0.238095
0 0.661939 0.579365 0.052009 0.222222
0 0.648936 0.595238 0.044917 0.182540
0 0.684397 0.585317 0.054374 0.226190
0 0.717494 0.575397 0.054374 0.222222
0 0.744681 0.593254 0.047281 0.202381
0 0.765957 0.581349 0.042553 0.186508
0 0.793144 0.583333 0.044917 0.198413
0 0.821513 0.585317 0.054374 0.226190
0 0.861702 0.591270 0.049645 0.206349
0 0.903073 0.599206 0.056738 0.238095
0 0.930260 0.603175 0.054374 0.230159
0 0.256501 0.575397 0.030733 0.063492
0 0.373522 0.587302 0.028369 0.071429
0 0.408983 0.591270 0.033097 0.063492
0 0.459811 0.579365 0.030733 0.079365
0 0.491726 0.581349 0.042553 0.075397
0 0.524823 0.573413 0.028369 0.067460
0 0.553191 0.579365 0.023641 0.087302
0 0.605201 0.583333 0.037825 0.071429
0 0.695035 0.587302 0.023641 0.039683
0 0.833333 0.581349 0.026005 0.051587
0 0.145390 0.476190 0.026005 0.047619
0 0.481087 0.496032 0.030733 0.071429
0 0.612293 0.486111 0.018913 0.067460
0 0.895981 0.509921 0.028369 0.043651
