0 0.546205 0.433000 0.168317 0.254000
0 0.640264 0.431000 0.151815 0.226000
0 0.717822 0.424000 0.089109 0.136000
0 0.759076 0.435000 0.079208 0.122000
0 0.803630 0.439000 0.141914 0.214000
0 0.859736 0.371000 0.102310 0.154000
0 0.937294 0.441000 0.184818 0.278000
0 1.000000 0.442000 0.125413 0.192000
0 1.051155 0.435000 0.161716 0.238000
0 1.163366 0.433000 0.168317 0.254000
0 1.250825 0.429000 0.191419 0.286000
0 1.334983 0.387000 0.280528 0.422000
0 1.503300 0.331000 0.293729 0.502000
0 0.455446 0.299000 0.066007 0.062000
0 1.224422 0.295000 0.059406 0.066000
0 1.108911 0.324000 0.052805 0.048000
0 1.562706 0.111000 0.082508 0.070000
0 0.612211 0.352000 0.042904 0.048000
