0 0.034060 0.467273 0.068120 0.138182
0 0.138965 0.481818 0.081744 0.138182
0 0.230245 0.476364 0.079019 0.127273
0 0.295640 0.451818 0.084469 0.143636
0 0.355586 0.475455 0.079019 0.132727
0 0.437330 0.473636 0.079019 0.132727
0 0.504087 0.445455 0.081744 0.134545
0 0.608992 0.465455 0.084469 0.138182
0 0.628065 0.528182 0.084469 0.143636
0 0.730245 0.541818 0.114441 0.185455
0 0.937330 0.532727 0.103542 0.174545
0 0.980926 0.573636 0.098093 0.165455
0 0.700272 0.407273 0.070845 0.116364
0 0.585831 0.390909 0.070845 0.116364
0 0.397820 0.306364 0.054496 0.089091
0 0.540872 0.317273 0.046322 0.081818
0 0.704360 0.316364 0.051771 0.087273
0 0.805177 0.310000 0.051771 0.089091
0 0.758856 0.380000 0.079019 0.130909
0 0.852861 0.425455 0.076294 0.123636
0 0.911444 0.392727 0.073569 0.123636
0 1.004087 0.446364 0.084469 0.136364
0 0.964578 0.360000 0.059946 0.101818
0 1.351499 0.423636 0.070845 0.116364
0 1.331063 0.408182 0.051771 0.085455
0 1.455041 0.430909 0.070845 0.116364
0 1.470027 0.410909 0.057221 0.127273
0 1.407357 0.381818 0.057221 0.094545
0 1.376022 0.375455 0.059946 0.103636
0 0.307902 0.289091 0.043597 0.076364
0 0.054496 0.056364 0.087193 0.109091
0 0.178474 0.060000 0.117166 0.094545
0 0.307902 0.058182 0.130790 0.109091
0 0.431880 0.057273 0.117166 0.114545
0 0.550409 0.054545 0.108992 0.105455
0 0.690736 0.057273 0.138965 0.100000
0 0.828338 0.054545 0.119891 0.098182
0 0.950954 0.054545 0.108992 0.105455
0 1.074932 0.061818 0.128065 0.105455
0 1.173025 0.054545 0.111717 0.105455
0 1.299728 0.055455 0.141689 0.107273
0 1.407357 0.052727 0.079019 0.101818
0 1.471390 0.051818 0.043597 0.089091
0 0.111717 0.305455 0.168937 0.112727
0 0.302452 0.305455 0.185286 0.123636
0 0.925068 0.267273 1.065395 0.058182
0 1.201635 0.227273 0.065395 0.047273
0 1.324251 0.222727 0.065395 0.052727
0 1.464578 0.217273 0.035422 0.052727
0 1.303815 0.338182 0.046322 0.094545
0 1.400545 0.339091 0.114441 0.100000
