0 0.044903 0.624545 0.026699 0.052727
0 0.299757 0.606364 0.021845 0.045455
0 0.332524 0.626364 0.043689 0.081818
0 0.399272 0.621818 0.046117 0.083636
0 0.544903 0.617273 0.031553 0.063636
0 0.570388 0.613636 0.029126 0.052727
0 0.803398 0.590000 0.019417 0.041818
0 0.973301 0.607273 0.038835 0.076364
0 1.014563 0.617273 0.063107 0.118182
0 1.048544 0.621818 0.072816 0.138182
0 1.074029 0.620000 0.060680 0.112727
0 1.228155 0.600909 0.048544 0.089091
0 1.268204 0.590909 0.046117 0.090909
0 1.319175 0.592727 0.031553 0.072727
