0 0.083496 0.673828 0.069336 0.225260
0 0.125000 0.644531 0.039062 0.127604
0 0.144531 0.682943 0.066406 0.217448
0 0.160645 0.694010 0.077148 0.252604
0 0.195312 0.643880 0.039062 0.128906
0 0.215332 0.652995 0.041992 0.136719
0 0.271973 0.657552 0.057617 0.187500
0 0.283691 0.639974 0.043945 0.141927
0 0.298340 0.630208 0.038086 0.125000
0 0.313965 0.708984 0.084961 0.277344
0 0.359863 0.670573 0.108398 0.354167
0 0.449219 0.628255 0.046875 0.152344
0 0.491211 0.693359 0.087891 0.287760
0 0.533691 0.630859 0.047852 0.157552
0 0.571289 0.630208 0.046875 0.153646
0 0.623047 0.645833 0.060547 0.197917
0 0.929199 0.650391 0.057617 0.188802
0 0.972168 0.630859 0.049805 0.165365
0 0.746582 0.653646 0.118164 0.388021
0 0.035156 0.695964 0.070312 0.290365
0 0.484863 0.449870 0.047852 0.040365
0 0.545410 0.550130 0.041992 0.048177
0 0.669434 0.553385 0.071289 0.062500
