0 0.033333 0.556270 0.066667 0.372990
0 0.391111 0.623794 0.164444 0.578778
0 0.497778 0.623794 0.133333 0.475884
0 0.515556 0.348875 0.017778 0.067524
0 0.535556 0.345659 0.017778 0.061093
0 0.558889 0.355305 0.020000 0.067524
0 0.375556 0.361736 0.031111 0.112540
0 0.290000 0.353698 0.028889 0.109325
0 0.103333 0.361736 0.033333 0.118971
0 0.580000 0.503215 0.084444 0.305466
0 0.611111 0.588424 0.124444 0.437299
0 0.663333 0.490354 0.077778 0.286174
0 0.725556 0.565916 0.135556 0.475884
0 0.827778 0.596463 0.108889 0.395498
0 0.927778 0.601286 0.122222 0.430868
0 0.082222 0.448553 0.040000 0.106109
0 0.121111 0.445338 0.033333 0.138264
0 0.178889 0.437299 0.042222 0.090032
0 0.303333 0.334405 0.033333 0.051447
0 0.398889 0.334405 0.051111 0.064309
0 0.586667 0.332797 0.066667 0.061093
0 0.625556 0.326367 0.028889 0.073955
0 0.671111 0.326367 0.026667 0.061093
0 0.747778 0.340836 0.037778 0.070740
0 0.244444 0.450161 0.048889 0.096463
0 0.305556 0.419614 0.046667 0.061093
