0 0.085882 0.509717 0.157647 0.581272
0 0.207647 0.397527 0.074118 0.275618
0 0.321176 0.551237 0.192941 0.710247
0 0.430588 0.448763 0.098824 0.360424
0 0.375882 0.480565 0.095294 0.349823
0 0.391765 0.388693 0.056471 0.208481
0 0.482941 0.435512 0.078824 0.287986
0 0.535882 0.485866 0.121176 0.448763
0 0.613529 0.585689 0.191765 0.708481
0 0.704118 0.471731 0.125882 0.459364
0 0.728824 0.454064 0.095294 0.353357
0 0.802353 0.429329 0.063529 0.236749
0 0.754118 0.381625 0.044706 0.166078
0 0.861176 0.412544 0.061176 0.227915
0 0.880588 0.407244 0.045882 0.167845
0 0.905882 0.401943 0.047059 0.171378
0 0.958235 0.397527 0.031765 0.120141
0 0.591765 0.285336 0.030588 0.086572
