0 0.018889 0.090833 0.037778 0.118333
0 0.063333 0.089167 0.060000 0.115000
0 0.085556 0.097500 0.064444 0.121667
0 0.107778 0.082500 0.051111 0.098333
0 0.134444 0.090833 0.060000 0.108333
0 0.152222 0.092500 0.060000 0.115000
0 0.190000 0.111667 0.064444 0.120000
0 0.227778 0.097500 0.055556 0.101667
0 0.208889 0.085000 0.053333 0.096667
0 0.266667 0.109167 0.062222 0.115000
0 0.288889 0.087500 0.057778 0.105000
0 0.318889 0.102500 0.060000 0.115000
0 0.360000 0.101667 0.075556 0.136667
0 0.346667 0.087500 0.057778 0.105000
0 0.394444 0.100833 0.060000 0.111667
0 0.418889 0.084167 0.051111 0.095000
0 0.430000 0.093333 0.055556 0.100000
0 0.444444 0.106667 0.057778 0.110000
0 0.470000 0.100833 0.068889 0.125000
0 0.117778 0.413333 0.213333 0.393333
0 0.327778 0.431667 0.215556 0.396667
0 0.523333 0.459167 0.224444 0.411667
0 0.710000 0.402500 0.188889 0.351667
0 0.903333 0.420000 0.202222 0.370000
0 1.134444 0.450833 0.211111 0.385000
0 0.491111 0.091667 0.057778 0.106667
0 0.521111 0.098333 0.055556 0.103333
0 0.520000 0.081667 0.053333 0.096667
0 0.554444 0.087500 0.060000 0.108333
0 0.573333 0.095000 0.057778 0.110000
0 0.592222 0.103333 0.060000 0.113333
0 0.616667 0.087500 0.060000 0.115000
0 0.640000 0.082500 0.057778 0.108333
0 0.655556 0.095833 0.057778 0.108333
0 0.678889 0.074167 0.051111 0.095000
0 0.688889 0.098333 0.057778 0.110000
0 0.708889 0.092500 0.057778 0.105000
0 0.731111 0.097500 0.057778 0.111667
0 0.766667 0.094167 0.057778 0.111667
0 0.801111 0.085000 0.055556 0.106667
0 0.831111 0.085000 0.062222 0.113333
0 0.846667 0.092500 0.057778 0.108333
0 0.865556 0.080833 0.055556 0.105000
0 0.903333 0.096667 0.055556 0.106667
0 0.931111 0.081667 0.053333 0.096667
0 0.966667 0.093333 0.048889 0.090000
0 0.946667 0.087500 0.053333 0.098333
0 1.002222 0.080000 0.053333 0.096667
0 1.033333 0.088333 0.053333 0.100000
0 1.067778 0.077500 0.051111 0.098333
0 1.102222 0.092500 0.057778 0.105000
0 1.122222 0.079167 0.053333 0.101667
0 1.147778 0.090833 0.060000 0.111667
0 1.177778 0.089167 0.057778 0.108333
0 1.214444 0.087500 0.055556 0.105000
0 1.237778 0.082500 0.057778 0.108333
0 1.275556 0.082500 0.053333 0.098333
0 1.308889 0.090000 0.048889 0.096667
