0 0.308000 0.845000 0.048000 0.174000
0 0.332000 0.837000 0.048000 0.182000
0 0.370000 0.834000 0.041333 0.156000
0 0.411333 0.844000 0.038667 0.148000
0 0.441333 0.839000 0.048000 0.174000
0 0.491333 0.839000 0.041333 0.154000
0 0.525333 0.849000 0.040000 0.146000
0 0.550667 0.846000 0.032000 0.120000
0 0.587333 0.848000 0.036000 0.136000
0 0.618000 0.859000 0.036000 0.130000
0 0.208667 0.790000 0.014667 0.052000
0 0.103333 0.783000 0.017333 0.066000
0 0.060667 0.784000 0.014667 0.056000
0 0.009333 0.775000 0.016000 0.066000
0 0.022667 0.778000 0.016000 0.064000
