0 0.086066 0.425455 0.172131 0.363636
0 0.178962 0.364545 0.144809 0.241818
0 0.277322 0.342727 0.101093 0.169091
0 0.348361 0.329091 0.068306 0.109091
0 0.418033 0.325455 0.060109 0.101818
0 0.450820 0.334545 0.065574 0.105455
0 0.535519 0.387273 0.147541 0.243636
0 0.595628 0.325455 0.054645 0.087273
0 0.713115 0.423636 0.262295 0.432727
0 0.866120 0.357273 0.103825 0.172727
0 0.943989 0.380909 0.117486 0.190909
0 1.086066 0.454545 0.232240 0.381818
0 1.254098 0.412727 0.158470 0.261818
0 1.386612 0.371818 0.095628 0.158182
0 1.340164 0.360909 0.079235 0.129091
0 0.643443 0.259091 0.084699 0.045455
0 0.987705 0.274545 0.051913 0.029091
