0 0.192124 0.351667 0.131265 0.230000
0 0.662291 0.345833 0.131265 0.225000
0 0.943914 0.327500 0.116945 0.201667
0 1.151551 0.318333 0.112172 0.193333
0 1.214797 0.260000 0.062053 0.110000
0 1.322196 0.248333 0.057279 0.100000
0 1.346062 0.247500 0.062053 0.111667
0 1.399761 0.288333 0.064439 0.153333
0 1.249403 0.247500 0.045346 0.078333
0 1.078759 0.254167 0.038186 0.065000
0 0.811456 0.240000 0.038186 0.070000
0 0.738663 0.257500 0.035800 0.061667
0 0.762530 0.255000 0.026253 0.050000
0 0.793556 0.256667 0.026253 0.050000
0 0.715990 0.256667 0.038186 0.066667
0 0.593079 0.246667 0.035800 0.063333
0 0.563246 0.248333 0.033413 0.060000
0 0.545346 0.249167 0.035800 0.061667
0 0.521480 0.246667 0.035800 0.066667
0 0.463007 0.247500 0.038186 0.068333
0 0.411695 0.255000 0.040573 0.070000
0 0.384248 0.258333 0.033413 0.056667
0 0.354415 0.260000 0.031026 0.053333
0 0.336516 0.253333 0.033413 0.063333
0 0.264916 0.250000 0.033413 0.060000
0 0.289976 0.248333 0.040573 0.073333
0 0.124105 0.260833 0.052506 0.095000
0 0.089499 0.263333 0.045346 0.076667
0 0.068019 0.270000 0.040573 0.073333
0 0.020286 0.271667 0.040573 0.100000
0 0.022673 0.199167 0.031026 0.055000
0 0.848449 0.245000 0.045346 0.076667
0 0.877088 0.242500 0.040573 0.068333
