0 0.116983 0.411581 0.081948 0.133020
0 0.478622 0.403756 0.042755 0.068858
0 0.538005 0.417058 0.076010 0.122066
0 0.609857 0.401408 0.055819 0.089202
0 0.682898 0.402582 0.052257 0.085290
0 0.763064 0.405321 0.060570 0.098592
0 0.796318 0.410016 0.060570 0.097027
0 0.827791 0.393975 0.042755 0.071205
0 0.865796 0.396322 0.047506 0.077465
0 0.847981 0.395149 0.045131 0.071987
0 0.878860 0.405712 0.052257 0.086854
0 0.912114 0.408059 0.059382 0.096244
0 1.027316 0.406103 0.057007 0.092332
0 0.289786 0.363067 0.049881 0.031299
