0 0.033183 0.854930 0.033183 0.149296
0 0.018854 0.760563 0.019608 0.095775
0 0.058069 0.885915 0.019608 0.092958
0 0.070136 0.800000 0.022624 0.107042
0 0.119155 0.809859 0.012066 0.064789
0 0.090498 0.746479 0.015083 0.078873
0 0.134992 0.764789 0.025641 0.126761
0 0.172700 0.808451 0.028658 0.140845
0 0.222474 0.808451 0.031674 0.146479
0 0.261689 0.791549 0.028658 0.140845
0 0.283560 0.822535 0.030166 0.135211
0 0.330317 0.828169 0.036199 0.163380
0 0.398190 0.763380 0.024133 0.112676
0 0.413273 0.756338 0.027149 0.126761
0 0.416290 0.801408 0.015083 0.070423
0 0.466063 0.880282 0.030166 0.143662
0 0.358220 0.892958 0.019608 0.095775
0 0.503771 0.856338 0.033183 0.157746
0 0.493967 0.794366 0.031674 0.146479
0 0.527903 0.852113 0.030166 0.143662
0 0.552790 0.822535 0.025641 0.123944
0 0.599548 0.830986 0.022624 0.112676
0 0.615385 0.774648 0.027149 0.123944
0 0.685520 0.864789 0.028658 0.140845
0 0.662896 0.869014 0.028658 0.132394
0 0.647059 0.892958 0.015083 0.078873
0 0.741327 0.883099 0.022624 0.109859
0 0.773002 0.890141 0.016591 0.073239
0 0.765460 0.802817 0.028658 0.135211
0 0.794872 0.798592 0.030166 0.138028
0 0.813725 0.760563 0.025641 0.123944
0 0.866516 0.792958 0.028658 0.138028
0 0.950226 0.746479 0.030166 0.135211
0 0.042986 0.728169 0.013575 0.059155
0 0.057315 0.723944 0.021116 0.095775
0 0.371795 0.804225 0.016591 0.076056
0 0.635747 0.764789 0.019608 0.087324
