0 0.055000 0.697853 0.110000 0.579755
0 0.152000 0.496933 0.132000 0.503067
0 0.222000 0.493865 0.092000 0.349693
0 0.304000 0.283742 0.064000 0.248466
0 0.358000 0.599693 0.152000 0.573620
0 0.475000 0.674847 0.150000 0.570552
0 0.417000 0.490798 0.114000 0.429448
0 0.527000 0.480061 0.102000 0.389571
0 0.673000 0.509202 0.122000 0.460123
0 0.638000 0.450920 0.100000 0.374233
0 0.781000 0.273006 0.062000 0.233129
0 0.835000 0.343558 0.066000 0.251534
0 0.854000 0.449387 0.108000 0.414110
0 0.881000 0.518405 0.122000 0.460123
0 0.914000 0.585890 0.128000 0.478528
0 0.556000 0.403374 0.100000 0.383436
