0 0.075833 0.546250 0.105000 0.392500
0 0.180833 0.525000 0.118333 0.435000
0 0.099167 0.406250 0.048333 0.177500
0 0.260000 0.386250 0.036667 0.132500
0 0.313333 0.387500 0.026667 0.100000
0 0.345833 0.410000 0.038333 0.140000
0 0.367500 0.383750 0.041667 0.157500
0 0.389167 0.393750 0.035000 0.127500
0 0.405000 0.382500 0.036667 0.140000
0 0.433333 0.395000 0.036667 0.140000
0 0.459167 0.392500 0.041667 0.150000
0 0.493333 0.405000 0.036667 0.140000
0 0.519167 0.405000 0.045000 0.165000
0 0.555833 0.405000 0.055000 0.210000
0 0.637500 0.425000 0.058333 0.215000
0 0.695000 0.552500 0.140000 0.510000
0 0.862500 0.550000 0.131667 0.485000
0 0.798333 0.450000 0.066667 0.245000
0 0.780000 0.457500 0.063333 0.230000
0 0.950833 0.445000 0.068333 0.250000
0 0.745833 0.440000 0.061667 0.225000
