0 0.243341 0.375320 0.118644 0.157289
0 0.329298 0.367008 0.130751 0.168798
0 0.386199 0.371483 0.118644 0.154731
0 0.423729 0.365090 0.125908 0.164962
0 0.483051 0.375959 0.113801 0.148338
0 0.525424 0.376598 0.106538 0.139386
0 0.601695 0.374041 0.123487 0.159847
0 0.691283 0.375320 0.108959 0.144501
0 0.738499 0.367647 0.111380 0.144501
0 0.780872 0.366368 0.113801 0.149616
0 0.814770 0.372762 0.108959 0.139386
0 0.851090 0.368286 0.113801 0.148338
0 0.899516 0.368926 0.113801 0.149616
0 0.944310 0.367008 0.116223 0.153453
0 1.006053 0.365090 0.108959 0.141944
0 1.044794 0.364450 0.113801 0.145780
0 1.131961 0.365729 0.123487 0.161125
0 1.167070 0.367647 0.116223 0.149616
0 1.219128 0.365090 0.118644 0.157289
0 1.272397 0.363171 0.113801 0.145780
0 1.329298 0.368926 0.116223 0.149616
0 1.428571 0.361893 0.116223 0.153453
0 1.535109 0.352941 0.125908 0.163683
0 1.631961 0.352941 0.125908 0.163683
0 1.726392 0.352302 0.121065 0.154731
