0 0.940000 0.181333 0.084000 0.282667
0 0.143000 0.644000 0.050000 0.066667
0 0.216000 0.694667 0.048000 0.066667
0 0.236000 0.580000 0.052000 0.029333
0 0.329000 0.629333 0.026000 0.042667
0 0.307000 0.526667 0.030000 0.088000
0 0.392000 0.472000 0.028000 0.032000
0 0.424000 0.568000 0.036000 0.042667
0 0.500000 0.514667 0.044000 0.042667
0 0.459000 0.445333 0.066000 0.053333
0 0.530000 0.390667 0.028000 0.088000
0 0.579000 0.460000 0.030000 0.050667
0 0.644000 0.434667 0.036000 0.069333
0 0.604000 0.345333 0.052000 0.077333
0 0.692000 0.326667 0.044000 0.056000
0 0.762000 0.284000 0.036000 0.056000
0 0.773000 0.350667 0.082000 0.061333
0 0.725000 0.381333 0.046000 0.064000
0 0.838000 0.304000 0.036000 0.037333
0 0.874000 0.244000 0.048000 0.056000
