0 0.141000 0.727891 0.054000 0.224490
0 0.191000 0.714286 0.066000 0.278912
0 0.251000 0.704082 0.074000 0.319728
0 0.273000 0.389456 0.054000 0.227891
0 0.396000 0.743197 0.048000 0.207483
0 0.388000 0.744898 0.056000 0.244898
0 0.496000 0.760204 0.060000 0.255102
0 0.540000 0.751701 0.056000 0.244898
0 0.895000 0.794218 0.070000 0.302721
0 0.682000 0.636054 0.032000 0.054422
0 0.139000 0.397959 0.026000 0.020408
0 0.169000 0.408163 0.034000 0.034014
0 0.192000 0.404762 0.036000 0.061224
0 0.318000 0.362245 0.028000 0.071429
0 0.378000 0.380952 0.016000 0.013605
0 0.402000 0.404762 0.028000 0.034014
0 0.345000 0.406463 0.018000 0.044218
0 0.766000 0.352041 0.032000 0.037415
0 0.852000 0.372449 0.028000 0.030612
0 0.968000 0.389456 0.024000 0.051020
0 0.834000 0.418367 0.024000 0.034014
0 0.800000 0.416667 0.012000 0.030612
