0 0.362372 0.380371 0.215227 0.350586
0 0.616398 0.322266 0.155198 0.255859
0 0.776720 0.325684 0.118594 0.196289
0 1.070278 0.327148 0.152269 0.250000
0 1.193265 0.294922 0.084919 0.140625
0 1.120791 0.293457 0.080527 0.133789
0 1.242313 0.299805 0.089312 0.148438
0 1.295754 0.297363 0.084919 0.137695
0 1.369693 0.298828 0.095168 0.156250
0 1.478038 0.289062 0.042460 0.115234
0 1.465593 0.279297 0.067350 0.115234
0 1.411420 0.289062 0.067350 0.111328
0 1.085652 0.292480 0.086384 0.141602
0 0.979502 0.285645 0.070278 0.116211
0 0.932650 0.288086 0.079063 0.130859
0 0.891654 0.287109 0.073206 0.121094
0 0.830161 0.289062 0.064422 0.107422
0 0.813324 0.289062 0.062958 0.103516
0 0.654466 0.287109 0.049780 0.083984
0 0.692533 0.287109 0.061493 0.099609
0 0.622255 0.287109 0.055637 0.089844
0 0.603953 0.291016 0.048316 0.082031
0 0.516837 0.288086 0.049780 0.083984
0 0.502196 0.288574 0.052709 0.084961
0 0.461933 0.288086 0.051245 0.085938
0 0.431918 0.289551 0.049780 0.083008
0 0.407028 0.288086 0.052709 0.085938
0 0.278184 0.284180 0.043924 0.074219
0 0.254026 0.288574 0.045388 0.075195
0 0.233529 0.287598 0.045388 0.075195
0 0.207174 0.286621 0.045388 0.077148
0 0.184480 0.289062 0.049780 0.082031
0 0.702050 0.306152 0.030747 0.030273
0 0.025622 0.299805 0.021962 0.015625
0 0.092240 0.278320 0.038067 0.009766
0 0.072474 0.243652 0.013177 0.018555
0 0.113470 0.246582 0.027818 0.016602
0 0.128111 0.277344 0.021962 0.017578
0 0.149341 0.277344 0.017570 0.019531
0 0.131772 0.295898 0.026354 0.009766
0 0.226940 0.290527 0.026354 0.012695
0 0.248170 0.291992 0.016105 0.009766
0 1.433382 0.260254 0.043924 0.024414
