0 0.035593 0.477778 0.071186 0.155556
0 0.047458 0.467778 0.094915 0.175556
0 0.123729 0.500000 0.111864 0.177778
0 0.138983 0.455556 0.088136 0.142222
0 0.189831 0.466667 0.101695 0.164444
0 0.233898 0.445556 0.094915 0.157778
0 0.269492 0.463333 0.105085 0.166667
0 0.376271 0.453333 0.088136 0.146667
0 0.406780 0.463333 0.088136 0.148889
0 0.440678 0.511111 0.115254 0.191111
0 0.505085 0.453333 0.094915 0.151111
0 0.545763 0.462222 0.101695 0.164444
0 0.638983 0.455556 0.084746 0.142222
0 0.684746 0.521111 0.122034 0.193333
0 0.745763 0.504444 0.094915 0.155556
0 0.883051 0.525556 0.125424 0.206667
0 0.916949 0.518889 0.098305 0.162222
0 0.976271 0.406667 0.074576 0.124444
0 0.935593 0.401111 0.067797 0.113333
0 1.020339 0.475556 0.115254 0.186667
0 1.045763 0.414444 0.064407 0.108889
0 1.081356 0.411111 0.088136 0.142222
0 1.128814 0.412222 0.061017 0.100000
0 1.154237 0.413333 0.064407 0.102222
0 1.218644 0.417778 0.077966 0.124444
0 1.289831 0.495556 0.111864 0.186667
0 1.252542 0.401111 0.064407 0.108889
0 1.300000 0.398889 0.071186 0.117778
0 1.345763 0.417778 0.094915 0.151111
0 1.393220 0.386667 0.061017 0.102222
0 1.445763 0.394444 0.064407 0.104444
0 1.477966 0.394444 0.061017 0.095556
0 1.503390 0.380000 0.044068 0.097778
0 0.606780 0.415556 0.074576 0.120000
0 0.350847 0.393333 0.057627 0.093333
0 0.320339 0.390000 0.057627 0.100000
0 0.205085 0.395556 0.077966 0.124444
0 0.122034 0.300000 0.020339 0.040000
0 0.227119 0.296667 0.020339 0.037778
0 0.338983 0.298889 0.020339 0.037778
0 0.420339 0.293333 0.027119 0.048889
0 0.574576 0.287778 0.023729 0.042222
0 0.694915 0.288889 0.020339 0.031111
