0 0.204375 0.502814 0.081250 0.303940
0 0.335000 0.628518 0.107500 0.397749
0 0.168125 0.467167 0.068750 0.255159
0 0.023750 0.463415 0.047500 0.195122
0 0.118750 0.438086 0.042500 0.155722
0 0.101875 0.431520 0.041250 0.150094
0 0.138125 0.452158 0.046250 0.172608
0 0.443125 0.500938 0.061250 0.225141
0 0.395000 0.517824 0.040000 0.150094
0 0.295625 0.462477 0.046250 0.174484
0 0.617500 0.500000 0.065000 0.238274
0 0.661250 0.507505 0.070000 0.257036
0 0.715000 0.589118 0.097500 0.360225
0 0.228750 0.437148 0.045000 0.165103
0 0.554375 0.557223 0.028750 0.116323
0 0.800000 0.529081 0.027500 0.150094
0 0.470000 0.378049 0.012500 0.039400
0 0.555000 0.397749 0.012500 0.045028
0 0.349375 0.369606 0.006250 0.041276
0 0.003125 0.361163 0.003750 0.028143
