0 0.079091 0.602244 0.070909 0.236908
0 0.238182 0.667082 0.101818 0.346633
0 0.364545 0.750623 0.125455 0.418953
0 0.524545 0.783042 0.110909 0.379052
0 0.626364 0.724439 0.096364 0.331671
0 0.773636 0.749377 0.129091 0.436409
0 0.832727 0.683292 0.065455 0.219451
0 0.476364 0.539900 0.007273 0.047382
0 0.405455 0.523691 0.029091 0.059850
0 0.313636 0.523691 0.012727 0.044888
0 0.705455 0.519950 0.021818 0.052369
0 0.678182 0.543641 0.021818 0.049875
0 0.823636 0.518703 0.025455 0.024938
0 0.467273 0.470075 0.029091 0.027431
0 0.571818 0.554863 0.012727 0.032419
0 0.539091 0.531172 0.016364 0.039900
0 0.601818 0.546135 0.010909 0.029925
0 0.610000 0.496259 0.012727 0.024938
