0 0.108516 0.388182 0.178571 0.292727
0 0.413462 0.390000 0.173077 0.281818
0 0.614011 0.414545 0.288462 0.469091
0 0.758242 0.390909 0.192308 0.316364
0 0.945055 0.388182 0.197802 0.321818
0 1.107143 0.419091 0.186813 0.303636
0 1.385989 0.390909 0.211538 0.341818
0 1.166209 0.352727 0.151099 0.250909
0 0.244505 0.359091 0.109890 0.180000
0 0.214286 0.351818 0.098901 0.165455
0 0.174451 0.250000 0.041209 0.027273
0 0.336538 0.259091 0.024725 0.020000
0 0.457418 0.270909 0.024725 0.029091
0 0.762363 0.189091 0.035714 0.029091
0 0.873626 0.237273 0.049451 0.038182
0 1.450549 0.248182 0.032967 0.038182
0 1.484890 0.230909 0.035714 0.043636
0 1.307692 0.241818 0.038462 0.032727
0 0.010989 0.262727 0.016484 0.038182
0 0.289835 0.253636 0.013736 0.027273
0 1.214286 0.270909 0.021978 0.036364
