0 0.869145 0.665649 0.092668 0.338931
0 0.799389 0.690840 0.087576 0.325191
0 0.752037 0.701527 0.082485 0.303817
0 0.695519 0.679389 0.089613 0.329771
0 0.652749 0.703817 0.079430 0.296183
0 0.612016 0.716031 0.067210 0.250382
0 0.572811 0.705344 0.080448 0.299237
0 0.531059 0.700763 0.080448 0.293130
0 0.492363 0.721374 0.068228 0.254962
0 0.441446 0.725191 0.068228 0.250382
0 0.384420 0.726718 0.066191 0.241221
0 0.329430 0.718321 0.072301 0.264122
0 0.297352 0.715267 0.073320 0.267176
0 0.906314 0.632824 0.063136 0.236641
0 0.937882 0.606870 0.059063 0.221374
0 0.970468 0.693893 0.059063 0.322137
0 0.270876 0.707634 0.075356 0.276336
0 0.239308 0.709160 0.073320 0.267176
0 0.201629 0.719847 0.069246 0.258015
0 0.164969 0.725191 0.069246 0.253435
0 0.073829 0.731298 0.013238 0.064122
0 0.385947 0.564122 0.010183 0.044275
0 0.361507 0.574046 0.012220 0.030534
0 0.969450 0.482443 0.010183 0.021374
0 0.713849 0.500000 0.010183 0.019847
0 0.650713 0.525954 0.014257 0.029008
0 0.501527 0.551908 0.015275 0.035115
0 0.441446 0.558779 0.011202 0.036641
0 0.417515 0.571756 0.006110 0.022901
0 0.608452 0.542748 0.003055 0.022901
0 0.592159 0.538931 0.009165 0.024427
