0 0.053000 0.590116 0.102000 0.360465
0 0.167000 0.581395 0.110000 0.395349
0 0.243000 0.656977 0.106000 0.377907
0 0.421000 0.700581 0.106000 0.383721
0 0.499000 0.665698 0.106000 0.377907
0 0.569000 0.649709 0.098000 0.357558
0 0.784000 0.643895 0.120000 0.427326
0 0.828000 0.693314 0.116000 0.415698
0 0.912000 0.485465 0.068000 0.238372
0 0.777000 0.263081 0.058000 0.206395
0 0.977000 0.254360 0.046000 0.177326
0 0.040000 0.239826 0.056000 0.206395
0 0.067000 0.232558 0.058000 0.203488
0 0.127000 0.238372 0.050000 0.186047
0 0.035000 0.901163 0.050000 0.162791
0 0.342000 0.937500 0.044000 0.095930
0 0.614000 0.933140 0.032000 0.058140
0 0.681000 0.690407 0.046000 0.328488
0 0.936000 0.718023 0.016000 0.069767
0 0.947000 0.933140 0.034000 0.081395
0 0.440000 0.213663 0.012000 0.095930
0 0.516000 0.174419 0.024000 0.058140
0 0.514000 0.270349 0.016000 0.069767
0 0.579000 0.231105 0.026000 0.107558
0 0.916000 0.283430 0.020000 0.125000
0 0.884000 0.155523 0.008000 0.101744
0 0.936000 0.154070 0.016000 0.081395
0 0.015000 0.210756 0.014000 0.095930
0 0.265000 0.187500 0.014000 0.084302
0 0.223000 0.258721 0.030000 0.069767
0 0.189000 0.308140 0.014000 0.046512
0 0.341000 0.335756 0.034000 0.061047
0 0.275000 0.332849 0.026000 0.078488
0 0.239000 0.372093 0.018000 0.046512
0 0.356000 0.244186 0.024000 0.052326
0 0.607000 0.286337 0.014000 0.101744
0 0.707000 0.241279 0.014000 0.063953
0 0.360000 0.074128 0.016000 0.043605
0 0.653000 0.107558 0.030000 0.052326
0 0.318000 0.239826 0.016000 0.043605
