0 0.045410 0.638563 0.090820 0.458944
0 0.090332 0.673754 0.102539 0.376833
0 0.146973 0.664223 0.096680 0.354839
0 0.212402 0.697214 0.127930 0.467742
0 0.274414 0.713343 0.152344 0.561584
0 0.382324 0.714809 0.155273 0.570381
0 0.472656 0.694282 0.156250 0.573314
0 0.602539 0.693548 0.130859 0.480938
0 0.546875 0.675953 0.113281 0.419355
0 0.674805 0.642229 0.089844 0.328446
0 0.728516 0.636364 0.103516 0.381232
0 0.770020 0.568915 0.057617 0.211144
0 0.814453 0.585777 0.074219 0.271261
0 0.811523 0.625367 0.076172 0.280059
0 0.858887 0.572581 0.055664 0.203812
0 0.886719 0.548387 0.041016 0.155425
0 0.907227 0.543255 0.039062 0.142229
0 0.838867 0.568182 0.052734 0.192082
0 0.978027 0.519795 0.030273 0.112903
0 0.963379 0.519062 0.022461 0.085044
0 0.952637 0.515396 0.020508 0.080645
0 0.939941 0.510264 0.020508 0.076246
0 0.929199 0.508065 0.022461 0.086510
0 0.057617 0.468475 0.039062 0.071848
0 0.117188 0.458944 0.044922 0.049853
0 0.016113 0.365103 0.032227 0.076246
0 0.052734 0.375367 0.046875 0.082111
0 0.226562 0.417889 0.050781 0.076246
0 0.278320 0.405425 0.031250 0.063050
0 0.305664 0.412023 0.031250 0.067449
0 0.322754 0.412757 0.018555 0.057185
0 0.330566 0.486070 0.049805 0.065982
0 0.454102 0.507331 0.037109 0.085044
0 0.172363 0.476540 0.045898 0.076246
0 0.707520 0.471408 0.022461 0.048387
0 0.781250 0.494135 0.033203 0.043988
0 0.653809 0.469208 0.313477 0.108504
