0 0.982500 0.800000 0.035000 0.195556
0 0.881667 0.750000 0.046667 0.157778
0 0.823333 0.756667 0.043333 0.144444
0 0.790000 0.773333 0.050000 0.168889
0 0.767500 0.790000 0.058333 0.188889
0 0.727500 0.766667 0.048333 0.155556
0 0.747500 0.750000 0.038333 0.131111
0 0.653333 0.784444 0.046667 0.155556
0 0.595833 0.765556 0.045000 0.148889
0 0.620833 0.748889 0.045000 0.146667
0 0.569167 0.752222 0.038333 0.126667
0 0.545000 0.762222 0.040000 0.128889
0 0.518333 0.761111 0.036667 0.122222
0 0.531667 0.754444 0.036667 0.122222
0 0.497500 0.771111 0.038333 0.128889
0 0.473333 0.761111 0.036667 0.122222
0 0.440833 0.755556 0.041667 0.133333
0 0.459167 0.753333 0.038333 0.128889
0 0.402500 0.795556 0.048333 0.164444
0 0.310000 0.830000 0.066667 0.220000
0 0.197500 0.802222 0.065000 0.213333
0 0.238333 0.794444 0.063333 0.206667
0 0.139167 0.814444 0.061667 0.202222
0 0.051667 0.800000 0.053333 0.173333
0 0.105000 0.751111 0.033333 0.111111
0 0.072500 0.757778 0.028333 0.097778
0 0.341667 0.696667 0.676667 0.095556
0 0.775833 0.674444 0.145000 0.068889
