0 0.606498 0.554487 0.046931 0.205128
0 0.575812 0.690705 0.057762 0.253205
0 0.616426 0.730769 0.055957 0.250000
0 0.648014 0.751603 0.057762 0.259615
0 0.725632 0.636218 0.061372 0.272436
0 0.759928 0.735577 0.054152 0.233974
0 0.806859 0.810897 0.064982 0.288462
0 0.833935 0.810897 0.072202 0.314103
0 0.859206 0.738782 0.054152 0.246795
0 0.866426 0.625000 0.061372 0.262821
0 0.787906 0.690705 0.055957 0.253205
0 0.814982 0.541667 0.048736 0.217949
0 0.862816 0.511218 0.046931 0.214744
0 0.882671 0.475962 0.046931 0.201923
0 0.756318 0.464744 0.039711 0.179487
0 0.726534 0.424679 0.037906 0.163462
0 0.689531 0.608974 0.057762 0.250000
0 0.787004 0.423077 0.032491 0.147436
0 0.808664 0.463141 0.039711 0.169872
0 0.840253 0.440705 0.037906 0.169872
0 0.928700 0.673077 0.059567 0.269231
0 0.027978 0.860577 0.055957 0.266026
0 0.022563 0.705128 0.041516 0.147436
0 0.078520 0.649038 0.070397 0.125000
0 0.096570 0.706731 0.059567 0.118590
0 0.065884 0.826923 0.059567 0.198718
0 0.116426 0.857372 0.081227 0.272436
0 0.176895 0.793269 0.064982 0.189103
0 0.154332 0.750000 0.048736 0.121795
0 0.187726 0.721154 0.057762 0.166667
0 0.210289 0.655449 0.048736 0.144231
0 0.275271 0.639423 0.059567 0.150641
0 0.287004 0.735577 0.054152 0.105769
0 0.259928 0.788462 0.064982 0.121795
0 0.289711 0.919872 0.063177 0.128205
0 0.334838 0.875000 0.074007 0.205128
0 0.312274 0.785256 0.050542 0.102564
0 0.327617 0.608974 0.045126 0.115385
0 0.391697 0.637821 0.061372 0.147436
0 0.414260 0.772436 0.055957 0.083333
0 0.398014 0.858974 0.070397 0.211538
0 0.475632 0.889423 0.077617 0.176282
0 0.519856 0.873397 0.050542 0.131410
0 0.554152 0.907051 0.050542 0.141026
0 0.595668 0.910256 0.046931 0.121795
0 0.628159 0.924679 0.057762 0.105769
0 0.668773 0.907051 0.052347 0.128205
0 0.712996 0.916667 0.064982 0.134615
0 0.743682 0.900641 0.032491 0.185897
0 0.797834 0.911859 0.075812 0.131410
0 0.540614 0.732372 0.074007 0.144231
0 0.454874 0.721154 0.054152 0.115385
0 0.470217 0.788462 0.074007 0.128205
0 0.464801 0.644231 0.070397 0.115385
0 0.440433 0.557692 0.039711 0.089744
0 0.474729 0.564103 0.032491 0.083333
0 0.467509 0.508013 0.032491 0.060897
0 0.506318 0.530449 0.045126 0.125000
0 0.521661 0.482372 0.028881 0.060897
0 0.936823 0.889423 0.086643 0.214744
0 0.970217 0.841346 0.030686 0.137821
0 0.591155 0.387821 0.175090 0.179487
0 0.816787 0.294872 0.128159 0.346154
