0 0.057522 0.271000 0.115044 0.310000
0 0.113569 0.242000 0.174041 0.292000
0 0.264012 0.249000 0.138643 0.234000
0 0.324484 0.251000 0.200590 0.334000
0 0.513274 0.239000 0.129794 0.214000
0 0.530973 0.223000 0.106195 0.174000
0 0.623894 0.249000 0.132743 0.226000
0 0.696165 0.229000 0.106195 0.178000
0 0.765487 0.244000 0.109145 0.184000
0 0.833333 0.238000 0.144543 0.244000
0 0.917404 0.219000 0.100295 0.166000
0 0.966077 0.236000 0.126844 0.208000
0 1.028024 0.225000 0.091445 0.154000
0 1.091445 0.235000 0.123894 0.206000
0 1.150442 0.225000 0.088496 0.154000
0 1.262537 0.219000 0.106195 0.182000
0 1.336283 0.227000 0.076696 0.134000
0 1.393805 0.229000 0.085546 0.142000
0 1.436578 0.226000 0.058997 0.104000
0 1.194690 0.223000 0.053097 0.090000
0 1.221239 0.215000 0.053097 0.090000
