0 0.050000 0.670833 0.100000 0.644444
0 0.218750 0.663194 0.206250 0.673611
0 0.414062 0.718056 0.173958 0.563889
0 0.555729 0.672222 0.196875 0.644444
0 0.709375 0.672917 0.197917 0.645833
0 0.851042 0.697222 0.183333 0.600000
0 0.943750 0.545139 0.112500 0.426389
0 0.765104 0.559722 0.142708 0.466667
0 0.319792 0.511806 0.075000 0.245833
0 0.392188 0.380556 0.061458 0.202778
0 0.363021 0.370139 0.061458 0.204167
0 0.339583 0.354167 0.047917 0.161111
0 0.796354 0.384028 0.053125 0.173611
0 0.835417 0.381944 0.050000 0.163889
0 0.859375 0.376389 0.054167 0.180556
0 0.675000 0.367361 0.062500 0.204167
0 0.642188 0.373611 0.063542 0.205556
0 0.610417 0.375000 0.060417 0.197222
0 0.583333 0.365278 0.066667 0.216667
0 0.544271 0.364583 0.065625 0.218056
0 0.505729 0.368056 0.065625 0.216667
0 0.471354 0.369444 0.063542 0.208333
0 0.436979 0.375694 0.061458 0.204167
0 0.295833 0.343056 0.060417 0.197222
0 0.980208 0.365972 0.039583 0.143056
0 0.164583 0.314583 0.029167 0.076389
0 0.210417 0.261806 0.018750 0.037500
0 0.223438 0.242361 0.028125 0.048611
0 0.210417 0.206944 0.027083 0.047222
0 0.244792 0.209722 0.022917 0.050000
0 0.279167 0.215278 0.029167 0.041667
0 0.274479 0.242361 0.030208 0.034722
0 0.265625 0.270833 0.016667 0.038889
0 0.305729 0.253472 0.019792 0.043056
0 0.310937 0.212500 0.023958 0.044444
0 0.331250 0.213194 0.025000 0.054167
0 0.364063 0.222222 0.028125 0.041667
0 0.382812 0.209028 0.026042 0.037500
0 0.411979 0.209722 0.028125 0.047222
0 0.447396 0.209722 0.028125 0.044444
0 0.482812 0.214583 0.034375 0.051389
0 0.458854 0.251389 0.015625 0.030556
0 0.442708 0.257639 0.022917 0.034722
0 0.412500 0.245139 0.031250 0.045833
0 0.375521 0.247917 0.019792 0.043056
0 0.509896 0.254167 0.021875 0.030556
0 0.601042 0.239583 0.029167 0.048611
0 0.668229 0.236111 0.032292 0.055556
0 0.713021 0.227083 0.032292 0.056944
0 0.794792 0.275694 0.039583 0.048611
0 0.767708 0.307639 0.025000 0.040278
0 0.757812 0.294444 0.036458 0.041667
0 0.738021 0.276389 0.042708 0.033333
0 0.719271 0.321528 0.026042 0.051389
0 0.706771 0.309028 0.034375 0.054167
0 0.495312 0.284722 0.036458 0.033333
0 0.452604 0.290278 0.021875 0.030556
0 0.257292 0.308333 0.060417 0.097222
0 0.983854 0.393056 0.021875 0.066667
