0 0.322464 0.476562 0.089372 0.140625
0 0.095411 0.437500 0.031401 0.050000
0 0.225845 0.407813 0.036232 0.056250
0 0.248792 0.403906 0.038647 0.060937
0 0.307971 0.399219 0.031401 0.051562
0 0.355072 0.399219 0.038647 0.060937
0 0.398551 0.400000 0.033816 0.059375
0 0.448068 0.400781 0.041063 0.064062
0 0.497585 0.427344 0.067633 0.107813
0 0.724638 0.393750 0.033816 0.056250
0 0.821256 0.384375 0.033816 0.053125
0 0.952899 0.420312 0.065217 0.103125
0 0.057971 0.446875 0.048309 0.062500
0 0.039855 0.412500 0.036232 0.021875
0 0.382850 0.478906 0.103865 0.135937
0 0.785024 0.479687 0.115942 0.115625
0 1.187198 0.468750 0.074879 0.084375
0 1.339372 0.475000 0.084541 0.115625
0 1.456522 0.464062 0.057971 0.093750
0 1.512077 0.460156 0.048309 0.089063
0 1.518116 0.400781 0.041063 0.051562
0 1.471014 0.395313 0.062802 0.043750
0 1.134058 0.407031 0.031401 0.039062
0 1.218599 0.395313 0.050725 0.050000
0 1.257246 0.436719 0.050725 0.039062
0 1.274155 0.399219 0.060386 0.042188
0 0.845411 0.425000 0.062802 0.065625
0 0.885266 0.410938 0.045894 0.043750
0 0.897343 0.390625 0.041063 0.034375
0 1.059179 0.392188 0.041063 0.046875
