0 1.363095 0.510156 0.173810 0.279687
0 1.175000 0.501563 0.164286 0.262500
0 1.035714 0.511719 0.138095 0.223438
0 0.908333 0.503906 0.130952 0.214062
0 0.794048 0.505469 0.126190 0.204687
0 0.698810 0.498437 0.121429 0.196875
0 0.608333 0.497656 0.111905 0.182812
0 0.514286 0.499219 0.104762 0.173437
0 0.433333 0.501563 0.095238 0.156250
0 0.360714 0.494531 0.097619 0.157812
0 0.303571 0.492969 0.097619 0.157812
0 0.245238 0.495312 0.090476 0.146875
0 0.208333 0.496875 0.078571 0.131250
0 0.161905 0.490625 0.090476 0.143750
0 0.108333 0.496875 0.078571 0.131250
0 1.117857 0.446094 0.078571 0.067187
0 1.020238 0.433594 0.030952 0.029687
0 0.952381 0.450781 0.061905 0.067187
0 0.858333 0.446094 0.054762 0.051562
0 0.660714 0.460156 0.040476 0.067187
0 0.736905 0.452344 0.045238 0.057813
0 0.558333 0.456250 0.050000 0.059375
0 0.502381 0.439063 0.033333 0.021875
0 0.905952 0.303125 0.135714 0.109375
