0 0.473366 0.221774 0.196126 0.324194
0 0.118644 0.258065 0.135593 0.222581
0 0.245763 0.189516 0.128329 0.211290
0 0.945521 0.158065 0.099274 0.161290
0 0.881356 0.170968 0.111380 0.180645
0 1.077482 0.162097 0.106538 0.175806
0 1.145278 0.162097 0.101695 0.169355
0 1.204600 0.165323 0.113801 0.185484
0 1.004843 0.150000 0.092010 0.151613
0 0.818402 0.143548 0.106538 0.174194
0 0.102906 0.213710 0.152542 0.246774
0 1.036320 0.150806 0.092010 0.153226
0 0.328087 0.349194 0.210654 0.201613
0 0.571429 0.423387 0.426150 0.237097
0 0.990315 0.482258 0.382567 0.267742
0 1.243341 0.329839 0.273608 0.204839
0 1.369249 0.262903 0.230024 0.170968
0 1.107748 0.237097 0.138015 0.129032
0 0.889831 0.237903 0.152542 0.114516
0 0.857143 0.299194 0.358354 0.175806
0 0.744552 0.218548 0.138015 0.117742
0 0.663438 0.187903 0.096852 0.075806
0 1.307506 0.130645 0.058111 0.058065
0 1.197337 0.075000 0.055690 0.033871
0 1.128329 0.080645 0.048426 0.048387
0 0.868039 0.088710 0.055690 0.058065
