0 0.028906 0.502604 0.057813 0.196875
0 0.089063 0.515104 0.065625 0.213542
0 0.155469 0.516146 0.067187 0.219792
0 0.225391 0.569792 0.099219 0.322917
0 0.244922 0.541146 0.078906 0.257292
0 0.294922 0.543750 0.075781 0.250000
0 0.346875 0.528125 0.075000 0.245833
0 0.386328 0.548438 0.085156 0.276042
0 0.442188 0.584896 0.110937 0.361458
0 0.544531 0.536979 0.098437 0.319792
0 0.514062 0.539062 0.081250 0.265625
0 0.622656 0.526042 0.075000 0.245833
0 0.701562 0.573958 0.126562 0.412500
0 0.765625 0.550521 0.093750 0.305208
0 0.788281 0.532292 0.082812 0.270833
0 0.863672 0.519271 0.086719 0.282292
0 0.960938 0.528125 0.078125 0.287500
0 0.737891 0.544271 0.092969 0.303125
0 0.670312 0.428125 0.035937 0.052083
0 0.480859 0.428646 0.022656 0.036458
0 0.489844 0.405208 0.021875 0.037500
0 0.575781 0.413542 0.025000 0.045833
0 0.391797 0.423958 0.019531 0.043750
0 0.407031 0.420833 0.018750 0.047917
0 0.176953 0.430208 0.028906 0.037500
