0 0.172381 0.341246 0.142857 0.551929
0 0.305714 0.354599 0.139048 0.537092
0 0.362857 0.336795 0.150476 0.572700
0 0.371429 0.366469 0.140952 0.537092
0 0.470476 0.330861 0.160000 0.608309
0 0.104762 0.341246 0.045714 0.183976
0 0.074286 0.350148 0.045714 0.178042
0 0.701905 0.534125 0.055238 0.213650
0 0.655238 0.544510 0.045714 0.181009
0 0.754286 0.535608 0.053333 0.204748
0 0.723810 0.544510 0.049524 0.192878
0 0.827619 0.560831 0.036190 0.136499
0 0.804762 0.540059 0.047619 0.189911
0 0.909524 0.537092 0.059048 0.231454
0 0.879048 0.537092 0.043810 0.172107
0 0.943810 0.535608 0.055238 0.216617
0 0.979048 0.534125 0.041905 0.160237
0 0.711429 0.224036 0.116190 0.175074
0 0.863810 0.117211 0.104762 0.198813
0 0.870476 0.219585 0.125714 0.166172
0 0.939048 0.219585 0.064762 0.160237
0 0.059048 0.081602 0.114286 0.151335
0 0.214286 0.089021 0.184762 0.178042
0 0.469524 0.066766 0.318095 0.133531
0 0.560000 0.255193 0.137143 0.201780
0 0.244762 0.272997 0.078095 0.172107
0 0.040952 0.275964 0.074286 0.154303
0 0.137143 0.271513 0.049524 0.109792
0 0.734286 0.059347 0.177143 0.112760
0 0.930476 0.051929 0.108571 0.097923
0 0.959048 0.195846 0.059048 0.124629
0 0.778095 0.216617 0.112381 0.160237
0 0.664762 0.195846 0.045714 0.112760
0 0.695238 0.366469 0.091429 0.068249
0 0.811429 0.379822 0.110476 0.094955
0 0.953333 0.387240 0.078095 0.103858
