0 0.303303 0.318182 0.306306 0.454545
0 0.205706 0.305455 0.261261 0.392727
0 0.406907 0.310909 0.267267 0.396364
0 0.594595 0.318182 0.264264 0.392727
0 0.495495 0.306364 0.234234 0.350909
0 0.692192 0.314545 0.225225 0.338182
0 0.804805 0.321818 0.264264 0.396364
0 0.900901 0.309091 0.246246 0.367273
0 1.028529 0.330909 0.261261 0.392727
0 1.148649 0.342727 0.327327 0.481818
0 1.367868 0.348182 0.321321 0.474545
0 1.563063 0.323636 0.177177 0.367273
0 1.427928 0.340909 0.285285 0.420000
0 1.274775 0.317273 0.249249 0.369091
