0 0.048333 0.253000 0.096667 0.182000
0 0.211667 0.293000 0.123333 0.186000
0 0.271667 0.306000 0.123333 0.180000
0 0.331667 0.320000 0.136667 0.200000
0 0.396667 0.342000 0.140000 0.204000
0 0.628333 0.392000 0.156667 0.228000
0 0.710000 0.409000 0.153333 0.226000
0 0.798333 0.426000 0.156667 0.228000
0 0.881667 0.454000 0.170000 0.248000
0 1.341667 0.398000 0.143333 0.208000
0 1.443333 0.404000 0.160000 0.236000
0 1.543333 0.421000 0.153333 0.230000
0 1.615000 0.441000 0.103333 0.242000
0 1.063333 0.340000 0.126667 0.192000
0 0.970000 0.337000 0.113333 0.166000
0 0.555000 0.259000 0.090000 0.138000
0 0.503333 0.235000 0.113333 0.166000
0 0.455000 0.224000 0.110000 0.168000
0 0.431667 0.219000 0.103333 0.150000
