0 0.135254 0.154072 0.055664 0.090554
0 0.156738 0.136156 0.049805 0.082085
0 0.130859 0.134528 0.052734 0.086645
0 0.209961 0.340391 0.070312 0.116612
0 0.304199 0.619870 0.149414 0.244300
0 0.237305 0.770684 0.158203 0.259283
0 0.504883 0.625407 0.085938 0.140717
0 0.539551 0.539414 0.133789 0.217590
0 0.456055 0.528990 0.115234 0.188925
0 0.604004 0.493811 0.122070 0.198046
0 0.711914 0.527036 0.134766 0.218893
0 0.850098 0.544625 0.106445 0.174593
0 0.869629 0.736808 0.122070 0.200651
0 0.310547 0.455049 0.101562 0.167427
0 0.333008 0.444625 0.091797 0.150489
0 0.166016 0.380782 0.076172 0.125733
0 0.119629 0.570358 0.124023 0.201303
0 0.053223 0.583388 0.106445 0.211726
0 0.922363 0.386971 0.104492 0.170684
0 0.677734 0.439414 0.121094 0.197394
0 0.773438 0.439414 0.115234 0.189577
0 0.721680 0.643322 0.070312 0.115309
0 0.499023 0.445277 0.091797 0.151792
0 0.812500 0.405863 0.115234 0.187622
0 0.961914 0.434853 0.076172 0.153094
0 0.949219 0.516612 0.101562 0.194137
0 0.117676 0.895114 0.233398 0.201954
0 0.409180 0.922801 0.183594 0.146580
0 0.832031 0.919544 0.259766 0.143974
0 0.873047 0.580782 0.097656 0.098371
0 0.568359 0.392182 0.068359 0.071661
0 0.435059 0.384691 0.065430 0.031922
