0 0.285833 0.588750 0.105000 0.392500
0 0.378333 0.445000 0.043333 0.160000
0 0.534167 0.418750 0.035000 0.137500
0 0.665000 0.391250 0.033333 0.122500
0 0.825000 0.383750 0.023333 0.087500
0 0.978333 0.416250 0.043333 0.197500
0 0.050000 0.386250 0.046667 0.177500
0 0.415000 0.373750 0.030000 0.117500
0 0.432500 0.367500 0.031667 0.115000
0 0.453333 0.370000 0.036667 0.135000
0 0.496667 0.370000 0.033333 0.125000
0 0.528333 0.367500 0.026667 0.105000
0 0.543333 0.361250 0.030000 0.112500
0 0.560833 0.366250 0.028333 0.107500
0 0.583333 0.365000 0.030000 0.115000
0 0.595000 0.367500 0.026667 0.100000
0 0.624167 0.365000 0.031667 0.115000
0 0.717500 0.162500 0.018333 0.070000
0 0.702500 0.147500 0.018333 0.065000
0 0.078333 0.047500 0.023333 0.090000
0 0.810833 0.132500 0.018333 0.075000
0 0.797500 0.360000 0.025000 0.090000
0 0.110833 0.101250 0.031667 0.067500
0 0.134167 0.115000 0.048333 0.065000
0 0.276667 0.088750 0.020000 0.072500
0 0.306667 0.103750 0.023333 0.052500
0 0.319167 0.101250 0.021667 0.052500
0 0.335000 0.102500 0.023333 0.055000
0 0.372500 0.166250 0.025000 0.082500
0 0.075000 0.398750 0.040000 0.092500
0 0.016667 0.165000 0.030000 0.090000
0 0.416667 0.188750 0.033333 0.057500
0 0.445000 0.187500 0.033333 0.055000
0 0.472500 0.131250 0.051667 0.072500
0 0.413333 0.112500 0.033333 0.050000
0 0.395000 0.156250 0.020000 0.082500
