0 0.460938 0.573611 0.081250 0.358333
0 0.654687 0.575000 0.071875 0.311111
0 0.758594 0.729167 0.120313 0.525000
0 0.818750 0.729167 0.118750 0.519444
0 0.950781 0.641667 0.098437 0.483333
0 0.917969 0.590278 0.079687 0.352778
0 0.549219 0.516667 0.039062 0.177778
0 0.568750 0.523611 0.040625 0.175000
0 0.200000 0.431944 0.056250 0.252778
0 0.156250 0.423611 0.056250 0.252778
0 0.525781 0.519444 0.035937 0.155556
0 0.350781 0.679167 0.120313 0.525000
0 0.028906 0.426389 0.057813 0.130556
0 0.085938 0.441667 0.056250 0.111111
0 0.830469 0.430556 0.032813 0.061111
0 0.504687 0.473611 0.056250 0.113889
0 0.425000 0.445833 0.043750 0.091667
