0 0.048872 0.243750 0.097744 0.162500
0 0.133459 0.233750 0.086466 0.142500
0 0.218045 0.240000 0.090226 0.155000
0 0.310150 0.231250 0.086466 0.147500
0 0.396617 0.242500 0.071429 0.125000
0 0.498120 0.407500 0.289474 0.475000
0 0.541353 0.350000 0.278195 0.455000
0 0.646617 0.385000 0.157895 0.265000
0 0.695489 0.375000 0.150376 0.250000
0 0.892857 0.328750 0.379699 0.622500
0 1.336466 0.353750 0.296992 0.482500
0 1.073308 0.366250 0.184211 0.297500
0 1.221805 0.337500 0.180451 0.295000
0 1.430451 0.321250 0.146617 0.342500
