0 0.257500 0.527692 0.251667 0.566154
0 0.029167 0.376154 0.045000 0.106154
0 0.341667 0.540000 0.260000 0.587692
0 0.430000 0.529231 0.266667 0.600000
0 0.530833 0.523077 0.265000 0.596923
0 0.596667 0.513077 0.256667 0.583077
0 0.691667 0.523846 0.253333 0.573846
0 0.774167 0.523846 0.258333 0.586154
0 0.927500 0.331538 0.065000 0.146154
0 0.979167 0.343846 0.041667 0.106154
0 0.262500 0.697692 0.111667 0.361538
0 0.348333 0.713846 0.096667 0.344615
0 0.456667 0.687692 0.093333 0.387692
0 0.535000 0.679231 0.093333 0.420000
0 0.637500 0.681538 0.058333 0.387692
0 0.804167 0.699231 0.145000 0.401538
