0 0.186875 0.828330 0.058750 0.219512
0 0.226875 0.757036 0.051250 0.193246
0 0.297500 0.745779 0.050000 0.185741
0 0.272500 0.743902 0.037500 0.144465
0 0.349375 0.771107 0.041250 0.153846
0 0.383125 0.820826 0.056250 0.212008
0 0.468125 0.755159 0.036250 0.133208
0 0.412500 0.724203 0.030000 0.112570
0 0.436250 0.728893 0.027500 0.106942
0 0.448125 0.725141 0.031250 0.118199
0 0.495625 0.829268 0.056250 0.210131
0 0.528125 0.835835 0.048750 0.178236
0 0.603750 0.739212 0.040000 0.150094
0 0.642500 0.802064 0.045000 0.166979
0 0.673125 0.726079 0.031250 0.116323
0 0.730000 0.776735 0.042500 0.161351
0 0.757500 0.807692 0.052500 0.193246
0 0.785000 0.804878 0.047500 0.176360
0 0.828750 0.798311 0.047500 0.178236
0 0.476875 0.727017 0.033750 0.129456
