0 0.038043 0.587617 0.076087 0.343458
0 0.149845 0.665888 0.128882 0.476636
0 0.167702 0.543224 0.074534 0.278037
0 0.222050 0.591121 0.043478 0.168224
0 0.207298 0.500000 0.035714 0.130841
0 0.299689 0.704439 0.161491 0.591121
0 0.520186 0.686916 0.161491 0.593458
0 0.434783 0.603972 0.105590 0.394860
0 0.353261 0.509346 0.057453 0.210280
0 0.388975 0.474299 0.041925 0.158879
0 0.541925 0.528037 0.111801 0.411215
0 0.651398 0.650701 0.131988 0.483645
0 0.708075 0.532710 0.074534 0.280374
0 0.778727 0.615654 0.125776 0.464953
0 0.836180 0.577103 0.100932 0.373832
0 0.906832 0.543224 0.096273 0.352804
0 0.968168 0.531542 0.063665 0.287383
0 0.934006 0.480140 0.051242 0.189252
0 0.798137 0.461449 0.046584 0.175234
0 0.732919 0.450935 0.031056 0.116822
0 0.572981 0.475467 0.052795 0.193925
0 0.588509 0.477804 0.034161 0.133178
0 0.075311 0.494159 0.051242 0.193925
0 0.106366 0.546729 0.079193 0.299065
