0 0.064844 0.463700 0.107813 0.201405
0 0.104688 0.476581 0.112500 0.208431
0 0.196875 0.450820 0.118750 0.217799
0 0.231250 0.456674 0.106250 0.196721
0 0.314063 0.454333 0.100000 0.185012
0 0.378125 0.436768 0.090625 0.168618
0 0.445312 0.435012 0.096875 0.176815
0 0.549219 0.440281 0.098437 0.182670
0 0.511719 0.443794 0.092188 0.168618
0 0.603906 0.448478 0.085938 0.161593
0 0.645312 0.440867 0.093750 0.174473
0 0.703125 0.446721 0.100000 0.183841
0 0.774219 0.450234 0.098437 0.183841
0 0.845313 0.457260 0.093750 0.174473
0 0.895312 0.455504 0.096875 0.180328
0 0.950781 0.463115 0.110937 0.202576
0 1.017187 0.478337 0.125000 0.230679
0 1.064062 0.488290 0.128125 0.234192
0 1.115625 0.483021 0.134375 0.244731
0 1.171875 0.494731 0.137500 0.254098
0 1.232813 0.491218 0.140625 0.258782
0 1.278906 0.487705 0.110937 0.254098
0 1.064844 0.329625 0.107813 0.200234
0 1.003906 0.341920 0.098437 0.180328
0 0.443750 0.316745 0.090625 0.167447
0 0.235937 0.583138 0.165625 0.278689
0 0.397656 0.604215 0.185938 0.269321
0 0.750000 0.583138 0.196875 0.288056
0 0.910156 0.627635 0.257812 0.236534
0 0.906250 0.261124 0.062500 0.049180
0 0.808594 0.255855 0.035937 0.036300
0 0.659375 0.256440 0.046875 0.025761
0 0.526563 0.252342 0.040625 0.031616
