0 0.089375 0.607880 0.096250 0.352720
0 0.148750 0.787054 0.110000 0.407129
0 0.275000 0.816135 0.097500 0.363977
0 0.232500 0.806754 0.102500 0.375235
0 0.366875 0.823640 0.093750 0.341463
0 0.449375 0.833021 0.088750 0.330206
0 0.520625 0.830206 0.088750 0.324578
0 0.598125 0.833021 0.086250 0.318949
0 0.672500 0.832083 0.085000 0.313321
0 0.876875 0.782364 0.098750 0.367730
0 0.805625 0.794559 0.101250 0.369606
0 0.741250 0.780488 0.105000 0.382739
0 0.620000 0.780488 0.102500 0.375235
0 0.555625 0.780488 0.101250 0.375235
0 0.495000 0.784240 0.102500 0.378987
0 0.438125 0.787992 0.101250 0.375235
0 0.372500 0.790807 0.102500 0.380863
0 0.297500 0.788931 0.107500 0.392120
0 0.931875 0.676360 0.098750 0.362101
0 0.688125 0.781426 0.096250 0.354597
0 0.211875 0.696060 0.106250 0.393996
0 0.331875 0.684803 0.091250 0.337711
0 0.398125 0.669794 0.081250 0.300188
0 0.883750 0.605066 0.090000 0.328330
0 0.853750 0.680113 0.090000 0.328330
0 0.792500 0.692308 0.092500 0.341463
0 0.761875 0.581614 0.073750 0.273921
0 0.153125 0.480300 0.066250 0.105066
0 0.151875 0.555347 0.073750 0.127580
0 0.283750 0.566604 0.072500 0.127580
0 0.259375 0.487805 0.063750 0.105066
0 0.318125 0.500000 0.056250 0.114447
0 0.373125 0.506567 0.048750 0.105066
0 0.434375 0.503752 0.051250 0.084428
0 0.482500 0.520638 0.047500 0.114447
0 0.455625 0.582552 0.053750 0.114447
0 0.510000 0.594747 0.050000 0.097561
0 0.575000 0.579737 0.050000 0.112570
0 0.626875 0.584428 0.043750 0.103189
0 0.678125 0.585366 0.053750 0.105066
0 0.732500 0.582552 0.060000 0.114447
0 0.707500 0.498124 0.060000 0.099437
0 0.818750 0.512195 0.060000 0.105066
0 0.602500 0.500938 0.062500 0.082552
0 0.654375 0.499062 0.053750 0.071295
0 0.541875 0.503752 0.056250 0.084428
