0 0.877000 0.616667 0.126000 0.469697
0 0.767000 0.615152 0.118000 0.436364
0 0.659000 0.615152 0.114000 0.424242
0 0.526000 0.592424 0.124000 0.457576
0 0.395000 0.627273 0.102000 0.387879
0 0.298000 0.616667 0.108000 0.396970
0 0.184000 0.624242 0.108000 0.406061
0 0.084000 0.662121 0.092000 0.348485
0 0.104000 0.607576 0.116000 0.427273
0 0.137000 0.606061 0.102000 0.375758
0 0.215000 0.574242 0.106000 0.396970
0 0.825000 0.562121 0.110000 0.415152
0 0.934000 0.440909 0.052000 0.196970
0 0.069000 0.354545 0.018000 0.066667
0 0.464000 0.504545 0.068000 0.257576
0 0.419000 0.428788 0.034000 0.081818
0 0.432000 0.395455 0.044000 0.069697
0 0.360000 0.398485 0.036000 0.063636
0 0.312000 0.422727 0.044000 0.081818
0 0.269000 0.415152 0.038000 0.060606
0 0.166000 0.424242 0.032000 0.078788
0 0.195000 0.363636 0.050000 0.078788
0 0.627000 0.384848 0.026000 0.060606
0 0.713000 0.381818 0.030000 0.066667
0 0.726000 0.409091 0.024000 0.072727
0 0.794000 0.396970 0.032000 0.066667
0 0.671000 0.377273 0.038000 0.063636
0 0.597000 0.375758 0.038000 0.060606
0 0.505000 0.359091 0.026000 0.051515
0 0.098000 0.328788 0.036000 0.045455
