0 0.096667 0.366250 0.126667 0.232500
0 0.236667 0.377500 0.140000 0.260000
0 0.311667 0.357500 0.103333 0.195000
0 0.400000 0.368750 0.120000 0.222500
0 0.466667 0.383750 0.166667 0.302500
0 0.591667 0.356250 0.103333 0.197500
0 0.656667 0.378750 0.153333 0.282500
0 0.720000 0.333750 0.080000 0.152500
0 0.775000 0.356250 0.123333 0.227500
0 0.845000 0.396250 0.230000 0.422500
0 1.050000 0.390000 0.186667 0.350000
0 0.938333 0.351250 0.116667 0.212500
0 1.126667 0.356250 0.153333 0.282500
0 1.250000 0.342500 0.126667 0.235000
