0 0.059701 0.471818 0.119403 0.180000
0 0.120896 0.469091 0.104478 0.156364
0 0.207463 0.456364 0.110448 0.167273
0 0.294030 0.475455 0.116418 0.172727
0 0.246269 0.468182 0.098507 0.150909
0 0.335821 0.463636 0.110448 0.163636
0 0.395522 0.469091 0.116418 0.174545
0 0.417910 0.461818 0.113433 0.170909
0 0.485075 0.467273 0.134328 0.200000
0 0.600000 0.470909 0.113433 0.174545
0 0.556716 0.463636 0.116418 0.174545
0 0.644776 0.466364 0.119403 0.180000
0 0.680597 0.460909 0.101493 0.154545
0 0.749254 0.484545 0.119403 0.180000
0 0.702985 0.457273 0.104478 0.161818
0 0.786567 0.463636 0.122388 0.185455
0 0.873134 0.468182 0.128358 0.194545
0 0.840299 0.462727 0.110448 0.169091
0 0.908955 0.468182 0.128358 0.190909
0 0.946269 0.450000 0.101493 0.154545
0 0.992537 0.470909 0.122388 0.181818
0 1.022388 0.472727 0.128358 0.192727
0 1.073134 0.466364 0.122388 0.187273
0 1.137313 0.476364 0.137313 0.210909
0 1.234328 0.472727 0.128358 0.189091
0 1.289552 0.470909 0.125373 0.185455
0 1.343284 0.457273 0.119403 0.180000
0 1.431343 0.477273 0.128358 0.190909
0 1.479104 0.461818 0.110448 0.170909
0 1.549254 0.450909 0.107463 0.160000
0 1.580597 0.467273 0.122388 0.185455
0 1.211940 0.455455 0.095522 0.143636
0 1.177612 0.454545 0.098507 0.145455
0 0.098507 0.341818 0.047761 0.036364
0 0.159701 0.342727 0.032836 0.027273
0 0.211940 0.310000 0.035821 0.056364
0 0.240299 0.312727 0.032836 0.047273
0 0.308955 0.297273 0.044776 0.041818
0 0.301493 0.342727 0.059701 0.030909
0 1.138806 0.331818 0.056716 0.038182
0 1.059701 0.337273 0.047761 0.034545
0 1.395522 0.386364 0.026866 0.027273
0 0.265672 0.389091 0.029851 0.025455
0 1.567164 0.355455 0.143284 0.147273
