0 0.574490 0.612821 0.087755 0.276923
0 0.683673 0.630769 0.102041 0.317949
0 0.415306 0.716667 0.177551 0.546154
0 0.482653 0.602564 0.112245 0.343590
0 0.377551 0.529487 0.073469 0.233333
0 0.321429 0.525641 0.071429 0.220513
0 0.220408 0.667949 0.155102 0.484615
0 0.141837 0.653846 0.136735 0.420513
0 0.824490 0.673077 0.138776 0.428205
0 0.882653 0.644872 0.128571 0.392308
0 0.938776 0.624359 0.122449 0.376923
0 0.259184 0.553846 0.081633 0.251282
0 0.659184 0.407692 0.016327 0.051282
0 0.641837 0.406410 0.014286 0.048718
0 0.703061 0.398718 0.018367 0.053846
0 0.738776 0.394872 0.012245 0.046154
0 0.754082 0.402564 0.014286 0.046154
0 0.767347 0.444872 0.024490 0.074359
0 0.040816 0.471795 0.069388 0.112821
0 0.053061 0.665385 0.106122 0.289744
0 0.571429 0.879487 0.142857 0.235897
0 0.810204 0.450000 0.028571 0.089744
0 0.971429 0.569231 0.048980 0.189744
