0 0.136111 0.525000 0.127778 0.233333
0 0.187500 0.532292 0.130556 0.239583
0 0.231944 0.517708 0.130556 0.239583
0 0.276389 0.531250 0.130556 0.245833
0 0.336111 0.527083 0.127778 0.237500
0 0.393056 0.533333 0.130556 0.245833
0 0.437500 0.527083 0.125000 0.229167
0 0.479167 0.531250 0.130556 0.245833
0 0.523611 0.513542 0.125000 0.231250
0 0.566667 0.529167 0.127778 0.241667
0 0.612500 0.513542 0.130556 0.243750
0 0.661111 0.532292 0.144444 0.264583
0 0.702778 0.516667 0.127778 0.241667
0 0.734722 0.537500 0.125000 0.233333
0 0.798611 0.538542 0.125000 0.231250
0 0.872222 0.543750 0.116667 0.212500
0 0.833333 0.527083 0.127778 0.237500
0 0.930556 0.543750 0.122222 0.229167
0 0.981944 0.531250 0.130556 0.245833
0 1.016667 0.537500 0.127778 0.241667
0 1.109722 0.546875 0.125000 0.227083
0 1.056944 0.530208 0.130556 0.239583
0 1.165278 0.530208 0.130556 0.239583
0 0.758333 0.414583 0.044444 0.058333
0 0.894444 0.427083 0.061111 0.058333
