0 0.136531 0.435000 0.118081 0.195000
0 0.350554 0.451250 0.110701 0.192500
0 0.245387 0.373750 0.107011 0.177500
0 0.177122 0.386250 0.103321 0.172500
0 0.285978 0.381250 0.099631 0.162500
0 0.562731 0.390000 0.158672 0.265000
0 0.695572 0.423750 0.129151 0.212500
0 0.651292 0.381250 0.114391 0.187500
0 0.988930 0.451250 0.110701 0.187500
0 1.354244 0.445000 0.125461 0.210000
0 1.274908 0.396250 0.114391 0.187500
0 1.370849 0.398750 0.114391 0.187500
0 0.315498 0.376250 0.099631 0.162500
0 0.391144 0.386250 0.081181 0.142500
0 0.442804 0.381250 0.095941 0.157500
0 0.476015 0.383750 0.088561 0.152500
0 0.725092 0.376250 0.077491 0.127500
0 0.767528 0.381250 0.081181 0.132500
0 0.811808 0.376250 0.081181 0.132500
0 0.850554 0.378750 0.070111 0.122500
0 0.878229 0.381250 0.066421 0.117500
0 0.905904 0.385000 0.055351 0.095000
0 0.937269 0.385000 0.059041 0.100000
0 1.031365 0.377500 0.062731 0.110000
0 1.075646 0.381250 0.062731 0.102500
0 1.088561 0.383750 0.051661 0.092500
0 1.114391 0.383750 0.051661 0.087500
0 1.129151 0.382500 0.051661 0.085000
0 1.145756 0.383750 0.047970 0.087500
0 0.051661 0.407500 0.073801 0.125000
0 0.025830 0.407500 0.051661 0.125000
0 0.023985 0.312500 0.047970 0.040000
0 0.068266 0.306250 0.055351 0.037500
0 0.134686 0.306250 0.047970 0.037500
0 0.173432 0.282500 0.051661 0.030000
0 0.354244 0.318750 0.029520 0.047500
0 0.405904 0.311250 0.044280 0.032500
0 0.464945 0.307500 0.044280 0.030000
0 0.739852 0.320000 0.033210 0.030000
0 0.996310 0.327500 0.036900 0.030000
0 1.206642 0.368750 0.118081 0.077500
0 1.418819 0.371250 0.099631 0.067500
