0 0.058282 0.238889 0.116564 0.237778
0 0.134969 0.226111 0.196319 0.261111
0 0.415133 0.420556 0.171779 0.227778
0 0.600204 0.418333 0.182004 0.241111
0 0.947853 0.430556 0.161554 0.216667
0 1.293456 0.301667 0.202454 0.272222
0 1.210634 0.290000 0.212679 0.284444
0 1.087935 0.313333 0.175869 0.233333
0 1.554192 0.297222 0.233129 0.310000
0 1.430470 0.280556 0.239264 0.318889
0 1.686094 0.358333 0.251534 0.336667
0 1.743354 0.355556 0.194274 0.362222
0 0.250511 0.253333 0.173824 0.231111
0 0.671779 0.277222 0.190184 0.254444
0 0.876278 0.280556 0.149284 0.201111
0 0.455010 0.262222 0.169734 0.226667
0 0.037832 0.061111 0.067485 0.068889
0 0.051125 0.020000 0.061350 0.037778
0 0.184049 0.046111 0.081800 0.078889
0 0.174847 0.109444 0.063395 0.045556
0 0.241309 0.086667 0.061350 0.060000
0 0.317996 0.093889 0.083845 0.067778
0 0.292434 0.162222 0.098160 0.060000
0 0.333333 0.046111 0.065440 0.038889
0 0.397751 0.030556 0.067485 0.054444
0 0.505112 0.082778 0.073620 0.063333
0 0.607362 0.105556 0.102249 0.046667
0 0.571575 0.150556 0.059305 0.056667
0 0.551125 0.200000 0.104294 0.066667
0 0.786299 0.036667 0.083845 0.066667
0 0.852761 0.053333 0.081800 0.066667
0 0.974438 0.027778 0.079755 0.053333
0 1.018405 0.071667 0.081800 0.052222
0 1.204499 0.022222 0.098160 0.044444
0 1.398773 0.071667 0.102249 0.074444
0 1.282209 0.086111 0.110429 0.050000
0 1.032720 0.126111 0.114519 0.047778
0 1.081800 0.171111 0.118609 0.055556
0 0.898773 0.123333 0.124744 0.068889
0 1.615542 0.127222 0.102249 0.076667
0 1.702454 0.109444 0.087935 0.076667
