0 0.044928 0.746725 0.069565 0.262009
0 0.019565 0.739083 0.039130 0.242358
0 0.120290 0.731441 0.069565 0.257642
0 0.068841 0.661572 0.030435 0.113537
0 0.168841 0.676856 0.036232 0.139738
0 0.208696 0.671397 0.031884 0.124454
0 0.152174 0.638646 0.017391 0.072052
0 0.231159 0.640830 0.021739 0.085153
0 0.253623 0.721616 0.063768 0.237991
0 0.352899 0.651747 0.027536 0.106987
0 0.332609 0.638646 0.021739 0.085153
0 0.302174 0.641921 0.021739 0.078603
0 0.289130 0.636463 0.021739 0.080786
0 0.266667 0.631004 0.017391 0.069869
0 0.369565 0.636463 0.017391 0.067686
0 0.361594 0.624454 0.015942 0.056769
0 0.384058 0.643013 0.023188 0.085153
0 0.397826 0.646288 0.018841 0.074236
0 0.415942 0.661572 0.028986 0.104803
0 0.451449 0.667031 0.033333 0.128821
0 0.430435 0.651747 0.028986 0.106987
0 0.460145 0.652838 0.030435 0.117904
0 0.473913 0.647380 0.023188 0.089520
0 0.494928 0.656114 0.024638 0.098253
0 0.523913 0.652838 0.021739 0.087336
0 0.592754 0.655022 0.023188 0.091703
0 0.637681 0.638646 0.017391 0.072052
0 0.623188 0.635371 0.020290 0.078603
0 0.671014 0.653930 0.026087 0.098253
0 0.713043 0.657205 0.026087 0.096070
0 0.727536 0.645197 0.023188 0.089520
0 0.751449 0.653930 0.018841 0.076419
0 0.815217 0.746725 0.088406 0.327511
0 0.893478 0.705240 0.068116 0.253275
0 0.873188 0.745633 0.062319 0.229258
0 0.944928 0.740175 0.034783 0.135371
0 0.976812 0.670306 0.037681 0.144105
0 0.105797 0.711790 0.057971 0.213974
0 0.294928 0.838428 0.079710 0.253275
0 0.378261 0.838428 0.055072 0.240175
0 0.436957 0.799127 0.071014 0.222707
0 0.495652 0.795852 0.057971 0.203057
0 0.561594 0.841703 0.085507 0.290393
0 0.650000 0.852620 0.079710 0.272926
0 0.724638 0.759825 0.049275 0.135371
0 0.771739 0.812227 0.053623 0.244541
0 0.808696 0.808952 0.046377 0.155022
0 0.767391 0.650655 0.039130 0.078603
0 0.826812 0.625546 0.024638 0.067686
0 0.852174 0.611354 0.037681 0.039301
0 0.872464 0.665939 0.028986 0.065502
0 0.866667 0.736900 0.028986 0.076419
0 0.949275 0.616812 0.095652 0.045852
