0 1.186186 0.471000 0.162162 0.266000
0 1.373874 0.430000 0.123123 0.200000
0 1.421922 0.502000 0.099099 0.164000
0 1.438438 0.523000 0.126126 0.270000
0 1.057057 0.461000 0.144144 0.234000
0 0.926426 0.447000 0.135135 0.218000
0 0.842342 0.509000 0.159159 0.266000
0 0.710210 0.490000 0.153153 0.248000
0 0.681682 0.413000 0.102102 0.166000
0 0.603604 0.411000 0.090090 0.150000
0 0.564565 0.402000 0.096096 0.156000
0 0.492492 0.434000 0.108108 0.176000
0 0.393393 0.476000 0.102102 0.164000
0 0.288288 0.446000 0.114114 0.188000
0 0.081081 0.461000 0.120120 0.202000
0 0.914414 0.339000 0.039039 0.062000
0 0.981982 0.344000 0.048048 0.048000
0 0.783784 0.380000 0.054054 0.084000
0 0.792793 0.333000 0.054054 0.038000
0 0.696697 0.306000 0.054054 0.040000
0 0.671171 0.346000 0.057057 0.036000
0 0.540541 0.318000 0.042042 0.056000
0 0.481982 0.335000 0.039039 0.030000
0 0.436937 0.388000 0.051051 0.076000
0 0.399399 0.373000 0.060060 0.062000
0 0.349850 0.329000 0.033033 0.050000
0 0.354354 0.369000 0.054054 0.042000
0 0.199700 0.381000 0.087087 0.054000
0 0.204204 0.487000 0.114114 0.174000
0 0.060060 0.356000 0.054054 0.060000
0 0.097598 0.337000 0.045045 0.046000
0 0.138138 0.348000 0.042042 0.048000
0 0.186186 0.333000 0.030030 0.038000
0 0.211712 0.339000 0.045045 0.046000
0 0.253754 0.322000 0.039039 0.028000
0 0.061562 0.316000 0.027027 0.032000
0 0.093093 0.305000 0.036036 0.030000
0 0.382883 0.313000 0.039039 0.026000
0 0.378378 0.333000 0.036036 0.038000
0 0.414414 0.335000 0.036036 0.026000
0 0.429429 0.312000 0.030030 0.032000
0 0.043544 0.449000 0.075075 0.118000
