0 0.030374 0.292982 0.060748 0.171930
0 0.058411 0.286842 0.093458 0.170175
0 0.106308 0.282456 0.086449 0.164912
0 0.167056 0.286842 0.077103 0.145614
0 0.209112 0.276316 0.077103 0.145614
0 0.264019 0.273684 0.070093 0.129825
0 0.313084 0.271930 0.065421 0.122807
0 0.295561 0.259649 0.058411 0.112281
0 0.346963 0.269298 0.063084 0.114035
0 0.365654 0.264035 0.063084 0.114035
0 0.453271 0.292982 0.182243 0.336842
0 0.870327 0.306140 0.170561 0.317544
0 0.564252 0.255263 0.044393 0.085965
0 0.593458 0.252632 0.042056 0.080702
0 0.623832 0.255263 0.042056 0.078947
0 0.640187 0.251754 0.042056 0.082456
0 0.655374 0.248246 0.035047 0.068421
0 0.676402 0.276316 0.044393 0.082456
0 0.675234 0.250877 0.042056 0.080702
0 0.711449 0.253509 0.039720 0.075439
0 0.732477 0.257895 0.035047 0.070175
0 0.759346 0.258772 0.042056 0.075439
0 0.780374 0.257895 0.037383 0.073684
0 0.803738 0.257018 0.037383 0.068421
0 0.974299 0.259649 0.037383 0.073684
0 1.002336 0.261404 0.042056 0.080702
0 1.014019 0.263158 0.042056 0.077193
0 1.031542 0.262281 0.049065 0.089474
0 1.056075 0.265789 0.051402 0.092982
0 1.080607 0.267544 0.039720 0.078947
0 1.105140 0.267544 0.046729 0.089474
0 1.205607 0.328070 0.116822 0.217544
0 1.260514 0.384211 0.142523 0.298246
0 1.140187 0.243860 0.065421 0.059649
0 1.182243 0.242105 0.028037 0.042105
0 1.192757 0.216667 0.025701 0.033333
0 1.246495 0.231579 0.035047 0.042105
0 1.311916 0.239474 0.035047 0.054386
0 0.543224 0.219298 0.025701 0.028070
