0 0.088975 0.406522 0.166344 0.308696
0 0.181818 0.415217 0.189555 0.349275
0 0.419729 0.448551 0.201161 0.372464
0 0.610251 0.453623 0.226306 0.414493
0 0.500000 0.354348 0.094778 0.175362
0 0.782398 0.373913 0.098646 0.179710
0 0.742747 0.406522 0.092843 0.169565
0 0.898453 0.394203 0.133462 0.246377
0 0.962282 0.376812 0.110251 0.205797
0 1.061896 0.415217 0.096712 0.175362
0 1.136364 0.418116 0.133462 0.247826
0 1.216634 0.428261 0.150870 0.276812
0 1.294004 0.455072 0.081238 0.200000
0 0.335590 0.334058 0.067698 0.076812
0 0.556093 0.321739 0.059961 0.086957
0 0.689555 0.294928 0.040619 0.053623
0 0.850097 0.325362 0.044487 0.079710
0 1.003868 0.290580 0.038685 0.047826
0 1.036750 0.311594 0.030948 0.043478
0 1.068665 0.309420 0.044487 0.056522
0 1.281431 0.315217 0.059961 0.039130
0 1.174081 0.305797 0.054159 0.040580
