0 0.130000 0.407778 0.260000 0.513333
0 0.251667 0.444444 0.256667 0.422222
0 0.355000 0.437778 0.263333 0.431111
0 0.475000 0.423333 0.270000 0.442222
0 0.628333 0.403333 0.256667 0.415556
0 0.793333 0.407778 0.240000 0.388889
0 0.950000 0.403333 0.266667 0.433333
0 1.071667 0.421111 0.283333 0.464444
0 1.201667 0.418889 0.270000 0.446667
0 1.305000 0.432222 0.276667 0.455556
0 1.358333 0.406667 0.283333 0.480000
0 1.455000 0.444444 0.090000 0.155556
0 0.365000 0.207778 0.076667 0.064444
0 0.290000 0.222222 0.086667 0.057778
0 0.035000 0.187778 0.063333 0.086667
0 0.546667 0.218889 0.100000 0.077778
0 0.731667 0.223333 0.076667 0.064444
0 0.865000 0.227778 0.096667 0.064444
0 1.103333 0.511111 0.200000 0.293333
0 0.941667 0.501111 0.150000 0.277778
0 0.760000 0.512222 0.206667 0.264444
0 0.595000 0.514444 0.156667 0.277778
0 0.405000 0.506667 0.176667 0.293333
0 0.076667 0.118889 0.060000 0.042222
0 0.306667 0.154444 0.120000 0.051111
0 0.423333 0.163333 0.073333 0.037778
0 0.691667 0.183333 0.050000 0.037778
0 0.826667 0.193333 0.100000 0.044444
