0 0.141333 0.465000 0.282667 0.554000
0 0.233333 0.415000 0.258667 0.474000
0 0.308000 0.383000 0.200000 0.366000
0 0.368000 0.353000 0.160000 0.294000
0 0.528000 0.474000 0.288000 0.528000
0 0.858667 0.465000 0.309333 0.566000
0 1.102667 0.426000 0.226667 0.420000
0 1.208000 0.460000 0.250667 0.564000
0 1.009333 0.387000 0.184000 0.342000
0 0.781333 0.432000 0.229333 0.424000
0 0.745333 0.391000 0.194667 0.362000
0 0.949333 0.357000 0.165333 0.310000
0 0.429333 0.233000 0.042667 0.046000
0 0.677333 0.236000 0.042667 0.036000
