0 0.951000 0.714925 0.098000 0.570149
0 0.248000 0.737313 0.112000 0.411940
0 0.304000 0.705970 0.088000 0.319403
0 0.524000 0.725373 0.096000 0.358209
0 0.681000 0.722388 0.094000 0.340299
0 0.732000 0.679104 0.032000 0.122388
0 0.788000 0.688060 0.040000 0.146269
0 0.857000 0.679104 0.030000 0.116418
0 0.878000 0.661194 0.012000 0.050746
0 0.911000 0.653731 0.014000 0.053731
0 0.069000 0.671642 0.130000 0.167164
0 0.371000 0.664179 0.106000 0.104478
0 0.592000 0.658209 0.096000 0.080597
0 0.760000 0.652239 0.056000 0.050746
0 0.939000 0.655224 0.034000 0.044776
