0 0.039130 0.776873 0.078261 0.394137
0 0.072826 0.664495 0.084783 0.312704
0 0.172826 0.586319 0.063043 0.228013
0 0.211957 0.622150 0.067391 0.247557
0 0.266304 0.671010 0.076087 0.280130
0 0.325000 0.747557 0.102174 0.374593
0 0.422826 0.724756 0.089130 0.335505
0 0.513043 0.659609 0.069565 0.263844
0 0.607609 0.719870 0.084783 0.312704
0 0.616304 0.638436 0.076087 0.280130
0 0.736957 0.718241 0.086957 0.315961
0 0.853261 0.690554 0.080435 0.306189
0 0.971739 0.680782 0.056522 0.312704
0 0.885870 0.586319 0.063043 0.234528
0 0.853261 0.622150 0.071739 0.267101
0 0.765217 0.560261 0.052174 0.188925
0 0.694565 0.571661 0.054348 0.205212
0 0.650000 0.571661 0.052174 0.192182
0 0.533696 0.584691 0.054348 0.205212
0 0.158696 0.530945 0.052174 0.188925
0 0.302174 0.532573 0.047826 0.179153
0 0.361957 0.566775 0.050000 0.188925
0 0.275000 0.508143 0.041304 0.156352
0 0.480435 0.566775 0.065217 0.247557
0 0.802174 0.545603 0.047826 0.172638
0 0.920652 0.547231 0.054348 0.201954
0 0.576087 0.555375 0.052174 0.198697
0 0.680435 0.509772 0.039130 0.153094
0 0.138043 0.522801 0.045652 0.179153
0 0.093478 0.483713 0.043478 0.166124
0 0.109783 0.493485 0.045652 0.172638
0 0.232609 0.488599 0.043478 0.169381
0 0.432609 0.532573 0.047826 0.172638
0 0.397826 0.576547 0.060870 0.221498
0 0.032609 0.524430 0.043478 0.091205
0 0.801087 0.413681 0.384783 0.104235
0 0.358696 0.413681 0.486957 0.104235
0 0.068478 0.420195 0.106522 0.123779
