0 0.466667 0.381250 0.100000 0.192500
0 0.566667 0.336250 0.100000 0.182500
0 0.673333 0.348750 0.106667 0.197500
0 0.830000 0.352500 0.126667 0.235000
0 0.916667 0.367500 0.140000 0.255000
0 1.083333 0.368750 0.153333 0.287500
0 1.255000 0.383750 0.156667 0.302500
0 1.151667 0.332500 0.096667 0.185000
0 0.981667 0.301250 0.070000 0.127500
0 0.740000 0.293750 0.060000 0.112500
0 0.373333 0.333750 0.060000 0.117500
0 0.440000 0.306250 0.073333 0.137500
0 0.628333 0.321250 0.076667 0.147500
0 0.798333 0.308750 0.063333 0.122500
0 1.185000 0.290000 0.063333 0.115000
0 0.270000 0.307500 0.046667 0.085000
0 0.203333 0.308750 0.040000 0.072500
0 0.136667 0.308750 0.033333 0.067500
0 0.103333 0.312500 0.040000 0.075000
0 0.411667 0.308750 0.043333 0.087500
0 0.513333 0.298750 0.040000 0.077500
0 0.488333 0.300000 0.043333 0.080000
0 0.700000 0.292500 0.046667 0.090000
0 0.310000 0.300000 0.033333 0.060000
0 0.333333 0.305000 0.046667 0.085000
0 0.240000 0.298750 0.033333 0.067500
0 0.168333 0.301250 0.030000 0.057500
