0 0.045024 0.205000 0.090047 0.243333
0 0.033175 0.324167 0.066351 0.201667
0 0.093602 0.499167 0.187204 0.375000
0 0.291469 0.515000 0.208531 0.356667
0 0.445498 0.566667 0.142180 0.246667
0 0.618483 0.528333 0.189573 0.330000
0 0.827014 0.530000 0.194313 0.336667
0 0.979858 0.552500 0.168246 0.288333
0 1.094787 0.558333 0.156398 0.273333
0 1.189573 0.570833 0.137441 0.238333
0 1.331754 0.587500 0.123223 0.211667
0 1.236967 0.595000 0.109005 0.193333
0 0.101896 0.087500 0.094787 0.168333
0 0.023697 0.058333 0.047393 0.113333
0 0.172986 0.111667 0.094787 0.163333
0 0.244076 0.131667 0.094787 0.166667
0 0.312796 0.152500 0.085308 0.151667
0 0.385071 0.171667 0.092417 0.160000
0 0.438389 0.195000 0.075829 0.133333
0 0.494076 0.198333 0.087678 0.153333
0 0.536730 0.207500 0.082938 0.148333
0 0.586493 0.233333 0.073460 0.126667
0 0.630332 0.244167 0.066351 0.118333
0 0.646919 0.253333 0.056872 0.096667
0 0.665877 0.263333 0.047393 0.080000
0 0.729858 0.265000 0.071090 0.126667
0 0.797393 0.274167 0.068720 0.118333
0 0.765403 0.268333 0.071090 0.123333
0 0.873223 0.309167 0.063981 0.115000
0 0.835308 0.300833 0.054502 0.098333
0 0.920616 0.320833 0.059242 0.105000
0 0.964455 0.322500 0.061611 0.111667
0 1.001185 0.335833 0.054502 0.095000
0 1.090047 0.355833 0.052133 0.091667
0 1.140995 0.375000 0.059242 0.100000
0 1.157583 0.375833 0.054502 0.095000
0 1.187204 0.391667 0.047393 0.083333
0 1.212085 0.396667 0.045024 0.083333
0 1.231043 0.398333 0.045024 0.083333
0 1.252370 0.405833 0.040284 0.071667
0 1.279621 0.410000 0.042654 0.073333
0 1.330569 0.422500 0.040284 0.075000
0 1.373223 0.432500 0.035545 0.065000
0 1.405213 0.438333 0.033175 0.060000
0 0.741706 0.310000 0.080569 0.113333
0 0.099526 0.295833 0.066351 0.075000
0 1.372038 0.511667 0.042654 0.026667
0 1.271327 0.479167 0.045024 0.028333
