0 0.092754 0.667311 0.098551 0.321083
0 0.034783 0.575435 0.031884 0.102515
0 0.127536 0.563830 0.023188 0.075435
0 0.160870 0.603482 0.026087 0.088975
0 0.186957 0.574468 0.031884 0.108317
0 0.240580 0.645068 0.069565 0.230174
0 0.294203 0.631528 0.060870 0.203095
0 0.318841 0.623791 0.060870 0.199226
0 0.371014 0.651838 0.086957 0.290135
0 0.392754 0.726306 0.086957 0.284333
0 0.457246 0.626692 0.094203 0.309478
0 0.551449 0.740812 0.097101 0.321083
0 0.772464 0.650870 0.066667 0.218569
0 0.881884 0.647002 0.065217 0.218569
0 0.832609 0.571567 0.033333 0.114120
0 0.611594 0.547389 0.023188 0.077369
0 0.507246 0.549323 0.023188 0.077369
0 0.523913 0.504836 0.013043 0.046422
0 0.668841 0.557060 0.033333 0.108317
0 0.694928 0.553191 0.033333 0.108317
0 0.733333 0.526112 0.026087 0.085106
0 0.903623 0.519342 0.021739 0.071567
0 0.893478 0.511605 0.018841 0.063830
0 0.799275 0.538685 0.024638 0.079304
0 0.960870 0.516441 0.069565 0.065764
0 0.773913 0.513540 0.040580 0.048356
0 0.487681 0.507737 0.030435 0.059961
