0 0.085000 0.747500 0.043333 0.165000
0 0.099167 0.743750 0.055000 0.202500
0 0.128333 0.731250 0.063333 0.232500
0 0.165000 0.732500 0.086667 0.320000
0 0.256667 0.710000 0.123333 0.450000
0 0.470000 0.638750 0.193333 0.707500
0 0.877500 0.615000 0.138333 0.515000
0 0.730000 0.647500 0.070000 0.255000
0 0.665833 0.648750 0.048333 0.182500
0 0.543333 0.665000 0.096667 0.355000
0 0.391667 0.702500 0.070000 0.255000
0 0.315833 0.707500 0.055000 0.205000
0 0.278333 0.711250 0.030000 0.112500
0 0.219167 0.737500 0.038333 0.140000
0 0.188333 0.735000 0.030000 0.115000
0 0.346667 0.713750 0.033333 0.122500
0 0.631667 0.670000 0.026667 0.100000
0 0.614167 0.675000 0.021667 0.085000
0 0.699167 0.650000 0.028333 0.110000
0 0.762500 0.640000 0.041667 0.155000
0 0.779167 0.640000 0.028333 0.110000
0 0.972500 0.601250 0.045000 0.162500
