0 0.176667 0.622500 0.190000 0.700000
0 0.264167 0.548750 0.128333 0.472500
0 0.383333 0.611250 0.146667 0.537500
0 0.415000 0.552500 0.126667 0.465000
0 0.473333 0.560000 0.100000 0.365000
0 0.515833 0.567500 0.115000 0.430000
0 0.565000 0.573750 0.143333 0.532500
0 0.608333 0.621250 0.150000 0.557500
0 0.715000 0.600000 0.140000 0.515000
0 0.743333 0.586250 0.120000 0.437500
0 0.810000 0.562500 0.116667 0.430000
0 0.915000 0.540000 0.076667 0.280000
0 0.962500 0.553750 0.075000 0.272500
0 0.775833 0.550000 0.095000 0.350000
0 0.113333 0.227500 0.223333 0.455000
