0 1.352941 0.141000 0.061625 0.106000
0 1.270308 0.082000 0.047619 0.088000
0 1.329132 0.038000 0.042017 0.076000
0 1.214286 0.108000 0.053221 0.096000
0 1.189076 0.130000 0.053221 0.092000
0 1.119048 0.052000 0.036415 0.068000
0 1.047619 0.141000 0.050420 0.090000
0 1.014006 0.141000 0.039216 0.074000
0 0.929972 0.181000 0.050420 0.094000
0 1.119048 0.189000 0.053221 0.098000
0 1.121849 0.244000 0.075630 0.132000
0 1.151261 0.336000 0.072829 0.132000
0 1.098039 0.340000 0.067227 0.120000
0 1.260504 0.360000 0.072829 0.128000
0 0.431373 0.103000 0.039216 0.074000
0 0.488796 0.097000 0.030812 0.058000
0 0.229692 0.186000 0.033613 0.064000
0 0.133053 0.263000 0.047619 0.082000
0 0.168067 0.260000 0.050420 0.092000
0 0.222689 0.267000 0.047619 0.086000
0 0.331933 0.278000 0.036415 0.068000
0 1.226891 0.541000 0.084034 0.154000
0 1.172269 0.648000 0.070028 0.124000
0 1.357143 0.573000 0.064426 0.114000
0 1.337535 0.441000 0.075630 0.138000
0 1.187675 0.509000 0.089636 0.162000
0 1.242297 0.473000 0.053221 0.098000
0 1.065826 0.572000 0.098039 0.172000
0 0.978992 0.631000 0.086835 0.158000
0 0.890756 0.663000 0.050420 0.090000
0 0.939776 0.623000 0.086835 0.150000
0 1.019608 0.553000 0.100840 0.178000
0 0.396359 0.648000 0.070028 0.124000
0 0.191877 0.653000 0.058824 0.110000
0 0.135854 0.635000 0.081232 0.142000
0 0.319328 0.665000 0.050420 0.094000
0 0.212885 0.617000 0.089636 0.162000
0 0.273109 0.574000 0.098039 0.172000
0 0.079832 0.597000 0.092437 0.162000
0 0.785714 0.303000 0.075630 0.130000
0 0.883754 0.339000 0.058824 0.110000
0 0.865546 0.399000 0.072829 0.134000
0 0.803922 0.490000 0.061625 0.112000
0 0.938375 0.472000 0.061625 0.108000
0 0.977591 0.498000 0.067227 0.124000
0 0.939776 0.329000 0.058824 0.102000
0 0.851541 0.225000 0.061625 0.114000
0 0.871148 0.223000 0.061625 0.110000
0 0.871148 0.136000 0.044818 0.084000
0 0.837535 0.168000 0.044818 0.080000
0 0.796919 0.236000 0.058824 0.104000
0 0.722689 0.265000 0.056022 0.102000
0 0.658263 0.242000 0.050420 0.092000
0 0.572829 0.314000 0.053221 0.096000
0 0.469188 0.618000 0.075630 0.136000
0 0.554622 0.644000 0.067227 0.120000
0 0.605042 0.638000 0.072829 0.132000
0 0.691877 0.633000 0.084034 0.146000
0 0.773109 0.629000 0.078431 0.138000
0 1.040616 0.331000 0.047619 0.082000
0 0.273109 0.431000 0.075630 0.134000
0 0.558824 0.563000 0.064426 0.114000
0 0.649860 0.517000 0.072829 0.126000
0 0.124650 0.357000 0.053221 0.098000
0 0.088235 0.363000 0.053221 0.094000
0 0.096639 0.534000 0.075630 0.136000
0 0.340336 0.163000 0.053221 0.098000
0 0.369748 0.153000 0.039216 0.070000
0 0.106443 0.234000 0.039216 0.072000
0 0.137255 0.187000 0.044818 0.082000
0 0.759104 0.481000 0.067227 0.122000
0 1.172269 0.526000 0.086835 0.156000
0 1.110644 0.633000 0.075630 0.138000
0 0.620448 0.344000 0.047619 0.088000
0 0.644258 0.677000 0.067227 0.062000
0 0.754902 0.678000 0.064426 0.064000
0 0.892157 0.556000 0.070028 0.096000
0 0.995798 0.524000 0.081232 0.072000
0 0.981793 0.419000 0.047619 0.042000
0 1.018207 0.392000 0.047619 0.036000
0 1.046218 0.428000 0.047619 0.060000
0 1.088235 0.394000 0.047619 0.036000
0 1.072829 0.356000 0.072829 0.056000
0 0.159664 0.507000 0.067227 0.074000
0 0.212885 0.498000 0.056022 0.076000
0 0.201681 0.442000 0.078431 0.076000
0 0.435574 0.526000 0.047619 0.056000
0 0.476190 0.530000 0.044818 0.048000
0 0.791317 0.527000 0.053221 0.046000
0 0.726891 0.558000 0.042017 0.060000
0 1.142857 0.556000 0.044818 0.064000
0 1.138655 0.507000 0.064426 0.074000
0 0.847339 0.595000 0.058824 0.062000
0 0.843137 0.445000 0.067227 0.050000
0 0.827731 0.401000 0.064426 0.058000
0 0.882353 0.395000 0.044818 0.062000
0 0.952381 0.362000 0.050420 0.048000
0 0.924370 0.392000 0.044818 0.060000
0 1.012605 0.365000 0.042017 0.034000
0 1.127451 0.453000 0.053221 0.050000
0 0.347339 0.526000 0.056022 0.036000
0 0.400560 0.523000 0.056022 0.058000
0 0.417367 0.481000 0.061625 0.042000
0 0.445378 0.455000 0.067227 0.066000
0 0.504202 0.433000 0.044818 0.050000
0 0.558824 0.441000 0.053221 0.070000
0 0.606443 0.421000 0.053221 0.082000
0 0.672269 0.440000 0.056022 0.080000
0 0.710084 0.459000 0.042017 0.066000
0 0.711485 0.406000 0.050420 0.044000
0 0.735294 0.368000 0.047619 0.040000
0 0.778711 0.345000 0.061625 0.042000
0 0.764706 0.317000 0.050420 0.030000
0 0.738095 0.280000 0.058824 0.052000
0 0.773109 0.228000 0.039216 0.032000
0 0.051821 0.419000 0.058824 0.062000
0 0.088235 0.428000 0.058824 0.056000
0 0.040616 0.373000 0.042017 0.030000
0 0.068627 0.391000 0.042017 0.034000
0 0.271709 0.348000 0.050420 0.040000
0 0.323529 0.384000 0.064426 0.064000
0 0.372549 0.376000 0.050420 0.044000
0 0.403361 0.362000 0.061625 0.064000
0 0.427171 0.305000 0.047619 0.050000
0 0.474790 0.298000 0.075630 0.064000
0 0.502801 0.282000 0.053221 0.052000
0 0.498599 0.241000 0.056022 0.042000
0 0.445378 0.262000 0.033613 0.024000
0 0.429972 0.247000 0.053221 0.046000
0 0.313725 0.456000 0.044818 0.052000
0 0.322129 0.488000 0.061625 0.036000
0 0.373950 0.480000 0.036415 0.036000
0 0.641457 0.369000 0.067227 0.062000
0 0.563025 0.368000 0.061625 0.040000
0 0.535014 0.395000 0.039216 0.042000
0 0.477591 0.391000 0.070028 0.046000
0 0.474790 0.350000 0.053221 0.044000
0 0.543417 0.327000 0.044818 0.038000
0 1.190476 0.389000 0.044818 0.050000
0 1.205882 0.415000 0.053221 0.046000
0 0.064426 0.467000 0.044818 0.046000
0 0.019608 0.444000 0.033613 0.060000
0 0.037815 0.334000 0.053221 0.060000
0 0.065826 0.299000 0.053221 0.046000
0 0.016807 0.286000 0.033613 0.032000
0 0.260504 0.249000 0.050420 0.054000
0 0.309524 0.246000 0.047619 0.036000
0 0.434174 0.199000 0.033613 0.046000
0 0.469188 0.195000 0.047619 0.062000
0 0.525210 0.190000 0.053221 0.064000
0 0.585434 0.196000 0.033613 0.056000
0 0.605042 0.204000 0.039216 0.060000
0 0.689076 0.167000 0.044818 0.038000
0 0.257703 0.143000 0.039216 0.046000
0 0.057423 0.049000 0.109244 0.058000
0 0.176471 0.036000 0.145658 0.048000
0 0.392157 0.020000 0.257703 0.040000
0 0.960784 0.036000 0.857143 0.068000
0 0.085434 0.130000 0.170868 0.104000
0 0.282913 0.109000 0.218487 0.134000
0 0.668067 0.115000 0.282913 0.102000
