0 0.465361 0.450000 0.171687 0.284000
0 0.844880 0.480000 0.207831 0.336000
0 1.055723 0.412000 0.147590 0.240000
0 1.206325 0.389000 0.135542 0.218000
0 1.323795 0.437000 0.159639 0.262000
0 1.417169 0.342000 0.075301 0.128000
0 1.448795 0.333000 0.066265 0.114000
0 1.466867 0.323000 0.066265 0.106000
0 1.322289 0.340000 0.066265 0.112000
0 0.945783 0.371000 0.108434 0.174000
0 0.689759 0.354000 0.084337 0.136000
0 0.783133 0.448000 0.174699 0.288000
0 0.600904 0.348000 0.087349 0.148000
0 0.516566 0.350000 0.105422 0.172000
0 0.400602 0.384000 0.132530 0.220000
0 0.320783 0.352000 0.081325 0.136000
0 0.277108 0.329000 0.066265 0.110000
0 0.224398 0.323000 0.063253 0.106000
0 0.088855 0.343000 0.087349 0.146000
0 0.036145 0.340000 0.072289 0.168000
0 0.629518 0.319000 0.060241 0.102000
0 0.545181 0.334000 0.060241 0.104000
0 0.564759 0.327000 0.069277 0.114000
0 0.753012 0.319000 0.054217 0.090000
0 0.995482 0.331000 0.063253 0.102000
0 1.149096 0.324000 0.057229 0.096000
0 0.307229 0.273000 0.042169 0.034000
0 1.251506 0.284000 0.057229 0.044000
0 1.250000 0.314000 0.048193 0.040000
0 0.284639 0.266000 0.147590 0.048000
0 0.429217 0.260000 0.153614 0.044000
0 0.543675 0.260000 0.069277 0.032000
0 0.673193 0.265000 0.069277 0.026000
0 0.862952 0.268000 0.075301 0.028000
