0 0.027523 0.386364 0.055046 0.129091
0 0.062691 0.389091 0.088685 0.127273
0 0.120795 0.384545 0.082569 0.121818
0 0.180428 0.386364 0.085627 0.129091
0 0.246177 0.380909 0.094801 0.143636
0 0.307339 0.388182 0.076453 0.114545
0 0.356269 0.384545 0.082569 0.121818
0 0.412844 0.388182 0.085627 0.125455
0 0.469419 0.382727 0.088685 0.132727
0 0.525994 0.390909 0.079511 0.120000
0 0.498471 0.383636 0.085627 0.123636
0 0.581040 0.377273 0.091743 0.136364
0 0.629969 0.387273 0.079511 0.116364
0 0.727829 0.378182 0.085627 0.130909
0 0.778287 0.380000 0.088685 0.127273
0 1.047401 0.384545 0.094801 0.140000
0 1.139144 0.376364 0.094801 0.141818
0 1.160550 0.382727 0.094801 0.136364
0 1.240061 0.376364 0.088685 0.130909
0 1.267584 0.386364 0.094801 0.136364
0 1.336391 0.386364 0.103976 0.150909
0 1.366972 0.385455 0.103976 0.149091
0 1.428135 0.378182 0.091743 0.134545
0 1.474006 0.380000 0.103976 0.149091
0 1.529052 0.370909 0.085627 0.127273
0 1.602446 0.378182 0.097859 0.141818
0 1.640673 0.387273 0.082569 0.149091
0 0.388379 0.336364 0.024465 0.032727
0 0.603976 0.333636 0.027523 0.023636
0 0.097859 0.343636 0.042813 0.029091
0 1.119266 0.328182 0.018349 0.020000
0 1.392966 0.328182 0.027523 0.027273
0 1.498471 0.321818 0.036697 0.029091
