0 0.025521 0.660156 0.051042 0.232813
0 0.069271 0.630469 0.059375 0.220312
0 0.133854 0.737500 0.109375 0.400000
0 0.182812 0.782031 0.119792 0.435937
0 0.266667 0.718750 0.114583 0.418750
0 0.358333 0.699219 0.102083 0.376563
0 0.483854 0.690625 0.101042 0.371875
0 0.433333 0.626563 0.068750 0.253125
0 0.307812 0.621875 0.078125 0.287500
0 0.558854 0.778125 0.121875 0.443750
0 0.647396 0.671875 0.101042 0.371875
0 0.785937 0.686719 0.123958 0.454688
0 0.856250 0.758594 0.129167 0.476562
0 0.925000 0.756250 0.129167 0.471875
0 0.723437 0.585938 0.057292 0.209375
0 0.595833 0.605469 0.060417 0.223438
0 0.214062 0.622656 0.073958 0.276562
0 0.956250 0.585156 0.050000 0.185938
0 0.556250 0.527344 0.022917 0.082812
0 0.574479 0.503125 0.015625 0.062500
0 0.507812 0.601562 0.063542 0.234375
0 0.608854 0.504687 0.019792 0.075000
0 0.039583 0.556250 0.033333 0.081250
0 0.008333 0.525000 0.016667 0.037500
0 0.117708 0.520312 0.047917 0.065625
0 0.076563 0.529687 0.026042 0.040625
0 0.158333 0.523438 0.027083 0.034375
0 0.352083 0.503125 0.031250 0.046875
0 0.839063 0.494531 0.032292 0.054688
0 0.864583 0.499219 0.018750 0.035937
0 0.899479 0.504687 0.030208 0.059375
0 0.932292 0.478125 0.027083 0.059375
