0 0.273750 0.613734 0.115833 0.486409
0 0.357083 0.585122 0.084167 0.357654
0 0.406667 0.565808 0.066667 0.278970
0 0.620417 0.633047 0.119167 0.502146
0 0.437083 0.509299 0.035833 0.154506
0 0.461250 0.512160 0.032500 0.137339
0 0.474583 0.507868 0.030833 0.134478
0 0.491250 0.512876 0.037500 0.155937
0 0.527917 0.518598 0.035833 0.150215
0 0.549167 0.515737 0.033333 0.141631
0 0.565000 0.520029 0.033333 0.138770
0 0.085417 0.560086 0.034167 0.135908
0 0.122500 0.522890 0.033333 0.070100
0 0.309167 0.547926 0.015000 0.040057
0 0.144167 0.660944 0.065000 0.277539
0 0.331667 0.606581 0.040000 0.157368
0 0.889167 0.707439 0.080000 0.333333
0 0.784167 0.630901 0.056667 0.228898
0 0.748750 0.601574 0.045833 0.184549
0 0.586667 0.442775 0.020000 0.032904
0 0.396250 0.465665 0.022500 0.050072
0 0.449583 0.444921 0.017500 0.034335
