0 0.692029 0.759783 0.120290 0.445652
0 0.795652 0.823913 0.095652 0.347826
0 0.431884 0.751087 0.075362 0.280435
0 0.650725 0.730435 0.089855 0.334783
0 0.315942 0.683696 0.040580 0.150000
0 0.269565 0.686957 0.037681 0.139130
0 0.156522 0.663043 0.014493 0.052174
0 0.205797 0.661957 0.020290 0.076087
0 0.044203 0.746739 0.088406 0.484783
0 0.563768 0.745652 0.078261 0.286957
0 0.288406 0.680435 0.028986 0.108696
0 0.260870 0.786957 0.057971 0.195652
0 0.352174 0.720652 0.052174 0.150000
0 0.583333 0.797826 0.088406 0.269565
0 0.924638 0.641304 0.037681 0.065217
0 0.961594 0.661957 0.021739 0.054348
0 0.894203 0.647826 0.023188 0.052174
0 0.856522 0.639130 0.028986 0.069565
0 0.821014 0.642391 0.027536 0.067391
0 0.770290 0.635870 0.027536 0.063043
0 0.750725 0.647826 0.037681 0.052174
0 0.733333 0.617391 0.017391 0.039130
0 0.615942 0.633696 0.014493 0.041304
0 0.523188 0.638043 0.028986 0.041304
0 0.487681 0.641304 0.021739 0.039130
0 0.467391 0.636957 0.018841 0.030435
0 0.136957 0.652174 0.021739 0.052174
0 0.109420 0.646739 0.024638 0.045652
0 0.240580 0.644565 0.063768 0.036957
0 0.176812 0.641304 0.034783 0.030435
