0 0.076667 0.699248 0.053333 0.195489
0 0.327500 0.719298 0.058333 0.215539
0 0.407500 0.656642 0.045000 0.170426
0 0.498333 0.651629 0.040000 0.145363
0 0.565000 0.681704 0.040000 0.155388
0 0.618333 0.689223 0.033333 0.130326
0 0.678333 0.665414 0.046667 0.177945
0 0.805833 0.669173 0.048333 0.180451
0 0.765833 0.651629 0.041667 0.150376
0 0.835833 0.626566 0.038333 0.145363
0 0.868333 0.632832 0.040000 0.147870
0 0.917500 0.629073 0.038333 0.145363
0 0.363333 0.654135 0.033333 0.130326
0 0.382500 0.639098 0.041667 0.155388
0 0.304167 0.631579 0.035000 0.130326
0 0.965000 0.670426 0.046667 0.177945
0 0.945833 0.848371 0.075000 0.273183
0 0.461667 0.645363 0.043333 0.157895
0 0.437500 0.626566 0.038333 0.140351
0 0.661667 0.650376 0.033333 0.127820
0 0.606667 0.621554 0.033333 0.130326
0 0.587500 0.624060 0.038333 0.145363
0 0.193333 0.933584 0.083333 0.117794
0 0.669167 0.793233 0.038333 0.117794
0 0.613333 0.769424 0.046667 0.155388
0 0.622500 0.674185 0.025000 0.095238
0 0.726667 0.606516 0.026667 0.075188
0 0.141667 0.548872 0.270000 0.160401
0 0.520833 0.503759 0.485000 0.085213
0 0.856667 0.522556 0.176667 0.082707
