0 0.882500 0.552204 0.131667 0.445476
0 0.795833 0.571926 0.088333 0.299304
0 0.820000 0.505800 0.046667 0.167053
0 0.715000 0.490719 0.040000 0.136891
0 0.668333 0.538283 0.076667 0.264501
0 0.568333 0.526682 0.070000 0.241299
0 0.600000 0.512761 0.040000 0.134571
0 0.624167 0.496520 0.038333 0.129930
0 0.500000 0.527842 0.063333 0.215777
0 0.410833 0.523202 0.058333 0.197216
0 0.448333 0.488399 0.036667 0.122970
0 0.377500 0.526682 0.048333 0.171694
0 0.351667 0.516241 0.053333 0.183295
0 0.306667 0.515081 0.046667 0.167053
0 0.242500 0.524362 0.048333 0.162413
0 0.187500 0.502320 0.048333 0.164733
0 0.154167 0.513921 0.045000 0.150812
0 0.112500 0.505800 0.041667 0.143852
0 0.065000 0.497680 0.043333 0.146172
0 0.265833 0.484919 0.028333 0.097448
0 0.210000 0.486079 0.026667 0.095128
