0 1.246824 0.528750 0.156080 0.265000
0 1.273140 0.492500 0.157895 0.267500
0 1.403811 0.469375 0.096189 0.266250
0 0.562613 0.541875 0.148820 0.253750
0 0.701452 0.570625 0.121597 0.203750
0 0.790381 0.576250 0.125227 0.212500
0 0.203267 0.523750 0.141561 0.240000
0 0.069873 0.466875 0.139746 0.271250
0 0.130672 0.468750 0.152450 0.257500
0 0.342105 0.595000 0.103448 0.177500
0 0.451906 0.585000 0.112523 0.192500
0 1.190563 0.510625 0.156080 0.266250
0 0.837568 0.416875 0.099819 0.171250
0 0.754083 0.424375 0.096189 0.166250
0 0.627042 0.425625 0.110708 0.186250
0 1.362069 0.413750 0.139746 0.237500
0 1.255898 0.379375 0.101633 0.173750
0 1.314882 0.364375 0.117967 0.201250
0 1.396552 0.379375 0.110708 0.216250
0 1.118875 0.451250 0.099819 0.167500
0 1.032668 0.413125 0.090744 0.156250
0 0.662432 0.531250 0.145191 0.245000
0 0.288566 0.484375 0.130672 0.218750
0 0.223230 0.320625 0.105263 0.176250
0 0.391107 0.338750 0.081670 0.137500
0 0.773140 0.308125 0.105263 0.176250
0 0.833938 0.283750 0.099819 0.167500
0 1.062613 0.361875 0.103448 0.176250
0 1.293103 0.230625 0.088929 0.151250
0 1.154265 0.226875 0.076225 0.128750
0 1.187840 0.324375 0.078040 0.131250
0 0.666062 0.317500 0.090744 0.155000
0 0.342105 0.285625 0.096189 0.161250
0 0.921053 0.393750 0.099819 0.170000
0 0.890200 0.565000 0.139746 0.237500
0 0.892015 0.258125 0.081670 0.141250
0 0.515426 0.632500 0.123412 0.110000
0 0.862069 0.656250 0.058076 0.062500
0 1.053539 0.638125 0.110708 0.086250
0 0.117060 0.234375 0.085299 0.071250
0 0.057169 0.313125 0.063521 0.073750
0 0.258621 0.350625 0.052632 0.078750
0 0.347550 0.333750 0.074410 0.060000
0 0.339383 0.380000 0.072595 0.082500
0 0.456443 0.364375 0.070780 0.083750
0 0.460073 0.319375 0.074410 0.096250
0 0.539927 0.308125 0.056261 0.086250
0 0.630672 0.300625 0.070780 0.058750
0 0.656987 0.348125 0.076225 0.096250
0 0.723230 0.329375 0.059891 0.043750
0 0.844828 0.326875 0.059891 0.051250
0 0.875681 0.293125 0.059891 0.083750
0 0.941924 0.316250 0.072595 0.072500
0 0.990018 0.308750 0.078040 0.082500
0 1.226860 0.271875 0.058076 0.076250
0 1.274955 0.271250 0.052632 0.067500
0 1.396552 0.228125 0.085299 0.063750
0 1.357532 0.270625 0.043557 0.058750
0 1.360254 0.182500 0.049002 0.062500
0 1.336661 0.161250 0.049002 0.045000
0 1.179673 0.161875 0.050817 0.053750
0 1.049002 0.208750 0.058076 0.072500
0 1.089837 0.208750 0.052632 0.072500
0 0.958258 0.230625 0.101633 0.081250
0 0.801270 0.221250 0.049002 0.042500
0 0.717786 0.235000 0.063521 0.070000
0 0.689655 0.255000 0.039927 0.065000
0 0.290381 0.241875 0.076225 0.051250
0 0.489111 0.208125 0.063521 0.066250
0 0.547187 0.232500 0.059891 0.070000
0 0.612523 0.204375 0.063521 0.061250
0 1.225045 0.208750 0.068966 0.077500
0 1.095281 0.167500 0.059891 0.050000
0 0.884755 0.158125 0.067151 0.073750
0 0.572595 0.336250 0.059891 0.047500
0 0.532668 0.398125 0.078040 0.078750
