0 0.081667 0.631111 0.146667 0.484444
0 0.020000 0.517778 0.040000 0.142222
0 0.201667 0.672222 0.190000 0.620000
0 0.265000 0.627778 0.146667 0.477778
0 0.372500 0.677778 0.191667 0.631111
0 0.445000 0.604444 0.116667 0.377778
0 0.477500 0.592222 0.111667 0.371111
0 0.527500 0.612222 0.105000 0.348889
0 0.566667 0.598889 0.096667 0.313333
0 0.638333 0.588889 0.086667 0.284444
0 0.689167 0.590000 0.088333 0.286667
0 0.727500 0.581111 0.075000 0.242222
0 0.762500 0.588889 0.068333 0.226667
0 0.790833 0.575556 0.068333 0.222222
0 0.844167 0.584444 0.075000 0.248889
0 0.887500 0.577778 0.065000 0.213333
0 0.904167 0.568889 0.055000 0.186667
0 0.970833 0.584444 0.058333 0.200000
0 0.946667 0.581111 0.050000 0.171111
0 0.982500 0.581111 0.035000 0.171111
0 0.602500 0.535556 0.048333 0.155556
0 0.120833 0.523333 0.045000 0.144444
0 0.094167 0.524444 0.041667 0.137778
0 0.301667 0.507778 0.040000 0.131111
0 0.412500 0.434444 0.038333 0.104444
