0 0.075962 0.156782 0.140385 0.114196
0 0.320192 0.122082 0.221154 0.178549
0 0.468269 0.121136 0.213462 0.171609
0 0.798077 0.145741 0.165385 0.133754
0 0.097115 0.772240 0.067308 0.055521
0 0.672115 0.768770 0.044231 0.037224
0 0.709615 0.770347 0.042308 0.034069
0 0.525000 0.767823 0.057692 0.047950
0 0.556731 0.772555 0.044231 0.035962
0 0.898077 0.770347 0.053846 0.045426
0 0.926923 0.773817 0.050000 0.039748
0 0.094231 0.908202 0.184615 0.148265
0 0.188462 0.908517 0.169231 0.137539
0 0.268269 0.907256 0.198077 0.160252
0 0.431731 0.905678 0.175000 0.140694
0 0.573077 0.909464 0.196154 0.158360
0 0.704808 0.909779 0.190385 0.153943
0 0.764423 0.906940 0.175000 0.140694
0 0.039423 0.896530 0.078846 0.111041
0 0.595192 0.313249 0.413462 0.178549
0 0.170192 0.330284 0.328846 0.123028
0 0.309615 0.286751 0.119231 0.052366
0 0.056731 0.285174 0.113462 0.059306
0 0.173077 0.243218 0.092308 0.038486
0 0.243269 0.263722 0.117308 0.051735
0 0.337500 0.267508 0.101923 0.058044
0 0.765385 0.305363 0.153846 0.087066
0 0.883654 0.310726 0.113462 0.066246
0 0.967308 0.296215 0.065385 0.064984
0 0.763462 0.498738 0.469231 0.196215
0 0.226923 0.529022 0.257692 0.087697
0 0.721154 0.653312 0.269231 0.091483
0 0.225962 0.655521 0.171154 0.098423
0 0.160577 0.776972 0.051923 0.029653
0 0.317308 0.778233 0.057692 0.028391
0 0.435577 0.777603 0.051923 0.034700
0 0.627885 0.776972 0.063462 0.025868
0 0.729808 0.782650 0.071154 0.030915
0 0.863462 0.781388 0.053846 0.029653
0 0.370192 0.773502 0.040385 0.023975
0 0.581731 0.776972 0.032692 0.028391
0 0.601923 0.761830 0.034615 0.014511
