0 0.086667 0.371111 0.173333 0.288889
0 0.206667 0.360556 0.173333 0.285556
0 0.282500 0.348889 0.185000 0.300000
0 0.391667 0.354444 0.173333 0.282222
0 0.542500 0.347222 0.178333 0.290000
0 0.679167 0.337778 0.175000 0.286667
0 0.779167 0.363889 0.158333 0.256667
0 0.792500 0.353889 0.158333 0.261111
0 0.850833 0.329444 0.155000 0.252222
0 0.971667 0.340556 0.176667 0.290000
0 1.154167 0.362778 0.171667 0.283333
0 1.349167 0.362778 0.161667 0.265556
0 1.306667 0.337778 0.153333 0.251111
0 1.414167 0.351667 0.168333 0.276667
0 1.437500 0.347222 0.125000 0.267778
0 0.087500 0.345000 0.175000 0.323333
0 0.548333 0.463889 0.243333 0.396667
0 1.075000 0.466667 0.246667 0.400000
0 0.619167 0.239444 0.048333 0.045556
0 0.597500 0.222222 0.038333 0.044444
0 0.645833 0.219444 0.035000 0.030000
0 0.333333 0.222778 0.070000 0.070000
0 0.368333 0.220556 0.050000 0.058889
0 0.239167 0.220556 0.068333 0.045556
0 0.148333 0.218333 0.073333 0.063333
