0 0.655199 0.589286 0.096330 0.156122
0 0.917431 0.500510 0.097859 0.160204
0 0.857798 0.478061 0.091743 0.150000
0 1.018349 0.485714 0.100917 0.167347
0 1.196483 0.483673 0.111621 0.183673
0 1.308869 0.482653 0.091743 0.148980
0 1.353976 0.471429 0.087156 0.142857
0 1.428899 0.440816 0.099388 0.163265
0 1.428899 0.404592 0.084098 0.137755
0 1.366972 0.431633 0.085627 0.140816
0 1.272171 0.433163 0.094801 0.154082
0 1.215596 0.446939 0.097859 0.159184
0 0.932722 0.443878 0.082569 0.134694
0 0.798930 0.357653 0.059633 0.098980
0 0.852446 0.345918 0.062691 0.102041
0 1.135321 0.334694 0.081040 0.132653
0 1.191896 0.319388 0.074924 0.122449
0 1.146789 0.282653 0.058104 0.095918
0 1.236239 0.335714 0.077982 0.128571
0 1.288226 0.323980 0.068807 0.113265
0 1.322630 0.341837 0.058104 0.095918
0 1.352446 0.344898 0.059633 0.097959
0 1.437309 0.310204 0.061162 0.102041
0 1.392966 0.300510 0.070336 0.115306
0 1.202599 0.245918 0.050459 0.046939
0 1.242355 0.256122 0.022936 0.042857
0 1.290520 0.248469 0.036697 0.041837
0 1.383028 0.289796 0.041284 0.057143
0 0.950306 0.163776 0.071865 0.070408
0 0.849388 0.381122 0.047401 0.031633
0 0.877676 0.398469 0.030581 0.035714
0 0.908257 0.405612 0.048930 0.031633
0 0.753823 0.410714 0.110092 0.064286
0 0.909786 0.358163 0.076453 0.046939
