0 0.170000 0.606343 0.115000 0.429104
0 0.227500 0.619403 0.110000 0.410448
0 0.303750 0.587687 0.117500 0.429104
0 0.377500 0.602612 0.110000 0.399254
0 0.433750 0.591418 0.102500 0.376866
0 0.497500 0.608209 0.110000 0.410448
0 0.561250 0.621269 0.102500 0.384328
0 0.632500 0.606343 0.100000 0.361940
0 0.676250 0.621269 0.092500 0.339552
0 0.765000 0.606343 0.110000 0.406716
0 0.842500 0.606343 0.130000 0.473881
0 0.156250 0.731343 0.092500 0.328358
0 0.257500 0.720149 0.070000 0.291045
0 0.331250 0.708955 0.077500 0.261194
0 0.406250 0.725746 0.082500 0.287313
0 0.495000 0.720149 0.075000 0.276119
0 0.567500 0.725746 0.070000 0.272388
0 0.645000 0.736940 0.065000 0.279851
0 0.696250 0.753731 0.072500 0.268657
0 0.792500 0.764925 0.120000 0.261194
0 0.467500 0.427239 0.035000 0.078358
