0 0.016250 0.325556 0.032500 0.157778
0 0.047500 0.336667 0.037500 0.162222
0 0.031875 0.246667 0.031250 0.137778
0 0.061875 0.226667 0.028750 0.128889
0 0.076875 0.306667 0.033750 0.146667
0 0.095000 0.352222 0.037500 0.166667
0 0.128125 0.363333 0.038750 0.166667
0 0.170625 0.372222 0.038750 0.175556
0 0.210625 0.385556 0.038750 0.166667
0 0.253125 0.397778 0.033750 0.151111
0 0.297500 0.413333 0.037500 0.164444
0 0.344375 0.428889 0.036250 0.164444
0 0.395625 0.448889 0.038750 0.168889
0 0.112500 0.582222 0.047500 0.204444
0 0.143750 0.558889 0.045000 0.202222
0 0.127500 0.608889 0.042500 0.186667
0 0.172500 0.632222 0.042500 0.188889
0 0.174375 0.522222 0.036250 0.160000
0 0.206875 0.606667 0.046250 0.204444
0 0.244375 0.596667 0.041250 0.184444
0 0.226875 0.517778 0.031250 0.133333
0 0.262500 0.552222 0.040000 0.175556
0 0.100000 0.212222 0.027500 0.122222
0 0.123125 0.197778 0.023750 0.106667
0 0.130000 0.255556 0.025000 0.111111
0 0.148750 0.272222 0.025000 0.113333
0 0.191250 0.300000 0.027500 0.124444
0 0.430000 0.602222 0.047500 0.204444
0 0.460000 0.576667 0.050000 0.215556
0 0.489375 0.628889 0.048750 0.217778
0 0.508125 0.593333 0.048750 0.217778
0 0.434375 0.445556 0.041250 0.180000
0 0.493750 0.464444 0.037500 0.164444
0 0.553125 0.488889 0.041250 0.186667
0 0.606875 0.515556 0.043750 0.195556
0 0.669375 0.524444 0.043750 0.195556
0 0.723750 0.543333 0.045000 0.193333
0 0.790000 0.567778 0.045000 0.193333
0 0.861250 0.591111 0.050000 0.222222
0 0.930000 0.600000 0.052500 0.235556
0 0.892500 0.547778 0.045000 0.202222
0 0.916250 0.510000 0.040000 0.175556
0 0.981875 0.571111 0.036250 0.208889
0 0.837500 0.733333 0.050000 0.222222
0 0.822500 0.767778 0.055000 0.246667
0 0.791250 0.815556 0.055000 0.240000
0 0.723750 0.798889 0.052500 0.228889
0 0.684375 0.757778 0.051250 0.222222
0 0.697500 0.726667 0.052500 0.231111
0 0.728750 0.694444 0.045000 0.202222
0 0.789375 0.681111 0.048750 0.215556
0 0.248750 0.315556 0.030000 0.133333
0 0.273125 0.358889 0.038750 0.166667
0 0.286875 0.323333 0.033750 0.144444
0 0.309375 0.341111 0.036250 0.157778
0 0.325625 0.382222 0.036250 0.164444
0 0.381875 0.396667 0.038750 0.166667
0 0.421250 0.365556 0.035000 0.153333
0 0.473125 0.375556 0.041250 0.182222
0 0.511250 0.416667 0.032500 0.144444
0 0.536875 0.404444 0.038750 0.168889
0 0.575000 0.387778 0.037500 0.162222
0 0.586250 0.377778 0.037500 0.164444
0 0.598125 0.371111 0.038750 0.168889
0 0.613125 0.362222 0.036250 0.164444
0 0.625625 0.346667 0.038750 0.168889
0 0.760625 0.458889 0.041250 0.184444
0 0.812500 0.498889 0.035000 0.153333
0 0.830625 0.487778 0.038750 0.171111
0 0.955625 0.493333 0.038750 0.168889
0 0.880000 0.475556 0.040000 0.173333
0 0.797500 0.431111 0.030000 0.133333
0 0.371250 0.368889 0.030000 0.137778
0 0.360625 0.346667 0.031250 0.142222
0 0.153125 0.192222 0.026250 0.113333
0 0.183750 0.163333 0.022500 0.104444
0 0.210000 0.148889 0.022500 0.102222
0 0.231250 0.143333 0.025000 0.108889
0 0.255000 0.125556 0.015000 0.073333
0 0.286875 0.112222 0.018750 0.086667
0 0.180625 0.058889 0.021250 0.095556
0 0.214375 0.074444 0.018750 0.086667
0 0.248750 0.051111 0.020000 0.088889
0 0.261250 0.044444 0.020000 0.088889
0 0.278125 0.047778 0.018750 0.086667
0 0.313125 0.058889 0.021250 0.100000
0 0.361250 0.072222 0.017500 0.077778
0 0.398750 0.102222 0.020000 0.093333
0 0.443750 0.097778 0.025000 0.115556
0 0.483125 0.142222 0.023750 0.102222
0 0.526250 0.151111 0.017500 0.084444
0 0.540000 0.145556 0.022500 0.100000
0 0.588125 0.150000 0.021250 0.091111
0 0.601250 0.140000 0.020000 0.093333
0 0.626250 0.154444 0.020000 0.086667
0 0.692500 0.160000 0.022500 0.097778
0 0.706250 0.170000 0.022500 0.104444
0 0.743125 0.231111 0.023750 0.111111
0 0.743750 0.330000 0.032500 0.140000
0 0.446875 0.328889 0.023750 0.111111
0 0.430000 0.311111 0.022500 0.102222
0 0.203125 0.297778 0.026250 0.120000
0 0.221875 0.298889 0.031250 0.140000
0 0.241875 0.287778 0.023750 0.104444
0 0.330000 0.657778 0.067500 0.173333
0 0.289375 0.734444 0.036250 0.166667
0 0.384375 0.784444 0.038750 0.120000
0 0.526250 0.763333 0.047500 0.197778
0 0.464375 0.263333 0.018750 0.037778
0 0.487500 0.268889 0.022500 0.048889
0 0.411250 0.291111 0.015000 0.044444
0 0.397500 0.278889 0.017500 0.042222
0 0.391250 0.307778 0.020000 0.037778
0 0.349375 0.281111 0.016250 0.028889
0 0.371875 0.272222 0.016250 0.028889
0 0.331250 0.273333 0.020000 0.035556
0 0.945000 0.924444 0.082500 0.128889
0 0.221875 0.856667 0.051250 0.131111
0 0.468125 0.058889 0.018750 0.117778
0 0.482500 0.056667 0.015000 0.113333
0 0.498125 0.058889 0.018750 0.117778
0 0.544375 0.064444 0.043750 0.128889
0 0.595000 0.060000 0.027500 0.120000
0 0.646250 0.070000 0.045000 0.140000
0 0.691250 0.075556 0.030000 0.137778
0 0.738750 0.081111 0.035000 0.148889
0 0.792500 0.101111 0.040000 0.153333
0 0.858125 0.097778 0.051250 0.177778
0 0.948750 0.124444 0.082500 0.111111
0 0.326250 0.178889 0.122500 0.135556
0 0.447500 0.158889 0.117500 0.100000
0 0.575000 0.235556 0.132500 0.146667
0 0.702500 0.223333 0.115000 0.140000
0 0.930000 0.290000 0.135000 0.188889
0 0.826875 0.291111 0.091250 0.115556
