0 0.208207 0.331818 0.264438 0.324242
0 0.091185 0.313636 0.182371 0.342424
0 0.268997 0.306061 0.203647 0.251515
0 0.337386 0.311364 0.176292 0.219697
0 0.373860 0.277273 0.158055 0.190909
0 0.455927 0.296212 0.145897 0.180303
0 0.565350 0.297727 0.133739 0.168182
0 0.613982 0.290909 0.127660 0.157576
0 0.703647 0.283333 0.130699 0.160606
0 0.776596 0.277273 0.124620 0.151515
0 0.832827 0.268182 0.127660 0.154545
0 0.860182 0.262879 0.121581 0.146970
0 0.913374 0.267424 0.112462 0.137879
0 0.946809 0.261364 0.100304 0.125758
0 0.975684 0.256061 0.103343 0.127273
0 0.998480 0.249242 0.106383 0.128788
0 1.048632 0.246212 0.079027 0.098485
0 1.135258 0.235606 0.069909 0.086364
0 1.112462 0.236364 0.072948 0.090909
0 1.068389 0.232576 0.075988 0.095455
0 1.177812 0.234091 0.075988 0.095455
0 1.253799 0.232576 0.088146 0.107576
0 0.490881 0.254545 0.112462 0.142424
0 1.214286 0.233333 0.063830 0.081818
0 1.322188 0.234091 0.085106 0.107576
0 1.354103 0.234091 0.082067 0.104545
0 1.402736 0.232576 0.075988 0.092424
0 1.446809 0.220455 0.054711 0.071212
0 1.466565 0.227273 0.063830 0.078788
0 1.496960 0.228030 0.069909 0.086364
0 1.534954 0.231061 0.079027 0.098485
0 1.574468 0.224242 0.066869 0.081818
0 1.600304 0.223485 0.063830 0.080303
0 1.626140 0.219697 0.060790 0.072727
0 1.645897 0.216667 0.057751 0.069697
0 1.667173 0.221212 0.063830 0.078788
0 1.694529 0.221212 0.063830 0.078788
0 1.721884 0.221212 0.063830 0.078788
0 1.752280 0.218182 0.051672 0.066667
0 1.810030 0.217424 0.057751 0.071212
0 1.858663 0.221970 0.063830 0.077273
0 1.889058 0.225000 0.057751 0.071212
0 1.913374 0.219697 0.051672 0.066667
0 1.965046 0.220455 0.051672 0.068182
0 1.983283 0.217424 0.045593 0.068182
0 0.604863 0.200758 0.188450 0.028788
0 0.440729 0.211364 0.079027 0.043939
