0 0.016467 0.093443 0.032934 0.131148
0 0.050898 0.139344 0.037924 0.157377
0 0.017465 0.259016 0.034930 0.173770
0 0.080838 0.309836 0.051896 0.206557
0 0.113772 0.359836 0.051896 0.208197
0 0.065868 0.535246 0.051896 0.208197
0 0.054890 0.841803 0.065868 0.267213
0 0.122754 0.619672 0.059880 0.245902
0 0.147705 0.113934 0.039920 0.159016
0 0.103792 0.185246 0.033932 0.134426
0 0.182635 0.135246 0.031936 0.129508
0 0.167665 0.240984 0.045908 0.183607
0 0.186128 0.419672 0.052894 0.216393
0 0.220060 0.292623 0.046906 0.191803
0 0.241517 0.171311 0.041916 0.168852
0 0.266467 0.077049 0.035928 0.147541
0 0.310878 0.093443 0.034930 0.144262
0 0.292415 0.209016 0.041916 0.168852
0 0.267465 0.319672 0.043912 0.177049
0 0.265469 0.478689 0.055888 0.222951
0 0.199102 0.705738 0.062874 0.250820
0 0.133234 0.925410 0.034930 0.142623
0 0.296906 0.807377 0.062874 0.257377
0 0.320858 0.577049 0.056886 0.229508
0 0.338822 0.388525 0.052894 0.213115
0 0.343313 0.244262 0.041916 0.167213
0 0.356287 0.149180 0.043912 0.180328
0 0.377246 0.063934 0.029940 0.124590
0 0.434132 0.070492 0.033932 0.140984
0 0.427645 0.175410 0.040918 0.163934
0 0.430639 0.305738 0.042914 0.175410
0 0.421657 0.457377 0.052894 0.216393
0 0.405689 0.645902 0.060878 0.249180
0 0.386727 0.897541 0.046906 0.191803
0 0.507485 0.743443 0.062874 0.254098
0 0.510479 0.531967 0.052894 0.218033
0 0.490020 0.358197 0.049900 0.204918
0 0.495010 0.227049 0.039920 0.162295
0 0.481038 0.111475 0.041916 0.170492
0 0.492515 0.048361 0.022954 0.096721
0 0.546407 0.158197 0.044910 0.181967
0 0.578343 0.259016 0.036926 0.147541
0 0.578343 0.404918 0.046906 0.190164
0 0.578343 0.602459 0.054890 0.221311
0 0.614271 0.854098 0.062874 0.252459
0 0.675150 0.676230 0.070858 0.283607
0 0.684132 0.499180 0.050898 0.204918
0 0.733034 0.393443 0.052894 0.213115
0 0.651198 0.331967 0.048902 0.198361
0 0.649701 0.199180 0.041916 0.172131
0 0.631737 0.112295 0.037924 0.155738
0 0.564371 0.059836 0.028942 0.119672
0 0.691118 0.146721 0.044910 0.181967
0 0.714571 0.243443 0.039920 0.165574
0 0.788922 0.188525 0.046906 0.193443
0 0.806387 0.304918 0.049900 0.200000
0 0.829840 0.440984 0.046906 0.190164
0 0.805888 0.572131 0.052894 0.216393
0 0.817864 0.804918 0.060878 0.242623
0 0.755489 0.930328 0.029940 0.126230
0 0.898204 0.671311 0.065868 0.267213
0 0.942615 0.522131 0.052894 0.214754
0 0.980040 0.427049 0.039920 0.221311
0 0.902196 0.371311 0.049900 0.201639
0 0.963074 0.283607 0.043912 0.180328
0 0.841816 0.214754 0.044910 0.183607
0 0.901697 0.156557 0.042914 0.175410
0 0.941118 0.100820 0.039920 0.162295
0 0.979042 0.065574 0.029940 0.124590
0 0.805389 0.103279 0.033932 0.134426
0 0.858782 0.075410 0.036926 0.150820
0 0.750998 0.086885 0.038922 0.157377
0 0.677146 0.064754 0.030938 0.129508
0 0.964072 0.889344 0.051896 0.211475
0 0.981038 0.754918 0.037924 0.270492
0 0.798403 0.053279 0.023952 0.100000
0 0.499002 0.975410 0.037924 0.042623
