0 1.236070 0.470000 0.214076 0.356000
0 1.067449 0.432000 0.175953 0.300000
0 0.879765 0.419000 0.164223 0.278000
0 0.722874 0.443000 0.155425 0.262000
0 0.825513 0.365000 0.090909 0.154000
0 0.768328 0.363000 0.093842 0.162000
0 0.678886 0.353000 0.090909 0.158000
0 0.596774 0.358000 0.096774 0.164000
0 0.480938 0.505000 0.199413 0.334000
0 0.299120 0.530000 0.175953 0.292000
0 0.151026 0.535000 0.155425 0.258000
0 0.365103 0.431000 0.137830 0.234000
0 0.978006 0.358000 0.131965 0.224000
0 1.368035 0.386000 0.143695 0.244000
0 1.294721 0.342000 0.108504 0.188000
0 0.293255 0.379000 0.076246 0.130000
0 0.202346 0.374000 0.093842 0.156000
0 0.156891 0.366000 0.079179 0.132000
0 1.426686 0.287000 0.079179 0.138000
0 1.131965 0.388000 0.129032 0.216000
0 0.378299 0.301000 0.064516 0.074000
0 0.432551 0.306000 0.043988 0.068000
0 0.507331 0.302000 0.064516 0.060000
0 0.551320 0.372000 0.117302 0.104000
0 0.763930 0.256000 0.436950 0.032000
0 1.079179 0.260000 0.193548 0.056000
