0 1.059859 0.390625 0.199531 0.325000
0 0.963615 0.401562 0.185446 0.306250
0 0.869718 0.392188 0.190141 0.312500
0 0.733568 0.403125 0.185446 0.303125
0 0.631455 0.389844 0.187793 0.304688
0 0.539906 0.400000 0.187793 0.306250
0 1.184272 0.322656 0.072770 0.123438
0 0.029343 0.341406 0.058685 0.129688
0 0.430751 0.391406 0.180751 0.292187
0 0.374413 0.388281 0.180751 0.292187
0 0.251174 0.464062 0.136150 0.225000
0 0.383803 0.471875 0.133803 0.228125
0 0.510563 0.473438 0.110329 0.225000
0 0.636150 0.482031 0.117371 0.242188
0 0.746479 0.476562 0.122066 0.212500
0 0.846244 0.471875 0.129108 0.212500
0 0.967136 0.480469 0.103286 0.232813
0 1.075117 0.482031 0.164319 0.245312
