0 0.012107 0.651818 0.024213 0.067273
0 0.030266 0.645455 0.041162 0.080000
0 0.069007 0.661818 0.050847 0.098182
0 0.116223 0.640909 0.029056 0.060000
0 0.208232 0.656364 0.038741 0.072727
0 0.284504 0.645455 0.026634 0.050909
0 0.353511 0.654545 0.043584 0.080000
0 0.405569 0.650909 0.036320 0.069091
0 0.426150 0.644545 0.029056 0.056364
0 0.461259 0.642727 0.026634 0.049091
0 0.476998 0.643636 0.024213 0.050909
0 0.501211 0.646364 0.024213 0.045455
0 0.543584 0.635455 0.026634 0.049091
0 0.598063 0.643636 0.029056 0.054545
0 0.627119 0.641818 0.024213 0.050909
0 0.688862 0.640909 0.021792 0.045455
0 0.709443 0.644545 0.024213 0.045455
0 0.733656 0.645455 0.014528 0.032727
0 0.761501 0.643636 0.026634 0.047273
0 0.791768 0.638182 0.019370 0.040000
0 0.851090 0.669091 0.070218 0.127273
0 0.918886 0.658182 0.070218 0.130909
0 1.048426 0.655455 0.038741 0.070909
0 1.070218 0.654545 0.029056 0.054545
0 1.107748 0.660000 0.065375 0.120000
0 1.145278 0.645455 0.029056 0.058182
0 1.192494 0.655455 0.046005 0.085455
0 1.246973 0.648182 0.033898 0.063636
0 1.008475 0.618182 0.026634 0.050909
