0 0.051111 0.363333 0.102222 0.193333
0 0.115556 0.395000 0.124444 0.236667
0 0.162222 0.358333 0.084444 0.156667
0 0.255556 0.426667 0.155556 0.293333
0 0.326667 0.448333 0.208889 0.390000
0 0.413333 0.423333 0.142222 0.266667
0 0.495556 0.360000 0.084444 0.166667
0 0.580000 0.380000 0.093333 0.180000
0 0.595556 0.475000 0.231111 0.423333
0 0.753333 0.411667 0.146667 0.276667
0 0.902222 0.405000 0.133333 0.256667
0 1.028889 0.451667 0.173333 0.316667
0 1.160000 0.451667 0.168889 0.316667
0 0.431111 0.303333 0.044444 0.080000
0 0.200000 0.305000 0.071111 0.076667
