0 0.135455 0.535714 0.056364 0.214286
0 0.170909 0.545714 0.047273 0.188571
0 0.235455 0.572857 0.067273 0.260000
0 0.280000 0.535714 0.043636 0.174286
0 0.310909 0.581429 0.072727 0.277143
0 0.341818 0.552857 0.050909 0.202857
0 0.411818 0.557143 0.056364 0.217143
0 0.449091 0.614286 0.087273 0.337143
0 0.506364 0.570000 0.063636 0.248571
0 0.608182 0.558571 0.060000 0.237143
0 0.647273 0.600000 0.069091 0.268571
0 0.689091 0.550000 0.054545 0.208571
0 0.712727 0.577143 0.061818 0.234286
0 0.765455 0.547143 0.047273 0.180000
0 0.787273 0.567143 0.050909 0.202857
0 0.851818 0.550000 0.049091 0.191429
