0 0.100318 0.319681 0.159236 0.258511
0 0.156051 0.319149 0.165605 0.270213
0 0.233280 0.328191 0.148089 0.243617
0 0.292197 0.314894 0.183121 0.300000
0 0.396497 0.303191 0.171975 0.280851
0 0.451433 0.315957 0.208599 0.342553
0 0.511943 0.319149 0.192675 0.314894
0 0.487261 0.292021 0.181529 0.298936
0 0.558917 0.250532 0.235669 0.384043
0 0.745223 0.326064 0.207006 0.337234
0 0.986465 0.305319 0.199045 0.325532
0 1.042994 0.298936 0.175159 0.287234
0 1.085987 0.303723 0.149682 0.245745
0 1.126592 0.295745 0.176752 0.291489
0 1.284236 0.279787 0.183121 0.300000
0 1.434713 0.271277 0.124204 0.280851
0 0.685510 0.231915 0.128981 0.195745
