0 0.039167 0.451111 0.078333 0.373333
0 0.075000 0.578889 0.150000 0.557778
0 0.198333 0.466667 0.060000 0.200000
0 0.218333 0.363333 0.040000 0.135556
0 0.295833 0.351111 0.041667 0.133333
0 0.365833 0.408889 0.075000 0.244444
0 0.351667 0.497778 0.100000 0.324444
0 0.444167 0.577778 0.241667 0.786667
0 0.616667 0.582222 0.190000 0.617778
0 0.652500 0.370000 0.048333 0.162222
0 0.690000 0.371111 0.050000 0.168889
0 0.760833 0.476667 0.125000 0.406667
0 0.791667 0.437778 0.093333 0.306667
0 0.846667 0.397778 0.076667 0.253333
0 0.171667 0.370000 0.050000 0.162222
0 0.120833 0.376667 0.058333 0.197778
