0 0.148750 0.447761 0.067500 0.246269
0 0.206250 0.381530 0.055000 0.203358
0 0.124375 0.323694 0.016250 0.057836
0 0.344375 0.374067 0.063750 0.233209
0 0.278125 0.472948 0.093750 0.345149
0 0.421250 0.383396 0.035000 0.132463
0 0.451875 0.383396 0.053750 0.195896
0 0.511250 0.630597 0.137500 0.503731
0 0.574375 0.382463 0.053750 0.201493
0 0.513750 0.393657 0.055000 0.205224
0 0.607500 0.385261 0.057500 0.210821
0 0.611250 0.388060 0.057500 0.216418
0 0.663750 0.379664 0.052500 0.195896
0 0.677500 0.433769 0.085000 0.311567
0 0.718750 0.399254 0.065000 0.235075
0 0.768125 0.482276 0.111250 0.408582
0 0.804375 0.426306 0.081250 0.296642
0 0.855625 0.605410 0.211250 0.770522
0 0.960000 0.476679 0.080000 0.419776
0 0.259375 0.233209 0.053750 0.160448
0 0.313125 0.236940 0.048750 0.126866
0 0.410625 0.302239 0.101250 0.041045
0 0.745000 0.299440 0.027500 0.054104
0 0.791875 0.291045 0.031250 0.089552
0 0.165000 0.348881 0.032500 0.052239
0 0.096875 0.305037 0.186250 0.042910
