0 0.053763 0.345283 0.107527 0.203774
0 0.137097 0.364151 0.139785 0.245283
0 0.201613 0.300000 0.069892 0.124528
0 0.278226 0.269811 0.040323 0.075472
0 0.250000 0.259434 0.048387 0.081132
0 0.326613 0.304717 0.083333 0.149057
0 0.447581 0.420755 0.233871 0.407547
0 0.526882 0.329245 0.107527 0.186792
0 0.547043 0.268868 0.051075 0.092453
0 0.807796 0.352830 0.126344 0.218868
0 0.979839 0.442453 0.287634 0.492453
0 1.174731 0.354717 0.064516 0.109434
0 1.150538 0.297170 0.080645 0.145283
0 1.293011 0.370755 0.193548 0.330189
0 0.692204 0.277358 0.051075 0.079245
