0 0.181664 0.665441 0.142615 0.507353
0 0.260611 0.669118 0.147708 0.529412
0 0.342105 0.682598 0.134126 0.477941
0 0.401528 0.660539 0.130730 0.468137
0 0.456706 0.697304 0.129032 0.463235
0 0.497453 0.649510 0.142615 0.504902
0 0.543294 0.699755 0.125637 0.443627
0 0.601868 0.676471 0.130730 0.465686
0 0.672326 0.680147 0.129032 0.453431
0 0.729202 0.658088 0.137521 0.492647
0 0.711375 0.617647 0.122241 0.431373
0 0.820034 0.605392 0.125637 0.446078
0 0.787776 0.584559 0.122241 0.433824
0 0.879457 0.564951 0.064516 0.232843
0 0.934635 0.583333 0.076401 0.269608
0 0.967742 0.518382 0.037351 0.134804
0 0.167233 0.561275 0.127334 0.446078
0 0.217317 0.542892 0.122241 0.428922
0 0.281834 0.498775 0.129032 0.453431
0 0.323430 0.469363 0.123939 0.438725
0 0.343803 0.487745 0.113752 0.406863
0 0.404075 0.485294 0.115450 0.406863
0 0.495756 0.506127 0.125637 0.443627
0 0.571307 0.513480 0.120543 0.428922
0 0.616299 0.500000 0.125637 0.450980
0 0.652801 0.496324 0.117148 0.419118
0 0.671477 0.623775 0.120543 0.433824
0 0.366723 0.265931 0.071307 0.120098
0 0.444822 0.279412 0.044143 0.117647
0 0.531409 0.285539 0.050934 0.129902
0 0.725806 0.376225 0.059423 0.095588
