0 0.057221 0.323636 0.114441 0.189091
0 0.094005 0.334545 0.084469 0.141818
0 0.129428 0.340909 0.073569 0.125455
0 0.186649 0.340000 0.073569 0.123636
0 0.275204 0.325455 0.114441 0.189091
0 0.336512 0.330909 0.106267 0.178182
0 0.395095 0.328182 0.119891 0.198182
0 0.455041 0.317273 0.141689 0.234545
0 0.534060 0.330909 0.141689 0.232727
0 0.637602 0.336364 0.163488 0.272727
0 0.745232 0.323636 0.177112 0.294545
0 0.904632 0.352727 0.201635 0.327273
0 1.055858 0.322727 0.247956 0.405455
0 1.329700 0.341818 0.299728 0.490909
