0 0.151087 0.288406 0.123913 0.205797
0 0.205435 0.297101 0.115217 0.188406
0 0.292391 0.294928 0.106522 0.178261
0 0.372826 0.283333 0.089130 0.149275
0 0.445652 0.297101 0.104348 0.171014
0 0.402174 0.318841 0.082609 0.139130
0 0.483696 0.301449 0.084783 0.139130
0 0.617391 0.296377 0.065217 0.108696
0 0.718478 0.306522 0.110870 0.181159
0 0.764130 0.318116 0.093478 0.155072
0 0.809783 0.313043 0.097826 0.162319
0 0.916304 0.318116 0.097826 0.157971
0 0.983696 0.325362 0.084783 0.140580
0 1.060870 0.334058 0.086957 0.143478
0 1.156522 0.326087 0.086957 0.142029
0 1.419565 0.352899 0.082609 0.137681
0 1.236957 0.313043 0.043478 0.049275
0 1.286957 0.313768 0.056522 0.033333
0 1.355435 0.313768 0.050000 0.044928
0 1.479348 0.326087 0.032609 0.040580
0 1.115217 0.312319 0.073913 0.039130
0 0.852174 0.293478 0.043478 0.042029
0 0.547826 0.269565 0.086957 0.046377
0 0.022826 0.264493 0.041304 0.065217
