0 0.326144 0.653439 0.027289 0.103175
0 0.338908 0.657407 0.024648 0.095238
0 0.353433 0.645503 0.029049 0.111111
0 0.385123 0.644180 0.025528 0.092593
0 0.397007 0.646164 0.028169 0.104497
0 0.477113 0.640873 0.028169 0.107143
0 0.564701 0.650132 0.029049 0.107143
0 0.577025 0.650794 0.029049 0.108466
0 0.740757 0.639550 0.030810 0.112434
0 0.520246 0.794312 0.024648 0.091270
0 0.540933 0.769841 0.032570 0.124339
0 0.737676 0.774471 0.058099 0.212963
0 0.828785 0.773810 0.050176 0.185185
0 0.834067 0.646164 0.030810 0.112434
0 0.854313 0.651455 0.027289 0.104497
0 0.878961 0.600529 0.022007 0.079365
0 0.893926 0.605159 0.020246 0.075397
0 0.910211 0.661376 0.033451 0.126984
0 0.941901 0.625000 0.022887 0.083333
0 0.962588 0.599868 0.013204 0.078042
0 0.814261 0.833995 0.024648 0.025132
0 0.783451 0.632937 0.012324 0.038360
0 0.753521 0.621032 0.017606 0.038360
0 0.625000 0.809524 0.022887 0.063492
0 0.119278 0.658069 0.025528 0.051587
0 0.157130 0.654762 0.036092 0.071429
0 0.014085 0.617725 0.024648 0.050265
0 0.266285 0.652116 0.029049 0.034392
0 0.501761 0.655423 0.015845 0.027778
0 0.520246 0.646164 0.015845 0.038360
0 0.544014 0.648810 0.028169 0.027778
0 0.574824 0.657407 0.028169 0.034392
0 0.607394 0.647487 0.012324 0.051587
0 0.665933 0.634259 0.022007 0.043651
0 0.870599 0.646825 0.010563 0.052910
0 0.897447 0.657407 0.020246 0.044974
