0 0.037428 0.559078 0.074856 0.311239
0 0.115163 0.563401 0.095969 0.354467
0 0.092131 0.445245 0.030710 0.112392
0 0.169866 0.579251 0.097889 0.363112
0 0.202495 0.577810 0.090211 0.337176
0 0.242802 0.574928 0.113244 0.417867
0 0.284069 0.570605 0.084453 0.311239
0 0.323417 0.574928 0.113244 0.417867
0 0.398273 0.579251 0.109405 0.409222
0 0.440499 0.596542 0.132438 0.484150
0 0.467370 0.585014 0.113244 0.414986
0 0.513436 0.583573 0.120921 0.452450
0 0.570058 0.580692 0.107486 0.394813
0 0.618042 0.587896 0.122841 0.455331
0 0.688100 0.600865 0.090211 0.331412
0 0.731286 0.600865 0.107486 0.394813
0 0.829175 0.593660 0.099808 0.368876
0 0.698656 0.430836 0.019194 0.072046
0 0.715931 0.429395 0.015355 0.057637
0 0.865643 0.426513 0.015355 0.057637
0 0.875240 0.439481 0.015355 0.060519
0 0.902111 0.426513 0.015355 0.057637
0 0.922265 0.439481 0.013436 0.054755
0 0.938580 0.429395 0.011516 0.040346
0 0.971209 0.425072 0.042226 0.083573
0 0.483685 0.403458 0.046065 0.074928
0 0.615163 0.429395 0.047985 0.074928
0 0.333013 0.426513 0.140115 0.080692
0 0.170825 0.397695 0.072937 0.063401
