0 0.044000 0.426282 0.056000 0.217949
0 0.083000 0.451923 0.066000 0.256410
0 0.126000 0.565705 0.112000 0.445513
0 0.265000 0.461538 0.074000 0.288462
0 0.231000 0.387821 0.062000 0.250000
0 0.308000 0.328526 0.036000 0.150641
0 0.393000 0.608974 0.134000 0.532051
0 0.407000 0.450321 0.086000 0.342949
0 0.374000 0.302885 0.028000 0.118590
0 0.402000 0.304487 0.028000 0.115385
0 0.474000 0.381410 0.060000 0.237179
0 0.528000 0.342949 0.044000 0.173077
0 0.548000 0.410256 0.068000 0.275641
0 0.596000 0.258013 0.028000 0.112179
0 0.664000 0.250000 0.024000 0.102564
0 0.640000 0.472756 0.096000 0.375000
0 0.696000 0.333333 0.056000 0.217949
0 0.685000 0.241987 0.022000 0.092949
0 0.732000 0.306090 0.040000 0.157051
0 0.773000 0.394231 0.078000 0.314103
0 0.802000 0.652244 0.160000 0.625000
0 0.865000 0.421474 0.074000 0.298077
0 0.804000 0.314103 0.040000 0.166667
0 0.925000 0.338141 0.062000 0.246795
0 0.909000 0.299679 0.046000 0.189103
0 0.871000 0.216346 0.026000 0.105769
0 0.859000 0.232372 0.026000 0.112179
0 0.981000 0.206731 0.026000 0.105769
0 0.937000 0.250000 0.038000 0.147436
0 0.718000 0.185897 0.076000 0.096154
0 0.796000 0.216346 0.052000 0.131410
0 0.940000 0.189103 0.036000 0.121795
