0 0.064216 0.449265 0.018627 0.072059
0 0.091176 0.441912 0.021569 0.077941
0 0.285784 0.466176 0.030392 0.111765
0 0.333333 0.445588 0.021569 0.079412
0 0.428431 0.447794 0.023529 0.089706
0 0.480882 0.499265 0.026471 0.098529
0 0.528922 0.486029 0.038235 0.142647
0 0.008824 0.444118 0.017647 0.079412
0 0.040196 0.455147 0.025490 0.083824
0 0.064706 0.446324 0.025490 0.095588
0 0.137745 0.438235 0.099020 0.052941
0 0.214706 0.445588 0.078431 0.067647
0 0.280882 0.451471 0.046078 0.070588
0 0.324510 0.447794 0.039216 0.075000
0 0.377451 0.449265 0.072549 0.066176
0 0.457353 0.458088 0.032353 0.104412
0 0.495098 0.457353 0.052941 0.100000
0 0.561765 0.464706 0.043137 0.114706
0 0.604902 0.470588 0.045098 0.108824
0 0.665196 0.484559 0.065686 0.116176
0 0.679412 0.423529 0.054902 0.032353
0 0.766176 0.418382 0.073529 0.036765
0 0.732843 0.493382 0.069608 0.116176
0 0.796569 0.490441 0.065686 0.119118
0 0.833333 0.422794 0.039216 0.025000
0 0.912745 0.425735 0.064706 0.033824
0 0.964216 0.435294 0.026471 0.026471
0 0.862255 0.512500 0.075490 0.166176
0 0.930882 0.513971 0.071569 0.139706
0 0.978431 0.512500 0.035294 0.157353
0 0.566667 0.508088 0.031373 0.077941
