0 0.360833 0.432011 0.035000 0.155807
0 0.627500 0.466006 0.028333 0.116147
0 0.695833 0.549575 0.041667 0.169972
0 0.155833 0.079320 0.021667 0.096317
0 0.178333 0.077904 0.020000 0.082153
0 0.210833 0.094901 0.018333 0.082153
0 0.859167 0.230878 0.025000 0.104816
0 0.146667 0.196884 0.020000 0.082153
0 0.115000 0.487252 0.050000 0.107649
0 0.075833 0.524079 0.058333 0.107649
0 0.083333 0.567989 0.053333 0.093484
0 0.095000 0.617564 0.053333 0.135977
0 0.135833 0.671388 0.061667 0.164306
0 0.175833 0.726629 0.061667 0.178470
0 0.156667 0.505666 0.033333 0.104816
0 0.171667 0.460340 0.040000 0.116147
0 0.188333 0.541076 0.046667 0.107649
0 0.224167 0.553824 0.051667 0.133144
0 0.231667 0.430595 0.036667 0.096317
0 0.285000 0.422096 0.036667 0.079320
0 0.342500 0.406516 0.031667 0.087819
0 0.420833 0.398017 0.038333 0.087819
0 0.480000 0.392351 0.043333 0.099150
0 0.585000 0.386686 0.036667 0.087819
0 0.660000 0.389518 0.036667 0.082153
0 0.719167 0.409348 0.025000 0.087819
0 0.765833 0.434844 0.028333 0.104816
0 0.785000 0.494334 0.043333 0.133144
0 0.817500 0.453258 0.031667 0.113314
0 0.860000 0.471671 0.076667 0.110482
0 0.886667 0.508499 0.053333 0.099150
0 0.905000 0.553824 0.053333 0.099150
0 0.889167 0.604816 0.048333 0.110482
0 0.843333 0.635977 0.056667 0.150142
0 0.789167 0.696884 0.075000 0.186969
0 0.680000 0.736544 0.053333 0.186969
0 0.571667 0.757790 0.056667 0.172805
0 0.438333 0.763456 0.063333 0.195467
0 0.310833 0.754958 0.071667 0.189802
0 0.283333 0.577904 0.053333 0.130312
0 0.382500 0.562323 0.058333 0.138810
0 0.447500 0.535411 0.055000 0.124646
0 0.488333 0.505666 0.043333 0.116147
0 0.526667 0.485836 0.043333 0.116147
0 0.578333 0.473088 0.040000 0.124646
0 0.683333 0.461756 0.033333 0.090652
0 0.741667 0.474504 0.043333 0.121813
0 0.033333 0.024079 0.013333 0.031161
0 0.050000 0.022663 0.023333 0.045326
0 0.072500 0.032578 0.025000 0.048159
0 0.089167 0.041076 0.025000 0.031161
0 0.135833 0.043909 0.015000 0.025496
0 0.029167 0.065156 0.021667 0.033994
0 0.035833 0.079320 0.028333 0.039660
0 0.059167 0.077904 0.018333 0.042493
0 0.075000 0.076487 0.013333 0.039660
0 0.095000 0.077904 0.026667 0.036827
0 0.109167 0.077904 0.018333 0.036827
0 0.127500 0.066572 0.015000 0.031161
0 0.146667 0.086402 0.020000 0.042493
0 0.134167 0.109065 0.018333 0.059490
0 0.115000 0.116147 0.013333 0.045326
0 0.101667 0.127479 0.013333 0.028329
0 0.084167 0.120397 0.015000 0.031161
0 0.071667 0.126062 0.010000 0.025496
0 0.060833 0.124646 0.008333 0.016997
0 0.051667 0.116147 0.016667 0.011331
0 0.052500 0.127479 0.011667 0.028329
0 0.040833 0.121813 0.011667 0.028329
0 0.026667 0.126062 0.013333 0.031161
0 0.027500 0.148725 0.018333 0.025496
0 0.045833 0.150142 0.021667 0.033994
0 0.064167 0.151558 0.018333 0.042493
0 0.084167 0.157224 0.008333 0.019830
0 0.094167 0.155807 0.005000 0.022663
0 0.102500 0.155807 0.015000 0.022663
0 0.116667 0.161473 0.006667 0.022663
0 0.124167 0.194051 0.018333 0.042493
0 0.107500 0.184136 0.015000 0.028329
0 0.100000 0.213881 0.016667 0.042493
0 0.091667 0.174221 0.010000 0.025496
0 0.083333 0.203966 0.016667 0.033994
0 0.069167 0.199717 0.015000 0.019830
0 0.068333 0.174221 0.010000 0.025496
0 0.056667 0.181303 0.020000 0.039660
0 0.036667 0.179887 0.016667 0.036827
0 0.049167 0.213881 0.018333 0.025496
0 0.840000 0.208215 0.023333 0.059490
0 0.825833 0.024079 0.021667 0.042493
0 0.849167 0.024079 0.025000 0.042493
0 0.870000 0.022663 0.016667 0.039660
0 0.890000 0.011331 0.016667 0.022663
0 0.885000 0.042493 0.016667 0.033994
0 0.895000 0.039660 0.016667 0.022663
0 0.908333 0.038244 0.013333 0.031161
0 0.918333 0.043909 0.013333 0.031161
0 0.934167 0.036827 0.018333 0.045326
0 0.933333 0.018414 0.020000 0.025496
0 0.958333 0.029745 0.023333 0.048159
0 0.916667 0.014164 0.016667 0.022663
0 0.980833 0.049575 0.011667 0.031161
0 0.990833 0.048159 0.011667 0.028329
0 0.987500 0.082153 0.015000 0.050992
0 0.977500 0.083569 0.015000 0.042493
0 0.960833 0.082153 0.018333 0.039660
0 0.846667 0.138810 0.020000 0.045326
0 0.863333 0.124646 0.016667 0.039660
0 0.868333 0.147309 0.016667 0.028329
0 0.884167 0.148725 0.015000 0.025496
0 0.860833 0.172805 0.021667 0.033994
0 0.885833 0.123229 0.018333 0.031161
0 0.895833 0.118980 0.015000 0.033994
0 0.910000 0.116147 0.016667 0.016997
0 0.904167 0.145892 0.018333 0.036827
0 0.881667 0.184136 0.020000 0.045326
0 0.888333 0.211048 0.023333 0.042493
0 0.906667 0.211048 0.020000 0.042493
0 0.911667 0.169972 0.013333 0.022663
0 0.919167 0.143059 0.015000 0.042493
0 0.931667 0.134561 0.016667 0.042493
0 0.950833 0.121813 0.015000 0.033994
0 0.970833 0.120397 0.015000 0.031161
0 0.988333 0.121813 0.016667 0.028329
0 0.985000 0.145892 0.013333 0.031161
0 0.971667 0.150142 0.013333 0.022663
0 0.960833 0.148725 0.008333 0.019830
0 0.948333 0.147309 0.016667 0.022663
0 0.934167 0.168555 0.015000 0.031161
0 0.948333 0.172805 0.013333 0.028329
0 0.960833 0.175637 0.011667 0.028329
0 0.970000 0.177054 0.006667 0.025496
0 0.976667 0.172805 0.006667 0.016997
0 0.989167 0.172805 0.011667 0.028329
0 0.985833 0.208215 0.021667 0.048159
0 0.970833 0.199717 0.018333 0.019830
0 0.952500 0.198300 0.018333 0.022663
0 0.944167 0.184136 0.018333 0.022663
0 0.923333 0.184136 0.016667 0.028329
0 0.936667 0.211048 0.023333 0.031161
0 0.945833 0.220963 0.011667 0.022663
0 0.964167 0.219547 0.025000 0.025496
0 0.930833 0.222380 0.015000 0.025496
0 0.912500 0.223796 0.021667 0.016997
0 0.900000 0.225212 0.013333 0.019830
0 0.166667 0.103399 0.023333 0.048159
0 0.007500 0.011331 0.015000 0.022663
0 0.014167 0.031161 0.025000 0.033994
0 0.009167 0.084986 0.018333 0.045326
0 0.010833 0.121813 0.021667 0.033994
0 0.013333 0.157224 0.023333 0.036827
0 0.020833 0.175637 0.018333 0.039660
0 0.008333 0.195467 0.016667 0.045326
0 0.030000 0.198300 0.030000 0.039660
0 0.010833 0.252125 0.021667 0.062323
0 0.980000 0.016997 0.020000 0.033994
