0 0.105455 0.548860 0.029091 0.127036
0 0.130000 0.563518 0.034545 0.156352
0 0.155455 0.576547 0.034545 0.162866
0 0.190000 0.586319 0.041818 0.182410
0 0.227273 0.604235 0.047273 0.205212
0 0.260909 0.625407 0.052727 0.234528
0 0.308182 0.571661 0.038182 0.172638
0 0.288182 0.524430 0.023636 0.104235
0 0.327273 0.641694 0.061818 0.267101
0 0.358182 0.584691 0.040000 0.172638
0 0.378182 0.532573 0.029091 0.133550
0 0.408182 0.558632 0.034545 0.153094
0 0.440909 0.688925 0.074545 0.335505
0 0.497273 0.609121 0.052727 0.234528
0 0.522727 0.576547 0.041818 0.182410
0 0.543636 0.548860 0.036364 0.159609
0 0.550909 0.535831 0.029091 0.133550
0 0.564545 0.517915 0.027273 0.123779
0 0.611818 0.633550 0.060000 0.263844
0 0.597273 0.583062 0.045455 0.208469
0 0.638182 0.485342 0.014545 0.071661
0 0.644545 0.486971 0.016364 0.068404
0 0.662727 0.506515 0.023636 0.107492
0 0.670909 0.516287 0.029091 0.127036
0 0.698182 0.563518 0.043636 0.188925
0 0.720000 0.597720 0.047273 0.218241
0 0.826364 0.574919 0.045455 0.205212
0 0.766364 0.543974 0.034545 0.162866
0 0.753636 0.526059 0.030909 0.133550
0 0.773636 0.506515 0.023636 0.114007
0 0.804545 0.517915 0.030909 0.136808
0 0.851818 0.509772 0.027273 0.127036
0 0.879091 0.519544 0.030909 0.140065
0 0.892727 0.553746 0.040000 0.182410
0 0.922727 0.513029 0.030909 0.133550
0 0.942727 0.535831 0.038182 0.179153
0 0.985455 0.524430 0.029091 0.156352
0 0.867273 0.478827 0.018182 0.078176
0 0.971818 0.465798 0.027273 0.071661
0 0.816364 0.400651 0.018182 0.058632
0 0.825455 0.457655 0.025455 0.035831
0 0.784545 0.460912 0.016364 0.042345
0 0.730000 0.475570 0.020000 0.058632
0 0.716364 0.470684 0.021818 0.055375
0 0.679091 0.480456 0.023636 0.061889
0 0.620000 0.493485 0.021818 0.068404
0 0.507273 0.477199 0.021818 0.048860
0 0.489091 0.480456 0.018182 0.042345
0 0.457273 0.509772 0.030909 0.074919
0 0.456364 0.477199 0.014545 0.035831
0 0.432727 0.490228 0.021818 0.048860
0 0.410909 0.530945 0.025455 0.091205
0 0.340000 0.488599 0.032727 0.052117
0 0.274545 0.504886 0.029091 0.052117
0 0.251818 0.444625 0.023636 0.042345
0 0.272727 0.441368 0.021818 0.029316
0 0.295455 0.447883 0.027273 0.042345
0 0.084545 0.473941 0.023636 0.068404
0 0.116364 0.464169 0.021818 0.061889
0 0.143636 0.457655 0.021818 0.035831
0 0.171818 0.449511 0.012727 0.039088
0 0.206364 0.444625 0.023636 0.042345
0 0.231818 0.444625 0.020000 0.022801
0 0.320000 0.459283 0.021818 0.039088
0 0.343636 0.449511 0.018182 0.032573
0 0.365455 0.459283 0.021818 0.039088
0 0.198182 0.513029 0.021818 0.061889
0 0.233636 0.503257 0.016364 0.042345
