0 0.065909 0.057913 0.131818 0.035367
0 0.102273 0.055040 0.122727 0.029178
0 0.188636 0.063218 0.209091 0.050398
0 0.318182 0.059792 0.159091 0.037798
0 0.669318 0.072723 0.329545 0.078691
0 0.600000 0.957007 0.286364 0.068744
0 0.393182 0.959770 0.272727 0.064987
0 0.332955 0.941534 0.220455 0.052387
0 0.163636 0.924072 0.154545 0.036472
0 0.262500 0.916225 0.102273 0.024315
0 0.469318 0.922966 0.165909 0.040009
0 0.555682 0.921640 0.147727 0.035146
0 0.652273 0.926393 0.159091 0.038462
0 0.790909 0.925508 0.150000 0.036251
0 0.576136 0.856985 0.325000 0.077365
0 0.475000 0.751989 0.277273 0.066313
0 0.638636 0.780615 0.050000 0.011715
0 0.581818 0.780836 0.045455 0.011273
0 0.517045 0.776304 0.075000 0.018126
0 0.740909 0.779951 0.036364 0.009063
0 0.500000 0.647767 0.409091 0.097038
0 0.169318 0.527409 0.338636 0.110080
0 0.359091 0.533267 0.427273 0.101459
0 0.663636 0.529067 0.450000 0.107206
0 0.635227 0.434571 0.261364 0.061892
0 0.761364 0.312997 0.336364 0.080018
0 0.818182 0.306919 0.363636 0.090849
0 0.556818 0.299735 0.363636 0.086649
0 0.357955 0.306477 0.379545 0.089965
0 0.267045 0.315871 0.293182 0.069408
0 0.222727 0.295535 0.372727 0.088859
0 0.817045 0.183245 0.365909 0.109195
0 0.494318 0.180261 0.438636 0.104111
0 0.273864 0.179045 0.334091 0.080018
0 0.134091 0.167772 0.268182 0.065871
0 0.139773 0.040230 0.070455 0.009284
0 0.085227 0.041004 0.065909 0.009063
0 0.237500 0.040672 0.079545 0.008400
0 0.743182 0.039788 0.077273 0.012378
0 0.314773 0.907714 0.093182 0.014368
0 0.836364 0.910809 0.068182 0.017020
0 0.407955 0.909704 0.125000 0.015252
0 0.546591 0.634505 0.488636 0.081123
0 0.764773 0.263042 0.275000 0.034483
0 0.115909 0.184571 0.122727 0.096817
0 0.182955 0.144894 0.079545 0.013484
0 0.248864 0.145336 0.070455 0.012599
0 0.370455 0.141026 0.086364 0.008842
0 0.417045 0.154620 0.188636 0.053714
0 0.650000 0.154730 0.150000 0.049514
0 0.739773 0.146552 0.075000 0.014589
0 0.810227 0.144120 0.061364 0.018126
0 0.761364 0.143789 0.050000 0.007294
0 0.589773 0.188882 0.134091 0.090407
