0 0.110448 0.593625 0.116418 0.382470
0 0.180597 0.600598 0.017910 0.057769
0 0.209701 0.611554 0.025373 0.087649
0 0.261940 0.612550 0.019403 0.069721
0 0.289552 0.602590 0.014925 0.049801
0 0.367164 0.615538 0.077612 0.254980
0 0.452239 0.646414 0.056716 0.185259
0 0.400000 0.628486 0.023881 0.077689
0 0.510448 0.652390 0.122388 0.404382
0 0.714179 0.666335 0.114925 0.372510
0 0.822388 0.670319 0.101493 0.332669
0 0.060448 0.646414 0.111940 0.396414
0 0.413433 0.609562 0.014925 0.043825
0 0.467164 0.838645 0.146269 0.091633
0 0.628358 0.826693 0.128358 0.095618
0 0.752985 0.826693 0.198507 0.103586
