0 0.167925 0.165000 0.064151 0.105000
0 0.160377 0.106250 0.064151 0.102500
0 0.152830 0.310000 0.094340 0.155000
0 0.515094 0.291250 0.290566 0.472500
0 0.175472 0.043750 0.049057 0.077500
0 0.905660 0.300000 0.113208 0.190000
0 1.003774 0.293750 0.067925 0.107500
0 1.237736 0.301250 0.045283 0.077500
0 1.281132 0.301250 0.049057 0.077500
0 1.324528 0.301250 0.045283 0.077500
0 1.349057 0.301250 0.041509 0.072500
0 1.369811 0.295000 0.037736 0.070000
0 1.384906 0.303750 0.045283 0.072500
0 1.409434 0.302500 0.041509 0.075000
0 1.450943 0.300000 0.041509 0.075000
0 1.481132 0.295000 0.049057 0.085000
0 1.492453 0.298750 0.033962 0.082500
0 1.466038 0.298750 0.049057 0.077500
0 1.294340 0.160000 0.022642 0.040000
0 1.271698 0.197500 0.037736 0.065000
0 1.092453 0.145000 0.033962 0.055000
0 1.115094 0.143750 0.033962 0.057500
0 1.130189 0.141250 0.026415 0.047500
0 1.154717 0.146250 0.022642 0.042500
0 1.169811 0.147500 0.022642 0.040000
0 1.047170 0.137500 0.018868 0.035000
0 0.854717 0.120000 0.033962 0.060000
0 0.839623 0.118750 0.033962 0.062500
0 0.792453 0.110000 0.037736 0.065000
0 0.743396 0.111250 0.030189 0.052500
0 0.696226 0.097500 0.041509 0.065000
0 0.671698 0.097500 0.037736 0.065000
0 0.626415 0.097500 0.037736 0.065000
0 0.281132 0.062500 0.041509 0.065000
0 0.322642 0.056250 0.056604 0.092500
0 0.377358 0.066250 0.045283 0.077500
0 0.405660 0.075000 0.041509 0.065000
0 0.107547 0.048750 0.056604 0.097500
0 0.086792 0.083750 0.060377 0.077500
0 0.235849 0.022500 0.026415 0.045000
0 0.207547 0.018750 0.037736 0.032500
0 0.188679 0.122500 0.052830 0.065000
0 0.233962 0.107500 0.030189 0.040000
0 0.230189 0.140000 0.052830 0.040000
0 0.252830 0.158750 0.060377 0.057500
0 0.275472 0.120000 0.045283 0.060000
0 0.309434 0.140000 0.052830 0.040000
0 0.341509 0.156250 0.049057 0.067500
0 0.352830 0.103750 0.041509 0.027500
0 0.318868 0.107500 0.033962 0.030000
0 0.296226 0.087500 0.033962 0.040000
0 0.450943 0.035000 0.033962 0.030000
0 0.505660 0.023750 0.030189 0.042500
0 0.547170 0.043750 0.030189 0.042500
0 0.571698 0.058750 0.026415 0.037500
0 0.566038 0.076250 0.037736 0.047500
0 0.398113 0.132500 0.041509 0.035000
0 0.603774 0.061250 0.022642 0.017500
0 0.603774 0.078750 0.022642 0.027500
0 0.739623 0.068750 0.037736 0.032500
0 0.764151 0.061250 0.033962 0.032500
0 0.775472 0.075000 0.033962 0.035000
0 0.803774 0.078750 0.022642 0.032500
0 0.728302 0.090000 0.030189 0.055000
0 0.652830 0.130000 0.030189 0.030000
0 0.637736 0.148750 0.022642 0.032500
0 0.652830 0.158750 0.022642 0.037500
0 0.600000 0.165000 0.037736 0.035000
0 0.603774 0.128750 0.030189 0.042500
0 0.660377 0.166250 0.060377 0.052500
0 0.701887 0.185000 0.037736 0.050000
0 0.720755 0.183750 0.030189 0.042500
0 0.752830 0.187500 0.033962 0.045000
0 0.779245 0.192500 0.026415 0.045000
0 0.809434 0.201250 0.033962 0.052500
0 0.835849 0.182500 0.033962 0.045000
0 0.858491 0.198750 0.041509 0.047500
0 0.879245 0.160000 0.030189 0.030000
0 0.920755 0.161250 0.037736 0.027500
0 0.894340 0.193750 0.030189 0.047500
0 0.926415 0.198750 0.049057 0.042500
0 0.762264 0.146250 0.037736 0.032500
0 0.786792 0.153750 0.033962 0.027500
0 0.841509 0.153750 0.037736 0.027500
0 0.967925 0.186250 0.041509 0.037500
0 1.001887 0.186250 0.056604 0.057500
0 1.015094 0.176250 0.037736 0.037500
0 1.022642 0.157500 0.030189 0.035000
0 0.947170 0.157500 0.045283 0.050000
0 0.890566 0.095000 0.030189 0.035000
0 0.918868 0.100000 0.026415 0.025000
0 0.964151 0.106250 0.041509 0.037500
0 0.988679 0.108750 0.037736 0.037500
0 1.011321 0.133750 0.045283 0.057500
0 0.860377 0.072500 0.037736 0.030000
0 1.049057 0.106250 0.045283 0.017500
0 1.201887 0.138750 0.026415 0.027500
0 1.232075 0.147500 0.026415 0.035000
0 1.254717 0.156250 0.033962 0.037500
0 1.137736 0.121250 0.018868 0.017500
0 1.058491 0.180000 0.041509 0.040000
0 1.033962 0.208750 0.037736 0.037500
0 1.067925 0.211250 0.037736 0.037500
0 1.096226 0.210000 0.026415 0.035000
0 1.126415 0.212500 0.033962 0.040000
0 1.124528 0.183750 0.022642 0.027500
0 1.156604 0.197500 0.033962 0.040000
0 1.186792 0.193750 0.026415 0.037500
0 1.184906 0.220000 0.030189 0.030000
0 1.198113 0.178750 0.026415 0.032500
0 1.220755 0.176250 0.026415 0.047500
0 1.237736 0.182500 0.022642 0.035000
0 1.245283 0.211250 0.022642 0.047500
0 1.207547 0.218750 0.052830 0.027500
0 1.307547 0.196250 0.026415 0.032500
0 1.330189 0.200000 0.018868 0.025000
0 1.352830 0.200000 0.026415 0.025000
0 1.377358 0.203750 0.022642 0.022500
0 1.409434 0.217500 0.033962 0.035000
0 1.428302 0.235000 0.026415 0.025000
0 1.450943 0.236250 0.018868 0.012500
0 1.475472 0.240000 0.015094 0.015000
0 1.494340 0.238750 0.015094 0.012500
0 1.354717 0.220000 0.015094 0.030000
0 1.345283 0.232500 0.033962 0.015000
0 1.386792 0.227500 0.033962 0.030000
0 1.294340 0.218750 0.030189 0.027500
0 0.028302 0.321250 0.056604 0.162500
0 0.639623 0.086250 0.018868 0.037500
