0 0.234875 0.446000 0.217082 0.396000
0 0.381673 0.444000 0.208185 0.381333
0 0.510676 0.454000 0.181495 0.332000
0 0.641459 0.439333 0.179715 0.332000
0 0.556940 0.428000 0.185053 0.338667
0 0.706406 0.427333 0.177936 0.324000
0 0.798932 0.444000 0.167260 0.309333
0 0.855872 0.419333 0.167260 0.310667
0 0.941281 0.437333 0.163701 0.304000
0 1.025801 0.419333 0.172598 0.318667
0 1.121886 0.428667 0.169039 0.310667
0 1.194840 0.413333 0.169039 0.309333
0 0.052491 0.326000 0.023132 0.046667
0 0.450178 0.285333 0.117438 0.112000
0 1.285587 0.363333 0.062278 0.094667
0 0.758007 0.328667 0.032028 0.028000
0 0.169039 0.318667 0.024911 0.024000
