0 0.082051 0.436458 0.138462 0.272917
0 0.183333 0.443750 0.166667 0.337500
0 0.275641 0.477083 0.105128 0.208333
0 0.334615 0.480208 0.100000 0.202083
0 0.416667 0.452083 0.151282 0.304167
0 0.460256 0.484375 0.115385 0.231250
0 0.524359 0.475000 0.125641 0.250000
0 0.621795 0.495833 0.084615 0.166667
0 0.651282 0.504167 0.061538 0.129167
0 0.694872 0.478125 0.107692 0.214583
0 0.730769 0.502083 0.082051 0.166667
0 0.783333 0.525000 0.048718 0.095833
0 0.806410 0.528125 0.043590 0.089583
0 0.908974 0.426042 0.310256 0.614583
0 1.070513 0.505208 0.100000 0.197917
0 1.102564 0.506250 0.123077 0.245833
0 1.151282 0.517708 0.097436 0.193750
0 1.185897 0.517708 0.089744 0.185417
0 0.033333 0.464583 0.066667 0.200000
0 0.016667 0.260417 0.033333 0.254167
0 0.064103 0.342708 0.035897 0.043750
0 0.602564 0.446875 0.041026 0.052083
0 1.200000 0.290625 0.020513 0.047917
0 1.148718 0.293750 0.025641 0.062500
0 1.038462 0.284375 0.025641 0.027083
0 1.033333 0.526042 0.041026 0.056250
0 0.085897 0.189583 0.084615 0.216667
0 0.196154 0.197917 0.135897 0.200000
0 0.317949 0.207292 0.107692 0.218750
0 0.689744 0.081250 0.128205 0.158333
