0 0.053333 0.416667 0.053333 0.103333
0 0.098889 0.434167 0.073333 0.135000
0 0.173333 0.475833 0.088889 0.161667
0 0.278889 0.423333 0.064444 0.123333
0 0.394444 0.460833 0.077778 0.145000
0 0.360000 0.419167 0.062222 0.115000
0 0.457778 0.417500 0.053333 0.101667
0 0.530000 0.445833 0.064444 0.118333
0 0.574444 0.396667 0.028889 0.056667
0 0.616667 0.435000 0.064444 0.116667
0 0.686667 0.430833 0.048889 0.095000
0 0.744444 0.467500 0.080000 0.151667
0 0.840000 0.451667 0.075556 0.140000
0 0.901111 0.440833 0.064444 0.118333
0 0.941111 0.430000 0.055556 0.103333
0 0.980000 0.428333 0.053333 0.103333
0 1.195556 0.475000 0.097778 0.183333
0 1.236667 0.463333 0.082222 0.153333
0 0.036667 0.378333 0.033333 0.036667
0 0.012222 0.378333 0.024444 0.040000
0 0.052222 0.348333 0.028889 0.026667
0 0.075556 0.380000 0.026667 0.036667
0 0.166667 0.389167 0.093333 0.055000
0 0.245556 0.398333 0.060000 0.080000
0 0.247778 0.373333 0.033333 0.026667
0 0.522222 0.384167 0.080000 0.045000
0 0.646667 0.369167 0.040000 0.038333
0 0.707778 0.383333 0.024444 0.023333
0 0.752222 0.392500 0.082222 0.061667
0 0.958889 0.370000 0.028889 0.023333
0 1.011111 0.380833 0.035556 0.031667
0 1.024444 0.367500 0.035556 0.028333
0 1.095556 0.380000 0.040000 0.026667
0 1.098889 0.365000 0.020000 0.023333
0 1.278889 0.410833 0.077778 0.065000
0 1.293333 0.406667 0.066667 0.056667
0 0.285556 0.362500 0.028889 0.035000
