0 0.399433 0.307759 0.124646 0.191379
0 0.339943 0.259483 0.033994 0.050000
0 0.611898 0.338793 0.192635 0.291379
0 0.672805 0.300000 0.144476 0.213793
0 0.813031 0.313793 0.164306 0.248276
0 0.902266 0.346552 0.235127 0.348276
0 0.963173 0.323276 0.169972 0.253448
0 1.033994 0.327586 0.164306 0.244828
0 1.086402 0.333621 0.155807 0.236207
0 1.172805 0.375000 0.283286 0.418966
0 1.283286 0.361207 0.209632 0.315517
0 1.419263 0.372414 0.260623 0.389655
0 1.550992 0.400862 0.184136 0.394828
0 0.468839 0.262069 0.031161 0.044828
0 0.491501 0.260345 0.031161 0.044828
0 0.449008 0.260345 0.031161 0.048276
0 0.855524 0.237069 0.056657 0.050000
0 0.709632 0.234483 0.036827 0.031034
0 1.245042 0.216379 0.065156 0.105172
0 1.507082 0.262931 0.073654 0.070690
