0 0.315000 0.582552 0.355000 0.654784
0 0.122500 0.610694 0.245000 0.575985
0 0.380000 0.362101 0.210000 0.382739
0 0.531250 0.372420 0.127500 0.238274
0 0.581250 0.166979 0.082500 0.150094
0 0.705000 0.077861 0.055000 0.103189
0 0.727500 0.052533 0.055000 0.101313
0 0.648750 0.081614 0.052500 0.103189
0 0.513750 0.276735 0.147500 0.272045
0 0.082500 0.330206 0.150000 0.112570
0 0.113750 0.402439 0.147500 0.219512
0 0.072500 0.237336 0.145000 0.170732
0 0.236250 0.202627 0.152500 0.127580
0 0.243750 0.146341 0.047500 0.063790
0 0.286250 0.142589 0.062500 0.045028
0 0.377500 0.124765 0.065000 0.080675
0 0.431250 0.142589 0.097500 0.105066
0 0.411250 0.216698 0.097500 0.103189
0 0.433750 0.195122 0.062500 0.063790
0 0.508750 0.918386 0.317500 0.148218
0 0.643750 0.511257 0.332500 0.429644
0 0.528750 0.127580 0.052500 0.078799
0 0.512500 0.056285 0.035000 0.045028
0 0.543750 0.053471 0.047500 0.043152
0 0.578750 0.048780 0.032500 0.045028
0 0.570000 0.075047 0.040000 0.037523
0 0.612500 0.058161 0.030000 0.045028
0 0.628750 0.029081 0.037500 0.039400
0 0.667500 0.038462 0.030000 0.061914
0 0.693750 0.015009 0.022500 0.030019
