0 0.354000 0.622807 0.052000 0.187135
0 0.656000 0.692982 0.080000 0.292398
0 0.936000 0.603801 0.032000 0.119883
0 0.488000 0.589181 0.024000 0.090643
0 0.099000 0.654971 0.070000 0.105263
0 0.121000 0.573099 0.058000 0.081871
0 0.165000 0.599415 0.034000 0.099415
0 0.545000 0.714912 0.102000 0.125731
0 0.734000 0.654971 0.060000 0.152047
0 0.724000 0.565789 0.048000 0.108187
0 0.792000 0.590643 0.028000 0.076023
0 0.857000 0.573099 0.030000 0.081871
0 0.465000 0.633041 0.054000 0.078947
0 0.535000 0.621345 0.030000 0.067251
