0 0.088889 0.572917 0.061111 0.190972
0 0.040972 0.549479 0.048611 0.151042
0 0.258333 0.584201 0.069444 0.213542
0 0.300694 0.630208 0.104167 0.315972
0 0.682639 0.596354 0.068056 0.213542
0 0.727083 0.648438 0.090278 0.279514
0 0.840278 0.589410 0.075000 0.234375
0 0.936806 0.650174 0.090278 0.279514
0 0.376389 0.486111 0.022222 0.069444
0 0.404861 0.477431 0.034722 0.111111
0 0.560417 0.500000 0.018056 0.059028
0 0.334722 0.434028 0.027778 0.086806
0 0.363889 0.428819 0.027778 0.090278
0 0.173611 0.480903 0.033333 0.104167
0 0.130556 0.459201 0.036111 0.109375
0 0.499306 0.589410 0.112500 0.293403
0 0.784722 0.424479 0.047222 0.046875
0 0.208333 0.414931 0.033333 0.034722
0 0.216667 0.355903 0.027778 0.045139
