0 0.045333 0.397000 0.090667 0.178000
0 0.109333 0.295000 0.090667 0.166000
0 0.156000 0.282000 0.088000 0.160000
0 0.874667 0.379000 0.090667 0.166000
0 1.225333 0.295000 0.077333 0.146000
0 1.013333 0.294000 0.074667 0.144000
0 1.080000 0.337000 0.048000 0.094000
0 0.968000 0.314000 0.053333 0.100000
0 0.764000 0.292000 0.061333 0.116000
0 0.704000 0.312000 0.037333 0.072000
0 0.652000 0.311000 0.045333 0.082000
0 0.509333 0.299000 0.048000 0.090000
0 0.469333 0.278000 0.064000 0.124000
0 0.418667 0.274000 0.074667 0.136000
0 0.392000 0.299000 0.048000 0.090000
0 0.536000 0.283000 0.064000 0.122000
0 0.232000 0.207000 0.037333 0.046000
0 0.033333 0.192000 0.056000 0.084000
0 0.317333 0.205000 0.069333 0.074000
0 0.310667 0.255000 0.040000 0.050000
0 0.724000 0.233000 0.061333 0.066000
0 0.626667 0.212000 0.069333 0.076000
0 0.910667 0.229000 0.050667 0.058000
0 1.089333 0.224000 0.061333 0.068000
0 1.138667 0.283000 0.042667 0.050000
0 0.281333 0.349000 0.141333 0.078000
0 0.605333 0.358000 0.106667 0.132000
