0 0.116206 0.705882 0.091709 0.337761
0 0.193467 0.705882 0.095477 0.352941
0 0.141960 0.683112 0.087940 0.326376
0 0.254397 0.684061 0.101759 0.381404
0 0.331030 0.704934 0.101759 0.381404
0 0.416457 0.690702 0.111809 0.413662
0 0.489950 0.696395 0.097990 0.368121
0 0.454774 0.671727 0.108040 0.398482
0 0.233668 0.692600 0.092965 0.341556
0 0.570352 0.703985 0.097990 0.368121
0 0.545854 0.667932 0.106784 0.398482
0 0.663945 0.674573 0.121859 0.449715
0 0.765075 0.677419 0.123116 0.455408
0 0.871231 0.706831 0.114322 0.419355
0 0.961683 0.681214 0.076633 0.413662
0 0.899497 0.667932 0.115578 0.432638
0 0.373744 0.498102 0.038945 0.096774
