0 0.477745 0.286667 0.100890 0.140000
0 0.697329 0.289167 0.083086 0.115000
0 0.915430 0.284167 0.086053 0.121667
0 0.802671 0.298333 0.127596 0.176667
0 0.146884 0.306667 0.097923 0.120000
0 0.243323 0.312500 0.083086 0.131667
0 0.381306 0.325000 0.127596 0.153333
0 0.581602 0.342500 0.136499 0.168333
0 0.568249 0.221667 0.068249 0.060000
0 1.020772 0.357500 0.106825 0.181667
0 1.017804 0.221667 0.100890 0.070000
0 1.178042 0.325833 0.136499 0.118333
0 1.143917 0.223333 0.080119 0.036667
0 1.396142 0.326667 0.127596 0.156667
0 1.624629 0.308333 0.133531 0.143333
