0 0.107887 0.453552 0.049107 0.229508
0 0.179315 0.531421 0.055060 0.248634
0 0.262649 0.543716 0.061012 0.278689
0 0.372024 0.539617 0.065476 0.297814
0 0.326637 0.364754 0.046131 0.210383
0 0.548363 0.540984 0.058036 0.267760
0 0.647321 0.515027 0.050595 0.232240
0 0.777530 0.525956 0.063988 0.286885
0 0.024554 0.334699 0.031250 0.128415
0 0.051339 0.326503 0.025298 0.112022
0 0.615327 0.101093 0.025298 0.060109
0 0.599702 0.155738 0.023810 0.049180
0 0.621280 0.153005 0.022321 0.043716
0 0.651042 0.142077 0.022321 0.054645
0 0.590030 0.209016 0.025298 0.057377
0 0.517857 0.143443 0.029762 0.084699
0 0.465774 0.124317 0.017857 0.051913
0 0.202381 0.941257 0.068452 0.095628
0 0.133929 0.941257 0.059524 0.112022
0 0.919643 0.254098 0.032738 0.147541
0 0.910714 0.094262 0.023810 0.084699
0 0.879464 0.109290 0.035714 0.109290
0 0.966518 0.080601 0.028274 0.057377
0 0.985863 0.076503 0.022321 0.071038
0 0.976190 0.241803 0.032738 0.106557
0 0.840774 0.116120 0.026786 0.057377
0 0.813244 0.102459 0.031250 0.073770
0 0.718006 0.124317 0.013393 0.040984
0 0.703125 0.114754 0.025298 0.049180
0 0.436756 0.124317 0.022321 0.051913
0 0.215030 0.058743 0.028274 0.051913
0 0.194940 0.277322 0.026786 0.040984
0 0.139881 0.224044 0.020833 0.038251
0 0.096726 0.157104 0.020833 0.035519
0 0.072917 0.159836 0.023810 0.035519
0 0.125000 0.106557 0.023810 0.021858
0 0.258185 0.213115 0.022321 0.038251
0 0.211310 0.215847 0.020833 0.049180
0 0.369048 0.303279 0.017857 0.049180
0 0.302827 0.311475 0.022321 0.038251
0 0.282738 0.316940 0.017857 0.038251
0 0.407738 0.286885 0.020833 0.043716
0 0.569940 0.184426 0.017857 0.051913
0 0.040923 0.893443 0.034226 0.092896
