0 0.078692 0.447826 0.065375 0.095652
0 0.127119 0.431159 0.065375 0.094203
0 0.221550 0.447101 0.070218 0.102899
0 0.480630 0.465217 0.060533 0.089855
0 0.403148 0.451449 0.065375 0.100000
0 0.378935 0.434783 0.065375 0.095652
0 0.585956 0.457971 0.058111 0.086957
0 0.538741 0.451449 0.060533 0.088406
0 0.710654 0.427536 0.055690 0.084058
0 0.745763 0.457971 0.062954 0.092754
0 0.815981 0.439130 0.053269 0.078261
0 0.842615 0.449275 0.043584 0.066667
0 0.998789 0.445652 0.050847 0.076812
0 0.956416 0.434058 0.048426 0.073913
0 1.038741 0.425362 0.053269 0.079710
0 1.093220 0.442754 0.055690 0.085507
0 1.152542 0.433333 0.058111 0.084058
0 1.248184 0.408696 0.046005 0.069565
0 1.278450 0.428986 0.048426 0.072464
0 1.118644 0.316667 0.038741 0.056522
0 0.980630 0.290580 0.024213 0.039130
0 1.435835 0.410870 0.048426 0.071014
0 1.409201 0.399275 0.043584 0.062319
0 1.634383 0.378261 0.043584 0.063768
0 1.273608 0.294203 0.024213 0.040580
0 1.299031 0.287681 0.031477 0.044928
0 1.347458 0.286957 0.021792 0.034783
0 1.406780 0.300725 0.029056 0.047826
0 0.483051 0.553623 0.210654 0.075362
0 0.790557 0.567391 0.162228 0.044928
0 1.111380 0.550000 0.222760 0.094203
0 1.506053 0.345652 0.043584 0.033333
0 1.546005 0.366667 0.041162 0.034783
