0 0.178994 0.454444 0.133136 0.242222
0 0.454142 0.440000 0.121302 0.222222
0 0.363905 0.407778 0.094675 0.175556
0 0.306213 0.396667 0.068047 0.131111
0 0.285503 0.383333 0.062130 0.117778
0 0.526627 0.391111 0.059172 0.115556
0 0.568047 0.367778 0.047337 0.086667
0 0.633136 0.408889 0.071006 0.137778
0 0.698225 0.427778 0.100592 0.188889
0 0.818047 0.394444 0.079882 0.144444
0 0.897929 0.422222 0.085799 0.164444
0 1.047337 0.484444 0.153846 0.284444
0 0.485207 0.331111 0.029586 0.048889
0 0.112426 0.327778 0.023669 0.033333
0 0.147929 0.332222 0.029586 0.060000
0 0.263314 0.325556 0.029586 0.042222
