0 0.221000 0.534535 0.030000 0.120120
0 0.375000 0.545045 0.030000 0.117117
0 0.464000 0.566066 0.036000 0.135135
0 0.511000 0.572072 0.038000 0.147147
0 0.575000 0.560060 0.034000 0.123123
0 0.654000 0.608108 0.052000 0.189189
0 0.686000 0.639640 0.064000 0.240240
0 0.755000 0.626126 0.066000 0.243243
0 0.796000 0.590090 0.048000 0.177177
0 0.834000 0.585586 0.048000 0.174174
0 0.963000 0.630631 0.050000 0.186186
0 0.655000 0.472973 0.022000 0.033033
0 0.692000 0.495495 0.032000 0.060060
0 0.928000 0.492492 0.028000 0.054054
0 0.956000 0.509009 0.032000 0.081081
0 0.576000 0.277778 0.028000 0.069069
0 0.610000 0.283784 0.036000 0.039039
0 0.667000 0.291291 0.026000 0.072072
0 0.863000 0.322823 0.038000 0.057057
0 0.830000 0.325826 0.036000 0.057057
0 0.804000 0.319820 0.028000 0.051051
0 0.888000 0.276276 0.020000 0.054054
0 0.948000 0.396396 0.032000 0.054054
0 0.600000 0.486486 0.044000 0.048048
0 0.607000 0.522523 0.034000 0.024024
