0 0.021818 0.442901 0.007273 0.040123
0 0.048182 0.472222 0.023636 0.104938
0 0.063636 0.483025 0.025455 0.108025
0 0.080909 0.493827 0.027273 0.123457
0 0.090909 0.509259 0.032727 0.141975
0 0.105455 0.524691 0.050909 0.209877
0 0.140909 0.486111 0.030909 0.126543
0 0.190000 0.574074 0.056364 0.240741
0 0.235455 0.611111 0.067273 0.283951
0 0.280909 0.546296 0.049091 0.203704
0 0.334545 0.577160 0.047273 0.197531
0 0.382727 0.603395 0.056364 0.243827
0 0.449091 0.625000 0.058182 0.250000
0 0.429091 0.561728 0.043636 0.179012
0 0.505455 0.594136 0.050909 0.212963
0 0.526364 0.697531 0.078182 0.320988
0 0.570000 0.631173 0.052727 0.225309
0 0.558182 0.538580 0.032727 0.145062
0 0.610909 0.583333 0.050909 0.222222
0 0.664545 0.763889 0.096364 0.410494
0 0.720909 0.598765 0.060000 0.246914
0 0.760000 0.646605 0.069091 0.287037
0 0.801818 0.717593 0.083636 0.348765
0 0.856364 0.591049 0.043636 0.182099
0 0.907273 0.628086 0.050909 0.219136
0 0.930909 0.695988 0.069091 0.293210
0 0.966364 0.603395 0.052727 0.219136
0 0.890909 0.557099 0.032727 0.132716
0 0.214545 0.513889 0.036364 0.151235
0 0.942727 0.486111 0.030909 0.064815
0 0.888182 0.476852 0.027273 0.052469
0 0.865455 0.475309 0.025455 0.074074
0 0.673636 0.544753 0.049091 0.083333
0 0.804545 0.518519 0.038182 0.049383
0 0.782727 0.475309 0.121818 0.074074
0 0.681818 0.455247 0.072727 0.064815
0 0.525455 0.447531 0.112727 0.080247
0 0.610909 0.464506 0.058182 0.070988
0 0.410909 0.441358 0.109091 0.074074
0 0.278182 0.445988 0.065455 0.077160
0 0.340000 0.458333 0.043636 0.095679
0 0.202727 0.433642 0.078182 0.052469
