0 0.037755 0.777439 0.075510 0.426829
0 0.081633 0.754573 0.053061 0.198171
0 0.169388 0.753049 0.077551 0.286585
0 0.214286 0.737805 0.073469 0.274390
0 0.240816 0.766768 0.073469 0.271341
0 0.304082 0.791159 0.073469 0.265244
0 0.355102 0.733232 0.048980 0.179878
0 0.381633 0.730183 0.048980 0.185976
0 0.425510 0.754573 0.034694 0.137195
0 0.456122 0.719512 0.067347 0.256098
0 0.488776 0.742378 0.055102 0.204268
0 0.535714 0.722561 0.059184 0.219512
0 0.568367 0.730183 0.055102 0.210366
0 0.610204 0.771341 0.085714 0.310976
0 0.707143 0.751524 0.071429 0.271341
0 0.785714 0.740854 0.069388 0.262195
0 0.816327 0.699695 0.053061 0.198171
0 0.886735 0.687500 0.042857 0.155488
0 0.951020 0.807927 0.097959 0.365854
0 0.136735 0.640244 0.028571 0.067073
0 0.245918 0.631098 0.046939 0.097561
0 0.309184 0.649390 0.042857 0.085366
0 0.356122 0.626524 0.034694 0.057927
0 0.978571 0.661585 0.038776 0.182927
0 0.419388 0.631098 0.075510 0.073171
0 0.544898 0.611280 0.110204 0.057927
0 0.661224 0.635671 0.057143 0.064024
