0 0.221453 0.222000 0.311419 0.444000
0 0.358131 0.139000 0.121107 0.170000
0 0.458478 0.114000 0.107266 0.152000
0 0.589965 0.148000 0.148789 0.208000
0 0.749135 0.329000 0.335640 0.478000
0 0.880623 0.132000 0.093426 0.136000
0 1.029412 0.135000 0.176471 0.254000
0 1.062284 0.201000 0.207612 0.298000
0 1.323529 0.124000 0.079585 0.112000
0 1.204152 0.086000 0.069204 0.096000
0 1.377163 0.092000 0.069204 0.100000
0 1.525952 0.094000 0.069204 0.096000
0 1.591696 0.332000 0.276817 0.464000
0 1.588235 0.135000 0.103806 0.150000
0 1.667820 0.085000 0.055363 0.062000
0 0.612457 0.061000 0.622837 0.094000
