0 0.035301 0.798261 0.070602 0.281739
0 0.075231 0.726087 0.069444 0.259130
0 0.130787 0.803478 0.076389 0.278261
0 0.163194 0.721739 0.069444 0.260870
0 0.224537 0.802609 0.078704 0.293913
0 0.322917 0.799130 0.071759 0.266087
0 0.253472 0.718261 0.069444 0.253913
0 0.349537 0.723478 0.064815 0.240000
0 0.403935 0.799130 0.074074 0.273043
0 0.431134 0.720000 0.063657 0.240000
0 0.465856 0.637391 0.065972 0.245217
0 0.506366 0.792174 0.077546 0.290435
0 0.530093 0.714783 0.067130 0.250435
0 0.612269 0.786957 0.074074 0.276522
0 0.638310 0.714783 0.065972 0.243478
0 0.711227 0.793043 0.075231 0.281739
0 0.812500 0.795652 0.074074 0.276522
0 0.911458 0.780000 0.075231 0.280000
0 0.714699 0.633043 0.045139 0.104348
0 0.806134 0.625217 0.045139 0.085217
0 0.910880 0.618261 0.037037 0.081739
0 0.022569 0.528696 0.028935 0.052174
0 0.027199 0.420870 0.033565 0.073043
0 0.071181 0.479130 0.026620 0.050435
0 0.115162 0.537391 0.033565 0.066087
0 0.188079 0.537391 0.028935 0.038261
0 0.186921 0.410435 0.028935 0.055652
0 0.137153 0.358261 0.035880 0.041739
0 0.223958 0.351304 0.038194 0.048696
0 0.262153 0.411304 0.031250 0.043478
0 0.398148 0.469565 0.032407 0.069565
0 0.430556 0.417391 0.027778 0.059130
0 0.488426 0.478261 0.034722 0.059130
0 0.523148 0.178261 0.027778 0.046957
0 0.668981 0.125217 0.030093 0.059130
0 0.340856 0.260870 0.026620 0.069565
0 0.863426 0.107826 0.025463 0.041739
0 0.484375 0.100000 0.042824 0.088696
0 0.164931 0.103478 0.040509 0.064348
0 0.134838 0.160870 0.028935 0.057391
0 0.260417 0.282609 0.032407 0.064348
0 0.501157 0.293913 0.990741 0.566957
