0 0.091667 0.640000 0.083333 0.284444
0 0.151667 0.620000 0.083333 0.271111
0 0.188333 0.608889 0.083333 0.284444
0 0.245000 0.608889 0.083333 0.266667
0 0.350000 0.606667 0.073333 0.244444
0 0.446667 0.600000 0.080000 0.257778
0 0.531667 0.595556 0.070000 0.240000
0 0.585000 0.582222 0.070000 0.231111
0 0.628333 0.586667 0.070000 0.231111
0 0.693333 0.584444 0.066667 0.217778
0 0.736667 0.591111 0.066667 0.231111
0 0.790000 0.568889 0.066667 0.222222
0 0.825000 0.557778 0.070000 0.235556
0 0.906667 0.564444 0.060000 0.195556
0 0.953333 0.571111 0.053333 0.182222
0 0.318333 0.515556 0.036667 0.062222
0 0.491667 0.488889 0.043333 0.062222
0 0.663333 0.482222 0.040000 0.066667
0 0.968333 0.484444 0.036667 0.080000
