0 0.064465 0.498958 0.128931 0.297917
0 0.062893 0.421875 0.125786 0.252083
0 0.157233 0.427083 0.144654 0.241667
0 0.194969 0.491667 0.188679 0.308333
0 0.284591 0.438542 0.141509 0.235417
0 0.334906 0.511458 0.166667 0.268750
0 0.402516 0.433333 0.144654 0.241667
0 0.526730 0.439583 0.154088 0.254167
0 0.460692 0.503125 0.185535 0.306250
0 0.600629 0.510417 0.176101 0.291667
0 0.671384 0.437500 0.166667 0.270833
0 0.751572 0.511458 0.176101 0.289583
0 0.798742 0.433333 0.169811 0.279167
0 0.913522 0.505208 0.191824 0.310417
0 0.930818 0.436458 0.169811 0.281250
0 1.069182 0.500000 0.188679 0.312500
0 1.078616 0.443750 0.163522 0.262500
0 1.227987 0.502083 0.191824 0.312500
0 1.224843 0.443750 0.166667 0.275000
0 1.419811 0.508333 0.179245 0.295833
0 1.388365 0.439583 0.166667 0.275000
