0 0.024167 0.362565 0.048333 0.301047
0 0.048333 0.353403 0.070000 0.272251
0 0.137500 0.378272 0.068333 0.264398
0 0.186667 0.361257 0.063333 0.251309
0 0.230000 0.361257 0.056667 0.225131
0 0.311667 0.354712 0.056667 0.222513
0 0.335833 0.390052 0.081667 0.319372
0 0.358333 0.353403 0.056667 0.225131
0 0.383333 0.335079 0.060000 0.230366
0 0.413333 0.339005 0.056667 0.217277
0 0.440000 0.341623 0.053333 0.206806
0 0.488333 0.587696 0.166667 0.636126
0 0.523333 0.352094 0.046667 0.180628
0 0.535000 0.371728 0.033333 0.125654
0 0.551667 0.353403 0.046667 0.178010
0 0.584167 0.379581 0.078333 0.303665
0 0.675000 0.337696 0.046667 0.183246
0 0.717500 0.357330 0.045000 0.170157
0 0.755833 0.362565 0.045000 0.180628
0 0.792500 0.561518 0.175000 0.672775
0 0.870000 0.350785 0.050000 0.193717
0 0.914167 0.374346 0.055000 0.214660
0 0.950000 0.358639 0.043333 0.172775
0 0.981667 0.213351 0.026667 0.102094
0 0.940000 0.204188 0.030000 0.115183
0 0.824167 0.181937 0.028333 0.107330
0 0.751667 0.180628 0.030000 0.120419
0 0.694167 0.176702 0.035000 0.138743
0 0.645000 0.181937 0.033333 0.128272
0 0.610000 0.180628 0.033333 0.125654
0 0.714167 0.180628 0.038333 0.146597
0 0.470833 0.261780 0.025000 0.041885
0 0.506667 0.289267 0.016667 0.039267
0 0.867500 0.153141 0.028333 0.060209
0 0.883333 0.147906 0.023333 0.044503
0 0.883333 0.217277 0.023333 0.089005
0 0.904167 0.213351 0.021667 0.081152
0 0.749167 0.125654 0.025000 0.047120
0 0.727500 0.098168 0.025000 0.034031
0 0.707500 0.087696 0.028333 0.039267
0 0.558333 0.064136 0.026667 0.034031
0 0.591667 0.066754 0.023333 0.039267
0 0.609167 0.071990 0.021667 0.039267
0 0.541667 0.034031 0.023333 0.052356
0 0.558333 0.044503 0.023333 0.052356
0 0.587500 0.023560 0.028333 0.047120
0 0.732500 0.056283 0.218333 0.112565
0 0.930833 0.054974 0.125000 0.104712
