0 0.254375 0.470000 0.241250 0.783333
0 0.375625 0.411667 0.108750 0.353333
0 0.551250 0.419167 0.060000 0.198333
0 0.690625 0.376667 0.043750 0.143333
0 0.891875 0.385000 0.038750 0.130000
0 0.743750 0.413333 0.040000 0.130000
0 0.020625 0.418333 0.041250 0.226667
0 0.023750 0.407500 0.045000 0.145000
0 0.040000 0.402500 0.045000 0.148333
0 0.063125 0.403333 0.046250 0.153333
0 0.081875 0.398333 0.046250 0.156667
0 0.106875 0.396667 0.046250 0.156667
0 0.144375 0.391667 0.056250 0.186667
0 0.011250 0.249167 0.022500 0.085000
0 0.036250 0.250000 0.025000 0.086667
0 0.050000 0.252500 0.025000 0.085000
0 0.071875 0.253333 0.028750 0.096667
0 0.102500 0.253333 0.027500 0.090000
0 0.018125 0.127500 0.026250 0.088333
0 0.040625 0.189167 0.028750 0.095000
0 0.095625 0.138333 0.023750 0.083333
0 0.108125 0.139167 0.023750 0.081667
0 0.132500 0.155833 0.027500 0.088333
0 0.146250 0.155833 0.027500 0.095000
0 0.162500 0.157500 0.025000 0.085000
0 0.175000 0.155000 0.025000 0.080000
0 0.186250 0.157500 0.022500 0.075000
0 0.230625 0.158333 0.023750 0.080000
0 0.344375 0.183333 0.023750 0.076667
0 0.359375 0.184167 0.021250 0.075000
0 0.372500 0.185000 0.022500 0.076667
0 0.335625 0.145000 0.023750 0.080000
0 0.353125 0.145833 0.023750 0.078333
0 0.370000 0.146667 0.022500 0.076667
0 0.386250 0.148333 0.022500 0.076667
0 0.417500 0.202500 0.020000 0.065000
0 0.398125 0.260000 0.018750 0.066667
0 0.428750 0.255833 0.022500 0.078333
0 0.445625 0.263333 0.023750 0.083333
0 0.469375 0.262500 0.026250 0.085000
0 0.552500 0.259167 0.027500 0.091667
0 0.566875 0.257500 0.026250 0.088333
0 0.411875 0.385833 0.038750 0.125000
0 0.433750 0.404167 0.022500 0.078333
0 0.450000 0.385833 0.037500 0.121667
0 0.462500 0.394167 0.032500 0.105000
0 0.477500 0.382500 0.037500 0.125000
0 0.486875 0.385833 0.033750 0.115000
0 0.500000 0.385000 0.035000 0.113333
0 0.522500 0.383333 0.035000 0.116667
0 0.581875 0.261667 0.023750 0.080000
0 0.487500 0.215833 0.027500 0.088333
0 0.497500 0.213333 0.027500 0.090000
0 0.507500 0.220833 0.025000 0.085000
0 0.520625 0.220000 0.023750 0.080000
0 0.536250 0.228333 0.020000 0.066667
0 0.605000 0.267500 0.022500 0.075000
0 0.625625 0.261667 0.023750 0.083333
0 0.643750 0.260833 0.025000 0.085000
0 0.595000 0.381667 0.030000 0.096667
0 0.616875 0.381667 0.038750 0.126667
0 0.630625 0.385833 0.028750 0.095000
0 0.645625 0.384167 0.026250 0.091667
0 0.660625 0.381667 0.031250 0.100000
0 0.668750 0.372500 0.035000 0.115000
0 0.708125 0.372500 0.031250 0.101667
0 0.723750 0.378333 0.030000 0.100000
0 0.744375 0.380000 0.041250 0.133333
0 0.791250 0.370833 0.032500 0.105000
0 0.761875 0.375833 0.023750 0.081667
0 0.822500 0.377500 0.027500 0.088333
0 0.806250 0.370833 0.030000 0.098333
0 0.834375 0.370000 0.028750 0.096667
0 0.846250 0.372500 0.027500 0.091667
0 0.856875 0.377500 0.023750 0.081667
0 0.865625 0.369167 0.028750 0.095000
0 0.903750 0.369167 0.027500 0.095000
0 0.922500 0.362500 0.030000 0.101667
0 0.930625 0.365833 0.028750 0.095000
0 0.951875 0.370000 0.023750 0.080000
0 0.970000 0.368333 0.027500 0.090000
0 0.990625 0.367500 0.018750 0.095000
0 0.658750 0.263333 0.022500 0.076667
0 0.701875 0.261667 0.018750 0.066667
0 0.717500 0.260833 0.022500 0.071667
0 0.733125 0.267500 0.018750 0.061667
0 0.745625 0.265833 0.021250 0.071667
0 0.754375 0.265000 0.021250 0.070000
0 0.643750 0.149167 0.017500 0.058333
0 0.765625 0.268333 0.021250 0.070000
0 0.775625 0.264167 0.021250 0.075000
0 0.782500 0.262500 0.022500 0.075000
0 0.790000 0.265833 0.022500 0.075000
0 0.815625 0.264167 0.021250 0.075000
0 0.825625 0.263333 0.021250 0.073333
0 0.853750 0.262500 0.025000 0.081667
0 0.872500 0.261667 0.022500 0.073333
0 0.881250 0.260833 0.022500 0.075000
0 0.894375 0.264167 0.018750 0.065000
0 0.905000 0.263333 0.017500 0.060000
0 0.914375 0.268333 0.016250 0.056667
0 0.933125 0.269167 0.016250 0.058333
0 0.833125 0.199167 0.018750 0.061667
0 0.820625 0.196667 0.018750 0.060000
0 0.853750 0.190833 0.017500 0.058333
0 0.869375 0.200000 0.016250 0.056667
0 0.020000 0.194167 0.027500 0.045000
0 0.066250 0.200000 0.032500 0.046667
0 0.059375 0.145000 0.023750 0.053333
0 0.079375 0.151667 0.028750 0.060000
0 0.205000 0.155000 0.020000 0.060000
0 0.216875 0.156667 0.021250 0.060000
0 0.404375 0.160000 0.018750 0.036667
0 0.578125 0.346667 0.026250 0.043333
0 0.512500 0.335833 0.022500 0.031667
0 0.585000 0.331667 0.017500 0.036667
0 0.715000 0.329167 0.007500 0.038333
0 0.718750 0.300000 0.025000 0.040000
0 0.775000 0.297500 0.020000 0.045000
0 0.798750 0.303333 0.022500 0.026667
0 0.709375 0.179167 0.571250 0.128333
