0 0.986304 0.554270 0.027392 0.162037
0 0.634645 0.473765 0.045525 0.149177
0 0.715278 0.470936 0.050926 0.165123
0 0.063850 0.604167 0.094522 0.309156
0 0.105710 0.626286 0.118056 0.384259
0 0.155285 0.685185 0.158565 0.516461
0 0.311535 0.568158 0.099151 0.322531
0 0.400463 0.596451 0.112654 0.367798
0 0.534144 0.652778 0.156250 0.508230
0 0.598765 0.555041 0.087963 0.286008
0 0.726659 0.586934 0.099151 0.322016
0 0.910880 0.621142 0.131173 0.427469
0 0.601466 0.429784 0.023920 0.065329
0 0.639853 0.501029 0.060571 0.138889
