0 1.291667 0.467120 0.196667 0.326531
0 1.396667 0.425170 0.133333 0.224490
0 1.213333 0.433107 0.160000 0.267574
0 1.150000 0.414966 0.106667 0.181406
0 1.098333 0.391156 0.090000 0.151927
0 1.026667 0.417234 0.133333 0.222222
0 0.950000 0.380952 0.066667 0.113379
0 0.898333 0.453515 0.156667 0.263039
0 0.823333 0.401361 0.093333 0.158730
0 0.741667 0.402494 0.090000 0.156463
0 0.676667 0.403628 0.106667 0.176871
0 0.510000 0.433107 0.126667 0.208617
0 0.393333 0.416100 0.100000 0.165533
0 0.318333 0.397959 0.096667 0.160998
0 0.270000 0.413832 0.093333 0.160998
0 0.428333 0.353741 0.043333 0.072562
0 0.631667 0.346939 0.036667 0.054422
0 0.581667 0.366213 0.063333 0.070295
0 0.678333 0.321995 0.643333 0.036281
