0 0.176087 0.554348 0.017391 0.033333
0 1.484783 0.553623 0.030435 0.057971
0 1.465217 0.551449 0.039130 0.062319
0 1.361957 0.552174 0.036957 0.060870
0 1.288043 0.547101 0.032609 0.053623
0 1.302174 0.547101 0.026087 0.047826
0 1.192391 0.559420 0.054348 0.086957
0 1.055435 0.564493 0.054348 0.091304
0 0.930435 0.554348 0.026087 0.047826
0 0.641304 0.576812 0.052174 0.089855
0 0.693478 0.574638 0.056522 0.097101
0 0.558696 0.576087 0.047826 0.076812
0 0.544565 0.565942 0.036957 0.059420
0 0.525000 0.575362 0.023913 0.040580
0 0.479348 0.565942 0.032609 0.056522
0 0.450000 0.569565 0.039130 0.063768
0 0.436957 0.560145 0.039130 0.065217
0 0.263043 0.598551 0.078261 0.130435
0 0.309783 0.594203 0.071739 0.118841
0 0.353261 0.592029 0.076087 0.128986
0 0.751087 0.566667 0.041304 0.069565
0 0.775000 0.566667 0.041304 0.069565
0 0.813043 0.569565 0.039130 0.063768
0 0.831522 0.569565 0.036957 0.063768
0 0.593478 0.562319 0.034783 0.057971
0 0.208696 0.552174 0.417391 0.028986
0 0.982609 0.541304 0.091304 0.033333
0 1.119565 0.539855 0.121739 0.033333
0 0.721739 0.560870 0.313043 0.069565
0 0.500000 0.561594 0.030435 0.065217
0 0.913043 0.542754 0.021739 0.027536
0 1.265217 0.535507 0.026087 0.030435
