0 1.852300 0.331250 0.169492 0.222500
0 1.754237 0.357500 0.142857 0.182500
0 1.677966 0.342500 0.159806 0.205000
0 1.590799 0.349375 0.188862 0.241250
0 1.501211 0.367500 0.184019 0.235000
0 1.381356 0.368125 0.181598 0.231250
0 1.239709 0.360000 0.203390 0.255000
0 1.108959 0.362500 0.193705 0.247500
0 0.976998 0.351875 0.220339 0.278750
0 0.824455 0.358750 0.220339 0.280000
0 0.659806 0.368750 0.220339 0.277500
0 0.498789 0.362500 0.232446 0.297500
0 0.303874 0.365000 0.234867 0.295000
0 0.122276 0.377500 0.215496 0.275000
0 0.205811 0.301250 0.193705 0.245000
0 1.131961 0.291250 0.176755 0.222500
0 1.032688 0.295625 0.167070 0.213750
0 0.886199 0.290000 0.184019 0.232500
0 0.739709 0.295625 0.186441 0.236250
0 0.343826 0.288125 0.208232 0.266250
0 0.467312 0.304375 0.184019 0.231250
0 0.615012 0.298750 0.193705 0.247500
0 1.300242 0.290000 0.174334 0.220000
0 1.404358 0.298750 0.169492 0.217500
0 1.251816 0.241250 0.106538 0.082500
