0 0.139509 0.738095 0.118304 0.523810
0 0.200893 0.579365 0.129464 0.571429
0 0.122768 0.472222 0.084821 0.365079
0 0.236607 0.531746 0.098214 0.428571
0 0.297991 0.464286 0.082589 0.365079
0 0.427455 0.509921 0.104911 0.464286
0 0.457589 0.456349 0.084821 0.373016
0 0.564732 0.595238 0.125000 0.547619
0 0.631696 0.505952 0.102679 0.456349
0 0.779018 0.710317 0.125000 0.555556
0 0.747768 0.464286 0.080357 0.357143
0 0.793527 0.501984 0.091518 0.400794
0 0.885045 0.577381 0.118304 0.519841
0 0.943080 0.466270 0.082589 0.361111
0 0.948661 0.369048 0.098214 0.134921
