0 0.111111 0.354167 0.166667 0.312500
0 0.188889 0.351042 0.127778 0.239583
0 0.234722 0.352083 0.108333 0.200000
0 0.387500 0.356250 0.180556 0.329167
0 0.406944 0.356250 0.141667 0.258333
0 0.572222 0.382292 0.261111 0.481250
0 0.680556 0.369792 0.166667 0.306250
0 0.641667 0.360417 0.133333 0.245833
0 0.830556 0.364583 0.105556 0.200000
0 0.900000 0.372917 0.133333 0.245833
0 0.975000 0.371875 0.161111 0.302083
0 1.031944 0.372917 0.108333 0.200000
0 1.106944 0.377083 0.130556 0.241667
0 1.238889 0.385417 0.155556 0.287500
