0 0.158741 0.597852 0.166434 0.699284
0 0.244056 0.593079 0.152448 0.642005
0 0.316084 0.583532 0.153846 0.642005
0 0.358741 0.560859 0.130070 0.548926
0 0.374825 0.535800 0.120280 0.498807
0 0.640559 0.557279 0.125874 0.522673
0 0.690909 0.551313 0.137063 0.572792
0 0.736364 0.551313 0.155245 0.649165
0 0.802098 0.571599 0.155245 0.651551
0 0.872727 0.590692 0.181818 0.756563
0 0.458741 0.362768 0.083916 0.186158
0 0.534965 0.411695 0.074126 0.293556
0 0.593706 0.381862 0.062937 0.205251
0 0.462238 0.689737 0.127273 0.591885
0 0.590210 0.662291 0.137063 0.513126
