0 0.980000 0.115556 0.040000 0.066667
0 0.776667 0.433333 0.220000 0.364444
0 1.128333 0.415556 0.203333 0.337778
0 1.235000 0.386667 0.156667 0.253333
0 1.398333 0.364444 0.136667 0.226667
0 1.446667 0.401111 0.106667 0.313333
0 1.006667 0.366667 0.126667 0.213333
0 0.875000 0.387778 0.136667 0.224444
0 0.503333 0.383333 0.146667 0.242222
0 0.416667 0.401111 0.180000 0.291111
0 0.256667 0.426667 0.200000 0.324444
0 0.108333 0.381111 0.163333 0.268889
0 0.605000 0.355556 0.110000 0.177778
0 0.651667 0.364444 0.130000 0.217778
0 1.320000 0.343333 0.086667 0.144444
0 1.168333 0.391111 0.170000 0.284444
0 0.058333 0.387778 0.116667 0.224444
0 0.163333 0.284444 0.046667 0.053333
0 0.130000 0.258889 0.040000 0.028889
0 0.306667 0.281111 0.100000 0.073333
0 0.458333 0.273333 0.036667 0.035556
0 0.835000 0.284444 0.050000 0.040000
0 0.748333 0.120000 1.496667 0.240000
0 0.940000 0.331111 0.100000 0.133333
0 1.051667 0.313333 0.070000 0.093333
0 0.348333 0.286667 0.096667 0.048889
0 0.550000 0.301111 0.100000 0.073333
0 1.376667 0.288889 0.186667 0.044444
