0 0.153595 0.544118 0.104575 0.196078
0 0.223856 0.551471 0.107843 0.196078
0 0.274510 0.533088 0.078431 0.144608
0 0.331699 0.541667 0.081699 0.147059
0 0.444444 0.544118 0.084967 0.161765
0 0.493464 0.553922 0.104575 0.191176
0 0.535948 0.556373 0.098039 0.186275
0 0.614379 0.579657 0.124183 0.232843
0 0.674837 0.598039 0.120915 0.230392
0 0.800654 0.585784 0.111111 0.210784
0 0.862745 0.582108 0.104575 0.193627
0 0.991830 0.560049 0.094771 0.178922
0 1.029412 0.553922 0.084967 0.156863
0 1.070261 0.542892 0.075163 0.144608
0 0.380719 0.531863 0.068627 0.132353
0 1.189542 0.572304 0.098039 0.188725
0 1.076797 0.550245 0.055556 0.100490
0 1.261438 0.569853 0.084967 0.154412
0 1.171569 0.563725 0.081699 0.151961
0 0.083333 0.523284 0.075163 0.144608
0 0.751634 0.552696 0.078431 0.149510
0 0.972222 0.531863 0.062092 0.117647
0 0.895425 0.574755 0.098039 0.188725
0 0.037582 0.518382 0.075163 0.149510
0 0.704248 0.493873 0.055556 0.071078
0 0.040850 0.622549 0.081699 0.250000
0 0.338235 0.643382 0.382353 0.203431
0 0.575163 0.473039 0.790850 0.058824
0 1.098039 0.504902 0.058824 0.063725
0 0.441176 0.501225 0.058824 0.085784
0 0.116013 0.458333 0.042484 0.039216
