0 0.387960 0.450000 0.066890 0.130000
0 0.690635 0.460000 0.083612 0.150000
0 0.792642 0.435000 0.053512 0.100000
0 0.864548 0.433750 0.056856 0.107500
0 0.897993 0.440000 0.063545 0.115000
0 0.630435 0.441250 0.076923 0.147500
0 0.468227 0.460000 0.086957 0.165000
0 0.438127 0.452500 0.080268 0.155000
0 0.207358 0.443750 0.093645 0.172500
0 0.150502 0.440000 0.073579 0.140000
0 0.949833 0.427500 0.033445 0.070000
0 0.984950 0.442500 0.076923 0.140000
0 1.165552 0.440000 0.070234 0.135000
0 1.295987 0.438750 0.070234 0.127500
0 0.727425 0.403750 0.043478 0.072500
0 1.140468 0.452500 0.066890 0.110000
0 0.352843 0.388750 0.070234 0.032500
0 0.993311 0.407500 0.682274 0.070000
