0 0.179837 0.406364 0.234332 0.383636
0 0.292916 0.392727 0.209809 0.341818
0 0.456403 0.398182 0.220708 0.360000
0 0.649864 0.360000 0.188011 0.305455
0 0.737057 0.342727 0.155313 0.252727
0 0.920981 0.402727 0.239782 0.390909
0 1.014986 0.357273 0.177112 0.289091
0 1.192098 0.393636 0.220708 0.361818
0 1.395095 0.365455 0.185286 0.301818
0 0.053134 0.340000 0.106267 0.269091
0 0.129428 0.247273 0.095368 0.080000
0 0.335150 0.260909 0.049046 0.067273
0 0.509537 0.250909 0.108992 0.120000
0 1.155313 0.255455 0.092643 0.118182
0 1.257493 0.247273 0.046322 0.054545
