0 0.157480 0.416111 0.314961 0.547778
0 1.295276 0.434444 0.244094 0.475556
0 1.090551 0.396667 0.253543 0.435556
0 0.929134 0.357222 0.236220 0.410000
0 0.770079 0.336667 0.217323 0.377778
0 0.656693 0.314444 0.211024 0.366667
0 0.580315 0.302778 0.187402 0.325556
0 0.499213 0.285556 0.185827 0.320000
0 0.401575 0.271667 0.154331 0.265556
0 0.337795 0.264444 0.143307 0.248889
0 0.313386 0.257778 0.129134 0.222222
0 0.277165 0.244444 0.138583 0.240000
0 0.437008 0.282222 0.159055 0.277778
0 1.220472 0.314444 0.198425 0.342222
0 0.440157 0.130000 0.055118 0.028889
0 0.526772 0.155000 0.051969 0.063333
0 0.597638 0.165000 0.067717 0.076667
0 0.625197 0.131667 0.047244 0.034444
0 0.696063 0.150000 0.056693 0.064444
0 0.774803 0.131111 0.056693 0.035556
0 0.855118 0.192222 0.091339 0.095556
0 0.870866 0.141667 0.047244 0.043333
0 0.980315 0.197222 0.083465 0.105556
0 1.053543 0.179444 0.062992 0.074444
0 1.070079 0.203333 0.099213 0.113333
0 1.173228 0.187778 0.085039 0.097778
0 1.293701 0.178333 0.080315 0.078889
0 1.388189 0.224444 0.055118 0.146667
0 0.153543 0.139444 0.036220 0.094444
0 0.162205 0.133889 0.050394 0.103333
0 0.189764 0.137222 0.055118 0.092222
0 0.203150 0.105000 0.022047 0.023333
0 0.239370 0.102222 0.031496 0.031111
0 0.256693 0.117222 0.022047 0.025556
0 0.277953 0.113889 0.042520 0.056667
0 0.285827 0.097778 0.014173 0.015556
0 0.307087 0.120556 0.034646 0.045556
0 0.312598 0.105000 0.020472 0.025556
0 0.333858 0.132222 0.031496 0.064444
0 0.352756 0.105000 0.028346 0.023333
0 0.356693 0.123333 0.036220 0.046667
0 0.379528 0.121111 0.028346 0.044444
0 0.228346 0.139444 0.034646 0.090000
