0 0.169167 0.627778 0.085000 0.277778
0 0.339167 0.603333 0.068333 0.224444
0 0.431667 0.695556 0.123333 0.400000
0 0.490000 0.584444 0.056667 0.186667
0 0.580000 0.645556 0.103333 0.344444
0 0.631667 0.555556 0.040000 0.133333
0 0.715833 0.608889 0.075000 0.244444
0 0.766667 0.586667 0.060000 0.200000
0 0.814167 0.572222 0.055000 0.184444
0 0.845833 0.561111 0.048333 0.162222
0 0.891667 0.553333 0.040000 0.128889
0 0.970833 0.525556 0.021667 0.073333
0 0.223333 0.492222 0.030000 0.077778
0 0.252500 0.474444 0.025000 0.024444
0 0.287500 0.470000 0.028333 0.028889
0 0.317500 0.474444 0.018333 0.024444
0 0.352500 0.474444 0.018333 0.024444
0 0.376667 0.475556 0.016667 0.022222
0 0.395833 0.475556 0.018333 0.026667
0 0.410833 0.477778 0.015000 0.022222
0 0.423333 0.477778 0.013333 0.022222
0 0.435833 0.477778 0.011667 0.022222
0 0.448333 0.476667 0.013333 0.024444
0 0.464167 0.477778 0.015000 0.022222
0 0.490833 0.480000 0.015000 0.017778
0 0.504167 0.478889 0.018333 0.020000
0 0.518333 0.478889 0.013333 0.020000
0 0.530000 0.482222 0.013333 0.022222
0 0.540000 0.481111 0.010000 0.020000
0 0.550000 0.480000 0.013333 0.017778
0 0.675833 0.511111 0.025000 0.040000
0 0.729167 0.503333 0.015000 0.020000
0 0.703333 0.507778 0.010000 0.015556
0 0.955833 0.521111 0.085000 0.051111
