0 0.087349 0.583056 0.026104 0.116279
0 0.058233 0.601329 0.020080 0.086379
0 0.049197 0.594684 0.022088 0.093023
0 0.008032 0.593023 0.016064 0.102990
0 0.289157 0.737542 0.088353 0.365449
0 0.361446 0.739203 0.088353 0.355482
0 0.440763 0.725914 0.090361 0.375415
0 0.531124 0.725914 0.086345 0.355482
0 0.596386 0.722591 0.080321 0.335548
0 0.714859 0.722591 0.080321 0.322259
0 0.770080 0.707641 0.078313 0.318937
0 0.827309 0.719269 0.072289 0.289037
0 0.873494 0.715947 0.056225 0.235880
0 0.932731 0.717608 0.046185 0.192691
0 0.169679 0.548173 0.070281 0.099668
0 0.651606 0.619601 0.054217 0.162791
0 0.127510 0.576412 0.026104 0.102990
