0 0.154000 0.547619 0.092000 0.333333
0 0.215000 0.471726 0.074000 0.276786
0 0.197000 0.650298 0.118000 0.425595
0 0.322000 0.580357 0.088000 0.321429
0 0.354000 0.489583 0.076000 0.276786
0 0.349000 0.385417 0.058000 0.211310
0 0.443000 0.449405 0.058000 0.220238
0 0.545000 0.764881 0.126000 0.464286
0 0.615000 0.632440 0.090000 0.330357
0 0.455000 0.400298 0.054000 0.199405
0 0.572000 0.511905 0.080000 0.291667
0 0.646000 0.455357 0.068000 0.250000
0 0.731000 0.425595 0.062000 0.226190
0 0.773000 0.476190 0.062000 0.232143
0 0.803000 0.529762 0.082000 0.297619
0 0.897000 0.648810 0.098000 0.363095
0 0.603000 0.364583 0.042000 0.157738
0 0.642000 0.376488 0.052000 0.187500
0 0.559000 0.412202 0.054000 0.205357
0 0.588000 0.308036 0.032000 0.116071
0 0.485000 0.312500 0.038000 0.136905
0 0.307000 0.400298 0.062000 0.157738
0 0.540000 0.342262 0.028000 0.113095
0 0.545000 0.267857 0.062000 0.136905
