0 0.996241 0.475455 0.228070 0.405455
0 0.525063 0.471818 0.203008 0.358182
0 0.611529 0.428182 0.125313 0.223636
0 0.441103 0.459091 0.140351 0.252727
0 0.349624 0.427273 0.127820 0.225455
0 0.293233 0.458182 0.145363 0.261818
0 0.209273 0.500000 0.152882 0.276364
0 0.066416 0.485455 0.132832 0.287273
0 0.154135 0.450909 0.132832 0.240000
0 0.111529 0.424545 0.117794 0.209091
0 1.145363 0.354545 0.050125 0.094545
0 1.171679 0.361818 0.052632 0.094545
0 1.093985 0.353636 0.052632 0.096364
0 1.353383 0.357273 0.050125 0.110909
0 1.243108 0.353636 0.055138 0.100000
0 1.221805 0.357273 0.052632 0.096364
0 0.800752 0.353636 0.047619 0.089091
0 0.837093 0.349091 0.050125 0.087273
0 0.710526 0.346364 0.047619 0.085455
0 0.215539 0.338182 0.040100 0.040000
0 0.307018 0.325455 0.032581 0.032727
0 0.288221 0.318182 0.030075 0.014545
0 0.245614 0.318182 0.025063 0.025455
0 0.190476 0.324545 0.025063 0.027273
0 0.160401 0.319091 0.020050 0.020000
0 0.052632 0.326364 0.035088 0.023636
0 0.035088 0.336364 0.040100 0.029091
0 0.097744 0.330000 0.020050 0.038182
0 0.114035 0.321818 0.012531 0.021818
0 0.398496 0.327273 0.020050 0.050909
0 0.471178 0.305455 0.015038 0.014545
0 0.913534 0.336364 0.042607 0.040000
0 0.870927 0.326364 0.022556 0.023636
0 0.923559 0.304545 0.022556 0.023636
0 0.864662 0.307273 0.020050 0.018182
0 1.340852 0.396364 0.025063 0.054545
0 1.319549 0.390909 0.027569 0.058182
0 1.284461 0.384545 0.027569 0.052727
0 1.323308 0.353636 0.030075 0.023636
0 1.280702 0.331818 0.030075 0.056364
0 1.260652 0.351818 0.015038 0.114545
0 1.032581 0.313636 0.015038 0.020000
0 1.196742 0.301818 0.022556 0.021818
0 0.441103 0.326364 0.050125 0.041818
0 0.577694 0.320909 0.037594 0.038182
0 0.657895 0.322727 0.082707 0.041818
0 0.764411 0.323636 0.065163 0.043636
0 0.823308 0.312727 0.027569 0.029091
0 1.063910 0.315455 0.047619 0.045455
0 1.332080 0.305455 0.087719 0.032727
0 1.228070 0.304545 0.040100 0.020000
