0 0.034056 0.252737 0.037152 0.060219
0 0.303406 0.250000 0.043344 0.062044
0 1.653251 0.252737 0.043344 0.063869
0 1.393189 0.245438 0.030960 0.049270
0 1.476780 0.463504 0.167183 0.240876
0 1.407121 0.464416 0.157895 0.231752
0 1.356037 0.469891 0.154799 0.224453
0 1.295666 0.476277 0.145511 0.215328
0 0.411765 0.453467 0.167183 0.246350
0 0.351393 0.457117 0.170279 0.246350
0 0.275542 0.465328 0.167183 0.240876
0 0.156347 0.472628 0.157895 0.226277
0 0.857585 0.364964 0.086687 0.131387
0 0.904025 0.365876 0.092879 0.140511
0 0.947368 0.365876 0.092879 0.140511
0 1.100619 0.372263 0.089783 0.135036
0 1.171827 0.366788 0.083591 0.124088
0 1.215170 0.363139 0.083591 0.124088
0 1.253870 0.357664 0.086687 0.124088
0 1.030960 0.376825 0.086687 0.129562
0 0.986068 0.375912 0.083591 0.120438
0 0.787926 0.362226 0.077399 0.111314
0 1.664087 0.354927 0.065015 0.147810
0 1.640867 0.362226 0.099071 0.144161
0 1.597523 0.368613 0.105263 0.149635
0 1.566563 0.375912 0.105263 0.149635
0 1.530960 0.376825 0.102167 0.151460
0 1.178019 0.253650 0.040248 0.058394
0 1.055728 0.264599 0.043344 0.065693
0 0.501548 0.264599 0.043344 0.032847
0 0.794118 0.265511 0.034056 0.034672
0 0.267802 0.324818 0.040248 0.025547
0 0.334365 0.315693 0.037152 0.029197
0 0.422601 0.314781 0.034056 0.031022
0 0.507740 0.304745 0.037152 0.036496
0 0.583591 0.310219 0.034056 0.032847
0 0.634675 0.326642 0.037152 0.032847
0 0.691950 0.323905 0.040248 0.034672
0 0.642415 0.297445 0.040248 0.029197
0 0.696594 0.291971 0.030960 0.025547
0 0.764706 0.286496 0.043344 0.025547
0 0.828173 0.287409 0.027864 0.023723
0 0.874613 0.286496 0.027864 0.025547
0 0.925697 0.283759 0.030960 0.031022
0 1.010836 0.294708 0.027864 0.027372
0 0.989164 0.278285 0.027864 0.027372
0 1.068111 0.290146 0.030960 0.021898
0 1.117647 0.291971 0.037152 0.032847
0 1.170279 0.279197 0.030960 0.032847
0 1.083591 0.237226 0.030960 0.029197
0 1.221362 0.282847 0.027864 0.025547
0 1.303406 0.302920 0.043344 0.032847
0 1.352941 0.293796 0.037152 0.029197
0 1.275542 0.280109 0.030960 0.027372
0 1.442724 0.283759 0.049536 0.031022
0 1.487616 0.282847 0.034056 0.032847
0 1.529412 0.273723 0.030960 0.032847
0 1.473684 0.319343 0.043344 0.021898
0 1.407121 0.333029 0.034056 0.027372
0 1.366873 0.332117 0.034056 0.025547
0 0.092879 0.074818 0.179567 0.149635
0 0.970588 0.074818 1.439628 0.149635
