0 0.038182 0.754098 0.047273 0.174863
0 0.080000 0.752732 0.047273 0.177596
0 0.115455 0.750000 0.045455 0.172131
0 0.145455 0.759563 0.043636 0.163934
0 0.177273 0.745902 0.049091 0.185792
0 0.213636 0.751366 0.045455 0.169399
0 0.228182 0.759563 0.041818 0.158470
0 0.246364 0.754098 0.045455 0.174863
0 0.269091 0.745902 0.047273 0.174863
0 0.287273 0.748634 0.047273 0.180328
0 0.311818 0.754098 0.045455 0.163934
0 0.330909 0.750000 0.047273 0.177596
0 0.347273 0.751366 0.043636 0.169399
0 0.372727 0.751366 0.047273 0.174863
0 0.407273 0.750000 0.047273 0.183060
0 0.446364 0.748634 0.045455 0.174863
0 0.482727 0.750000 0.045455 0.172131
0 0.429091 0.752732 0.043636 0.166667
0 0.467273 0.748634 0.043636 0.169399
0 0.516364 0.750000 0.043636 0.166667
0 0.501818 0.750000 0.043636 0.166667
0 0.549091 0.756831 0.043636 0.158470
0 0.579091 0.745902 0.045455 0.174863
0 0.611818 0.744536 0.045455 0.172131
0 0.645455 0.739071 0.047273 0.177596
0 0.682727 0.743169 0.045455 0.169399
0 0.711818 0.740437 0.045455 0.163934
0 0.701818 0.739071 0.040000 0.155738
0 0.741818 0.752732 0.040000 0.150273
0 0.761818 0.740437 0.040000 0.153005
0 0.792727 0.733607 0.043636 0.166667
0 0.820000 0.741803 0.043636 0.161202
0 0.852727 0.734973 0.043636 0.158470
0 0.883636 0.730874 0.043636 0.166667
0 0.922727 0.733607 0.041818 0.155738
0 0.967273 0.728142 0.043636 0.166667
0 0.203636 0.680328 0.010909 0.021858
0 0.531818 0.684426 0.012727 0.024590
0 0.560000 0.677596 0.010909 0.021858
0 0.593636 0.672131 0.005455 0.016393
0 0.621818 0.680328 0.010909 0.027322
0 0.729091 0.674863 0.010909 0.032787
0 0.652727 0.672131 0.007273 0.016393
0 0.390909 0.678962 0.021818 0.030055
