0 0.271667 0.492222 0.056667 0.091111
0 0.663333 0.506667 0.080000 0.128889
0 0.531667 0.490000 0.070000 0.113333
0 0.980000 0.515556 0.086667 0.142222
0 1.163333 0.523333 0.066667 0.113333
0 0.235000 0.477778 0.043333 0.031111
0 0.235000 0.442222 0.036667 0.026667
0 0.203333 0.436667 0.033333 0.028889
0 0.363333 0.460000 0.040000 0.031111
0 0.423333 0.443333 0.053333 0.082222
0 0.596667 0.442222 0.053333 0.048889
0 0.685000 0.447778 0.043333 0.055556
0 0.743333 0.455556 0.060000 0.062222
0 0.828333 0.478889 0.050000 0.051111
0 0.840000 0.473333 0.066667 0.071111
0 1.058333 0.472222 0.043333 0.055556
0 1.031667 0.457778 0.050000 0.057778
0 1.170000 0.465556 0.040000 0.028889
0 1.105000 0.462222 0.036667 0.062222
0 1.211667 0.472222 0.030000 0.037778
0 0.455000 0.521111 0.043333 0.011111
0 1.283333 0.440000 0.106667 0.026667
