0 0.656997 0.378409 0.235495 0.384091
0 1.063140 0.380682 0.160410 0.265909
0 0.976109 0.386364 0.156997 0.254545
0 0.907850 0.390909 0.143345 0.240909
0 0.832765 0.393182 0.150171 0.250000
0 0.460751 0.373864 0.163823 0.265909
0 0.532423 0.385227 0.136519 0.229545
0 0.375427 0.354545 0.095563 0.163636
0 0.324232 0.352273 0.095563 0.163636
0 0.271331 0.347727 0.098976 0.163636
0 0.211604 0.345455 0.102389 0.172727
0 0.163823 0.353409 0.095563 0.161364
0 0.116041 0.345455 0.102389 0.172727
0 0.046075 0.345455 0.092150 0.168182
0 1.291809 0.325000 0.071672 0.122727
0 1.255973 0.325000 0.075085 0.127273
0 1.213311 0.326136 0.071672 0.120455
0 1.150171 0.332955 0.061433 0.102273
0 1.220137 0.310227 0.092150 0.156818
0 0.457338 0.289773 0.081911 0.111364
0 1.465870 0.288636 0.058020 0.036364
