0 0.712352 0.492188 0.060914 0.087891
0 0.049069 0.497559 0.071066 0.102539
0 0.176819 0.467285 0.021997 0.034180
0 0.152284 0.465332 0.020305 0.028320
0 0.140440 0.465332 0.027073 0.038086
0 0.119289 0.464355 0.025381 0.036133
0 0.098139 0.465332 0.020305 0.028320
0 0.260575 0.463867 0.020305 0.029297
0 0.421320 0.491699 0.064298 0.090820
0 0.456853 0.491699 0.060914 0.084961
0 0.736041 0.489258 0.057530 0.083984
0 0.944162 0.470703 0.030457 0.042969
0 0.900169 0.469238 0.030457 0.043945
0 1.509306 0.511719 0.071066 0.099609
0 1.565990 0.510254 0.062606 0.090820
0 1.620135 0.505859 0.069374 0.097656
0 1.663283 0.504395 0.081218 0.116211
0 0.340948 0.407227 0.038917 0.041016
0 0.467851 0.324219 0.052453 0.072266
0 0.536379 0.321289 0.050761 0.072266
0 0.596447 0.327148 0.038917 0.062500
0 0.661591 0.312012 0.047377 0.079102
0 0.733503 0.308594 0.045685 0.080078
0 0.543147 0.394043 0.054146 0.012695
0 0.629442 0.406250 0.071066 0.035156
0 0.324027 0.465820 0.099831 0.039062
0 0.546531 0.458008 0.108291 0.021484
0 0.817259 0.458984 0.138748 0.027344
0 1.004230 0.460449 0.028765 0.028320
0 1.272420 0.457520 0.159052 0.020508
0 1.472081 0.462891 0.148900 0.039062
