0 0.023684 0.399684 0.047368 0.236967
0 0.065789 0.392575 0.060000 0.222749
0 0.322105 0.373618 0.069474 0.257504
0 0.400526 0.373618 0.074737 0.273302
0 0.472105 0.455766 0.112632 0.412322
0 0.552105 0.420221 0.087368 0.322275
0 0.593684 0.332543 0.046316 0.175355
0 0.686316 0.334913 0.052632 0.195893
0 0.725263 0.375987 0.040000 0.151659
0 0.742105 0.395735 0.037895 0.140600
0 0.763684 0.402844 0.036842 0.139021
0 0.792632 0.383886 0.046316 0.173776
0 0.877368 0.383096 0.070526 0.257504
0 0.908421 0.399684 0.073684 0.271722
0 0.965789 0.398894 0.068421 0.285940
0 0.078421 0.312796 0.036842 0.060032
0 0.143158 0.394945 0.120000 0.265403
0 0.156316 0.318325 0.038947 0.093207
0 0.174737 0.308057 0.025263 0.075829
0 0.210000 0.410742 0.076842 0.271722
0 0.176842 0.665087 0.275789 0.515008
0 0.274211 0.533175 0.182105 0.352291
0 0.399474 0.586888 0.217895 0.488152
0 0.518421 0.348341 0.028421 0.273302
0 0.631579 0.251185 0.027368 0.028436
0 0.621579 0.350711 0.076842 0.180095
0 0.668947 0.522907 0.055789 0.375987
0 0.600526 0.646919 0.205263 0.563981
0 0.793158 0.580569 0.215789 0.412322
0 0.728421 0.275671 0.031579 0.064771
0 0.755263 0.301738 0.053684 0.132701
0 0.763684 0.305687 0.041053 0.086888
0 0.825789 0.357820 0.045263 0.124803
0 0.814211 0.289889 0.038947 0.061611
0 0.815263 0.259874 0.030526 0.061611
0 0.832105 0.252765 0.015789 0.034755
0 0.845263 0.292259 0.029474 0.078989
0 0.474737 0.206161 0.046316 0.219589
0 0.640000 0.187204 0.027368 0.197472
0 0.906842 0.217220 0.013684 0.064771
0 0.878421 0.213270 0.024211 0.072670
0 0.953158 0.269352 0.066316 0.061611
