0 0.349167 0.272222 0.228333 0.373333
0 0.144167 0.290556 0.241667 0.394444
0 0.061667 0.321111 0.123333 0.402222
0 0.029167 0.100000 0.058333 0.182222
0 0.101667 0.082222 0.100000 0.164444
0 0.175833 0.083889 0.101667 0.167778
0 0.570000 0.406667 0.253333 0.413333
0 0.806667 0.367778 0.263333 0.431111
0 0.990000 0.340556 0.236667 0.387778
0 1.166667 0.316667 0.230000 0.375556
0 1.372500 0.304444 0.225000 0.366667
0 0.247500 0.066111 0.081667 0.132222
0 0.374167 0.091111 0.108333 0.180000
0 0.462500 0.088889 0.108333 0.177778
0 0.663333 0.178333 0.166667 0.272222
0 0.729167 0.151111 0.161667 0.262222
0 0.947500 0.174444 0.168333 0.275556
0 1.107500 0.210000 0.175000 0.284444
0 1.215000 0.128333 0.156667 0.256667
0 1.265000 0.136111 0.166667 0.270000
0 1.412500 0.128333 0.158333 0.256667
0 1.310833 0.120556 0.148333 0.241111
0 0.805000 0.086111 0.103333 0.172222
0 0.607500 0.103889 0.125000 0.205556
0 0.895833 0.125556 0.155000 0.251111
0 0.323333 0.045000 0.063333 0.087778
0 0.672500 0.048889 0.075000 0.097778
0 0.740833 0.036111 0.078333 0.072222
0 1.053333 0.096111 0.080000 0.107778
0 1.167500 0.125556 0.095000 0.166667
0 1.055000 0.044444 0.113333 0.088889
