0 0.215259 0.393878 0.381471 0.702041
0 0.600817 0.502041 0.237057 0.440816
0 0.038147 0.307143 0.076294 0.234694
0 0.332425 0.272449 0.163488 0.300000
0 0.384196 0.307143 0.119891 0.218367
0 0.459128 0.311224 0.117166 0.214286
0 0.540872 0.324490 0.100817 0.191837
0 0.730245 0.284694 0.141689 0.263265
0 0.786104 0.318367 0.117166 0.216327
0 0.881471 0.312245 0.111717 0.204082
0 0.965940 0.320408 0.106267 0.195918
0 1.064033 0.311224 0.111717 0.210204
0 1.123978 0.313265 0.117166 0.214286
0 1.178474 0.320408 0.106267 0.200000
0 1.252044 0.314286 0.117166 0.212245
0 0.837875 0.558163 0.198910 0.328571
0 0.940054 0.608163 0.408719 0.269388
0 0.501362 0.211224 0.087193 0.116327
0 0.557221 0.215306 0.062670 0.083673
0 0.618529 0.262245 0.092643 0.120408
0 0.062670 0.183673 0.125341 0.126531
0 0.549046 0.182653 0.307902 0.079592
0 1.049046 0.205102 0.561308 0.091837
