0 0.323158 0.680180 0.145263 0.507508
0 0.252105 0.518018 0.034737 0.120120
0 0.535789 0.570571 0.073684 0.258258
0 0.754737 0.629129 0.096842 0.339339
0 0.847368 0.590841 0.067368 0.235736
0 0.957368 0.665165 0.085263 0.402402
0 0.390000 0.507508 0.022105 0.078078
0 0.367895 0.500751 0.022105 0.076577
0 0.467895 0.523273 0.032632 0.115616
0 0.480526 0.531532 0.036842 0.129129
0 0.500000 0.524024 0.029474 0.108108
0 0.688947 0.506757 0.013684 0.049550
0 0.669474 0.505255 0.012632 0.046547
0 0.654737 0.515015 0.018947 0.066066
0 0.627895 0.510511 0.017895 0.063063
0 0.605789 0.506757 0.015789 0.055556
0 0.590526 0.510511 0.018947 0.069069
0 0.781053 0.528529 0.023158 0.084084
0 0.796316 0.530030 0.026316 0.090090
0 0.822632 0.535285 0.026316 0.094595
0 0.916842 0.545796 0.031579 0.109610
0 0.938947 0.547297 0.029474 0.106607
0 0.118421 0.536787 0.030526 0.094595
0 0.941579 0.507508 0.091579 0.102102
0 0.179474 0.552553 0.089474 0.075075
0 0.568421 0.511261 0.035789 0.079580
0 0.713158 0.494745 0.030526 0.028529
