0 0.041667 0.493750 0.080000 0.292500
0 0.125833 0.496250 0.071667 0.267500
0 0.242500 0.627500 0.165000 0.610000
0 0.375000 0.588750 0.133333 0.487500
0 0.455000 0.547500 0.113333 0.420000
0 0.544167 0.458750 0.055000 0.207500
0 0.605000 0.455000 0.056667 0.210000
0 0.770833 0.437500 0.071667 0.265000
0 0.734167 0.436250 0.045000 0.172500
0 0.665833 0.403750 0.045000 0.167500
0 0.646667 0.392500 0.043333 0.160000
0 0.579167 0.402500 0.048333 0.175000
0 0.520833 0.405000 0.038333 0.140000
0 0.205833 0.478750 0.068333 0.252500
0 0.810000 0.412500 0.053333 0.200000
0 0.842500 0.416250 0.048333 0.177500
0 0.894167 0.368750 0.045000 0.172500
0 0.935833 0.376250 0.041667 0.152500
0 0.910833 0.381250 0.038333 0.147500
0 0.966667 0.375000 0.040000 0.150000
0 0.234167 0.480000 0.068333 0.255000
0 0.337500 0.540000 0.108333 0.365000
0 0.867500 0.462500 0.088333 0.105000
0 0.086667 0.402500 0.060000 0.100000
0 0.172500 0.410000 0.055000 0.115000
0 0.714167 0.367500 0.081667 0.105000
0 0.866667 0.318750 0.146667 0.057500
