0 0.100000 0.518333 0.160000 0.523333
0 0.210000 0.495000 0.225000 0.730000
0 0.345000 0.556667 0.245000 0.800000
0 0.463750 0.428333 0.147500 0.483333
0 0.567500 0.488333 0.175000 0.576667
0 0.820000 0.525000 0.195000 0.636667
0 0.668750 0.443333 0.127500 0.420000
0 0.892500 0.588333 0.095000 0.316667
0 0.948750 0.510000 0.102500 0.426667
0 0.737500 0.456667 0.115000 0.373333
0 0.031250 0.450000 0.057500 0.533333
0 0.151250 0.198333 0.067500 0.083333
0 0.388750 0.281667 0.062500 0.090000
0 0.646250 0.321667 0.037500 0.110000
0 0.751250 0.273333 0.487500 0.153333
