0 0.491131 0.561667 0.197339 0.363333
0 0.341463 0.582500 0.172949 0.321667
0 0.089800 0.564167 0.179601 0.358333
0 0.405765 0.426667 0.115299 0.213333
0 0.587583 0.461667 0.124169 0.230000
0 0.670732 0.491667 0.135255 0.250000
0 0.808204 0.461667 0.135255 0.250000
0 0.746120 0.406667 0.121951 0.226667
0 0.884701 0.445000 0.119734 0.223333
0 0.828160 0.410000 0.117517 0.216667
0 0.911308 0.411667 0.101996 0.193333
0 1.046563 0.425000 0.093126 0.176667
0 0.150776 0.407500 0.079823 0.148333
0 0.223947 0.576667 0.181818 0.336667
0 0.186253 0.484167 0.119734 0.148333
0 0.283814 0.510000 0.070953 0.236667
0 0.331486 0.383333 0.050998 0.123333
0 0.384701 0.388333 0.055432 0.123333
0 0.521064 0.397500 0.062084 0.101667
0 0.557650 0.355833 0.046563 0.065000
0 0.583149 0.331667 0.062084 0.046667
0 0.635255 0.358333 0.037694 0.073333
0 0.685144 0.358333 0.066519 0.093333
0 0.859202 0.332500 0.077605 0.071667
0 1.175166 0.375000 0.039911 0.056667
