0 0.715447 0.350833 0.097561 0.151667
0 0.779133 0.347500 0.084011 0.128333
0 1.518970 0.275000 0.078591 0.116667
0 1.322493 0.444167 0.092141 0.141667
0 1.409214 0.442500 0.092141 0.141667
0 0.906504 0.508333 0.089431 0.140000
0 0.772358 0.536667 0.097561 0.146667
0 0.611111 0.265833 0.084011 0.128333
0 0.678862 0.224167 0.078591 0.118333
0 0.827913 0.179167 0.073171 0.111667
0 0.903794 0.195833 0.073171 0.111667
0 0.943089 0.112500 0.048780 0.078333
0 0.990515 0.108333 0.067751 0.100000
0 1.032520 0.118333 0.054201 0.083333
0 1.089431 0.075000 0.065041 0.103333
0 0.945799 0.044167 0.059621 0.088333
0 0.745257 0.090000 0.054201 0.086667
0 0.398374 0.290000 0.081301 0.126667
0 0.302168 0.255000 0.084011 0.130000
0 0.197832 0.200833 0.075881 0.115000
0 0.162602 0.244167 0.075881 0.115000
0 0.043360 0.249167 0.070461 0.105000
0 0.405149 0.166667 0.067751 0.100000
0 0.628726 0.161667 0.065041 0.100000
0 1.306233 0.144167 0.059621 0.088333
0 1.608401 0.181667 0.035230 0.076667
0 1.279133 0.302500 0.086721 0.135000
0 1.195122 0.306667 0.075881 0.116667
0 1.140921 0.256667 0.075881 0.120000
0 1.086721 0.258333 0.075881 0.113333
0 1.042005 0.221667 0.073171 0.113333
0 1.032520 0.395833 0.108401 0.161667
0 1.096206 0.385833 0.100271 0.151667
0 1.256098 0.513333 0.084011 0.126667
0 1.459350 0.525000 0.078591 0.116667
0 1.523035 0.560000 0.065041 0.096667
0 1.151762 0.559167 0.065041 0.098333
0 0.071816 0.172500 0.073171 0.108333
0 0.153117 0.122500 0.062331 0.095000
0 0.245257 0.101667 0.062331 0.093333
0 0.403794 0.047500 0.048780 0.075000
0 0.563686 0.071667 0.037940 0.060000
0 0.775068 0.028333 0.037940 0.056667
0 0.685637 0.025000 0.032520 0.050000
0 0.027100 0.129167 0.054201 0.101667
0 0.298103 0.041667 0.054201 0.080000
0 0.200542 0.566667 0.130081 0.083333
0 0.340108 0.594167 0.094851 0.031667
0 0.535230 0.564167 0.149051 0.095000
0 0.078591 0.385000 0.108401 0.133333
0 0.203252 0.360833 0.102981 0.105000
0 0.253388 0.327500 0.100271 0.061667
0 0.376694 0.396667 0.189702 0.166667
0 0.490515 0.421667 0.189702 0.170000
0 0.112466 0.054167 0.176152 0.108333
