0 0.023125 0.596623 0.018750 0.071295
0 0.051875 0.597561 0.021250 0.076923
0 0.307500 0.589118 0.202500 0.742964
0 0.227500 0.589118 0.125000 0.461538
0 0.497500 0.584428 0.090000 0.328330
0 0.389375 0.591932 0.068750 0.257036
0 0.417500 0.582552 0.050000 0.185741
0 0.605000 0.585366 0.047500 0.176360
0 0.527500 0.591932 0.045000 0.163227
0 0.691250 0.595685 0.112500 0.418386
0 0.750625 0.563790 0.106250 0.388368
0 0.797500 0.575047 0.060000 0.223265
0 0.826875 0.565666 0.033750 0.125704
0 0.955000 0.571295 0.045000 0.166979
0 0.456250 0.591932 0.025000 0.095685
0 0.157500 0.596623 0.075000 0.273921
0 0.193125 0.595685 0.088750 0.328330
0 0.120625 0.596623 0.053750 0.195122
0 0.581250 0.584428 0.032500 0.121951
0 0.544375 0.582552 0.026250 0.103189
0 0.254375 0.593809 0.021250 0.151970
0 0.346875 0.584428 0.033750 0.230769
0 0.084375 0.597561 0.048750 0.163227
0 0.723750 0.580675 0.037500 0.170732
