0 0.036341 0.391667 0.072682 0.146667
0 0.060150 0.384167 0.090226 0.151667
0 0.121554 0.391667 0.087719 0.143333
0 0.161654 0.388333 0.077694 0.126667
0 0.219298 0.393333 0.077694 0.130000
0 0.271930 0.388333 0.082707 0.133333
0 0.343358 0.386667 0.080201 0.130000
0 0.416040 0.387500 0.075188 0.128333
0 0.478697 0.383333 0.070175 0.120000
0 0.537594 0.383333 0.072682 0.116667
0 0.577694 0.383333 0.067669 0.110000
0 0.632832 0.382500 0.067669 0.115000
0 0.652882 0.380000 0.062657 0.103333
0 0.680451 0.385833 0.062657 0.105000
0 0.731830 0.382500 0.060150 0.101667
0 0.756892 0.382500 0.060150 0.101667
0 0.793233 0.382500 0.062657 0.101667
0 0.822055 0.380000 0.060150 0.103333
0 0.855890 0.380000 0.057644 0.096667
0 0.885965 0.380000 0.052632 0.090000
0 0.927318 0.380833 0.055138 0.091667
0 0.966165 0.380833 0.047619 0.078333
0 0.992481 0.377500 0.050125 0.085000
0 1.018797 0.377500 0.047619 0.078333
0 1.052632 0.372500 0.050125 0.081667
0 1.121554 0.394167 0.067669 0.111667
0 1.444862 0.372500 0.037594 0.065000
0 1.467419 0.372500 0.037594 0.065000
0 1.477444 0.376667 0.027569 0.046667
0 1.332080 0.374167 0.042607 0.071667
0 1.359649 0.370000 0.047619 0.080000
0 1.377193 0.382500 0.052632 0.085000
0 1.401003 0.375000 0.040100 0.070000
0 1.294486 0.375000 0.042607 0.073333
0 1.260652 0.373333 0.045113 0.076667
0 1.221805 0.375000 0.042607 0.070000
0 1.191729 0.375000 0.042607 0.073333
0 0.443609 0.387500 0.035088 0.125000
0 0.208020 0.331667 0.416040 0.040000
0 0.710526 0.340833 0.433584 0.025000
0 1.022556 0.371667 0.160401 0.090000
0 1.245614 0.340833 0.210526 0.021667
