0 0.055138 0.432500 0.110276 0.191667
0 0.116541 0.435833 0.117794 0.195000
0 0.194236 0.433333 0.117794 0.196667
0 0.260652 0.435000 0.135338 0.220000
0 0.344612 0.437500 0.142857 0.235000
0 0.418546 0.435000 0.150376 0.246667
0 0.496241 0.435833 0.155388 0.251667
0 0.596491 0.437500 0.155388 0.255000
0 0.695489 0.439167 0.162907 0.268333
0 0.769424 0.423333 0.145363 0.236667
0 0.817043 0.411667 0.120301 0.200000
0 0.864662 0.410000 0.095238 0.160000
0 1.380952 0.357500 0.035088 0.061667
0 0.204261 0.336667 0.383459 0.063333
0 0.583960 0.334167 0.330827 0.038333
0 0.939850 0.349167 0.325815 0.068333
0 1.368421 0.315833 0.260652 0.085000
