0 0.928172 0.163842 0.083955 0.316384
0 0.974813 0.416667 0.050373 0.285311
0 0.093284 0.639831 0.123134 0.460452
0 0.045709 0.607345 0.091418 0.372881
0 0.027052 0.546610 0.054104 0.302260
0 0.046642 0.540960 0.093284 0.341808
0 0.114739 0.231638 0.087687 0.322034
0 0.164179 0.433616 0.082090 0.313559
0 0.182836 0.403955 0.085821 0.322034
0 0.231343 0.347458 0.093284 0.344633
0 0.246269 0.689266 0.108209 0.401130
0 0.334888 0.718927 0.091418 0.347458
0 0.281716 0.635593 0.078358 0.288136
0 0.436567 0.649718 0.097015 0.361582
0 0.487873 0.614407 0.095149 0.353107
0 0.529851 0.823446 0.082090 0.313559
0 0.622201 0.798023 0.054104 0.200565
0 0.663246 0.843220 0.065299 0.251412
0 0.744403 0.742938 0.126866 0.468927
0 0.916045 0.624294 0.078358 0.288136
0 0.944030 0.724576 0.093284 0.341808
0 0.875000 0.580508 0.089552 0.336158
0 0.771455 0.572034 0.106343 0.398305
0 0.840485 0.306497 0.110075 0.403955
0 0.753731 0.258475 0.100746 0.381356
0 0.763060 0.553672 0.074627 0.282486
0 0.676306 0.396893 0.087687 0.324859
0 0.667910 0.324859 0.085821 0.322034
0 0.560634 0.354520 0.087687 0.330508
0 0.689366 0.124294 0.061567 0.237288
0 0.454291 0.111582 0.054104 0.206215
0 0.452425 0.351695 0.091418 0.347458
0 0.374067 0.436441 0.091418 0.336158
0 0.361940 0.326271 0.078358 0.296610
0 0.231343 0.234463 0.078358 0.288136
0 0.250000 0.156780 0.063433 0.234463
0 0.088619 0.172316 0.076493 0.282486
0 0.351679 0.067797 0.072761 0.135593
0 0.735075 0.064972 0.063433 0.129944
0 0.851679 0.933616 0.083955 0.098870
0 0.168843 0.073446 0.233209 0.135593
