0 1.406667 0.297319 0.166667 0.194006
0 1.286667 0.277603 0.140000 0.160883
0 1.943333 0.301262 0.200000 0.230284
0 2.048333 0.257098 0.130000 0.179811
0 1.853333 0.227918 0.140000 0.165615
0 1.740000 0.209779 0.140000 0.160883
0 1.721667 0.178233 0.136667 0.157729
0 0.478333 0.352524 0.203333 0.235016
0 0.341667 0.234227 0.116667 0.137224
0 0.540000 0.235804 0.173333 0.200315
0 0.668333 0.204259 0.163333 0.187697
0 0.556667 0.197161 0.133333 0.157729
0 0.706667 0.187697 0.160000 0.186120
0 0.745000 0.173502 0.156667 0.182965
0 0.780000 0.164038 0.133333 0.157729
0 0.815000 0.162461 0.123333 0.148265
0 0.856667 0.152208 0.113333 0.134069
0 0.950000 0.147476 0.106667 0.124606
0 0.265000 0.013407 0.016667 0.020505
0 0.966667 0.129338 0.113333 0.135647
0 1.041667 0.150631 0.116667 0.134069
0 1.100000 0.133281 0.120000 0.143533
0 1.156667 0.153785 0.106667 0.124606
0 1.255000 0.155363 0.116667 0.137224
0 1.358333 0.164826 0.103333 0.124606
0 1.455000 0.161672 0.103333 0.121451
0 1.516667 0.145110 0.113333 0.129338
0 1.563333 0.185331 0.133333 0.156151
0 1.566667 0.173502 0.113333 0.135647
0 2.015000 0.130126 0.090000 0.058360
0 1.928333 0.145110 0.056667 0.034700
0 2.090000 0.154574 0.033333 0.041009
0 1.776667 0.100158 0.053333 0.042587
0 0.280000 0.148265 0.166667 0.088328
0 0.366667 0.119085 0.133333 0.052050
0 0.493333 0.103312 0.080000 0.070978
