0 0.217000 0.579646 0.106000 0.392330
0 0.094000 0.702065 0.120000 0.442478
0 0.186000 0.705015 0.124000 0.454277
0 0.286000 0.685841 0.128000 0.469027
0 0.312000 0.587021 0.116000 0.418879
0 0.376000 0.682891 0.128000 0.469027
0 0.411000 0.570796 0.122000 0.439528
0 0.462000 0.679941 0.140000 0.510324
0 0.496000 0.573746 0.124000 0.445428
0 0.560000 0.675516 0.132000 0.477876
0 0.583000 0.569322 0.126000 0.460177
0 0.655000 0.671091 0.134000 0.486726
0 0.641000 0.576696 0.110000 0.398230
0 0.705000 0.569322 0.122000 0.448378
0 0.744000 0.678466 0.136000 0.489676
0 0.811000 0.691740 0.138000 0.498525
0 0.878000 0.672566 0.132000 0.471976
