0 0.066396 0.520909 0.132791 0.241818
0 0.196477 0.510000 0.143631 0.238182
0 0.070461 0.372727 0.108401 0.181818
0 0.168022 0.455455 0.151762 0.249091
0 0.144986 0.460000 0.143631 0.240000
0 0.220867 0.505455 0.138211 0.229091
0 0.245257 0.465455 0.149051 0.247273
0 0.344173 0.520000 0.168022 0.280000
0 0.481030 0.530909 0.154472 0.258182
0 0.673442 0.511818 0.176152 0.289091
0 0.715447 0.492727 0.173442 0.283636
0 0.631436 0.465455 0.157182 0.258182
0 0.406504 0.475455 0.162602 0.270909
0 0.853659 0.502727 0.168022 0.274545
0 0.930894 0.502727 0.170732 0.281818
0 1.074526 0.451818 0.165312 0.270909
0 1.227642 0.520000 0.162602 0.269091
0 1.361789 0.478182 0.159892 0.265455
0 1.441734 0.452727 0.097561 0.272727
0 1.299458 0.453636 0.159892 0.263636
0 1.383469 0.356364 0.116531 0.189091
0 0.517615 0.350000 0.086721 0.143636
0 0.481030 0.400909 0.078591 0.129091
0 0.579946 0.343636 0.086721 0.145455
0 0.273713 0.360909 0.102981 0.172727
0 0.794038 0.390909 0.113821 0.189091
0 0.976965 0.381818 0.121951 0.203636
0 1.188347 0.468182 0.143631 0.241818
0 1.162602 0.430000 0.135501 0.227273
0 1.123306 0.401818 0.132791 0.218182
0 0.132791 0.290909 0.048780 0.036364
0 0.149051 0.268182 0.043360 0.034545
0 0.131436 0.235455 0.035230 0.027273
0 0.023035 0.231818 0.029810 0.038182
0 0.059621 0.223636 0.037940 0.036364
0 0.079946 0.205455 0.040650 0.021818
0 0.116531 0.205455 0.037940 0.014545
0 0.144986 0.198182 0.029810 0.025455
0 0.215447 0.200000 0.040650 0.018182
0 0.207317 0.225455 0.024390 0.043636
0 0.188347 0.233636 0.046070 0.027273
0 0.188347 0.266364 0.035230 0.038182
0 0.224932 0.298182 0.037940 0.025455
0 0.228997 0.247273 0.040650 0.029091
0 0.249322 0.219091 0.037940 0.020000
0 0.304878 0.258182 0.035230 0.036364
0 0.303523 0.237273 0.027100 0.023636
0 0.321138 0.211818 0.046070 0.027273
0 0.352304 0.205455 0.032520 0.021818
0 0.372629 0.243636 0.046070 0.029091
0 0.373984 0.295455 0.032520 0.041818
0 0.410569 0.301818 0.040650 0.032727
0 0.440379 0.274545 0.040650 0.029091
0 0.424119 0.254545 0.035230 0.025455
0 0.413279 0.234545 0.029810 0.018182
0 0.426829 0.204545 0.046070 0.027273
0 0.459350 0.213636 0.040650 0.023636
0 0.486450 0.199091 0.029810 0.012727
0 0.448509 0.240909 0.046070 0.020000
0 0.504065 0.237273 0.043360 0.027273
0 0.542005 0.237273 0.037940 0.016364
0 0.548780 0.218182 0.040650 0.018182
0 0.567751 0.205455 0.024390 0.010909
0 0.597561 0.207273 0.035230 0.021818
0 0.602981 0.224545 0.029810 0.027273
0 0.635501 0.264545 0.040650 0.027273
0 0.627371 0.285455 0.029810 0.025455
0 0.658537 0.288182 0.037940 0.016364
0 0.681572 0.228182 0.040650 0.020000
0 0.719512 0.241818 0.035230 0.021818
0 0.742547 0.273636 0.021680 0.030909
0 0.708672 0.275455 0.046070 0.034545
0 0.723577 0.306364 0.037940 0.034545
0 0.764228 0.261818 0.048780 0.025455
0 0.791328 0.235455 0.032520 0.027273
0 0.818428 0.230909 0.032520 0.018182
0 0.840108 0.225455 0.043360 0.040000
0 0.796748 0.204545 0.037940 0.027273
0 1.443089 0.288182 0.046070 0.034545
0 1.428184 0.244545 0.054201 0.038182
0 1.403794 0.241818 0.043360 0.025455
0 1.372629 0.240000 0.035230 0.021818
0 1.386179 0.207273 0.046070 0.025455
0 1.348238 0.210909 0.040650 0.021818
0 1.319783 0.199091 0.037940 0.023636
0 1.291328 0.219091 0.035230 0.023636
0 1.336043 0.232727 0.048780 0.029091
0 1.331978 0.272727 0.056911 0.029091
0 1.277778 0.250000 0.062331 0.038182
0 1.271003 0.225455 0.054201 0.043636
0 1.227642 0.210909 0.043360 0.029091
0 1.216802 0.232727 0.048780 0.029091
0 1.234417 0.272727 0.051491 0.043636
0 0.860434 0.317273 0.040650 0.045455
0 0.902439 0.348182 0.037940 0.041818
0 0.891599 0.287273 0.037940 0.036364
0 0.911924 0.257273 0.035230 0.038182
0 0.826558 0.275455 0.048780 0.041818
0 0.848238 0.260909 0.037940 0.030909
0 0.953930 0.219091 0.043360 0.023636
0 0.920054 0.187273 0.029810 0.018182
0 1.063686 0.230000 0.029810 0.020000
0 1.089431 0.229091 0.043360 0.029091
0 1.121951 0.227273 0.032520 0.021818
0 1.150407 0.252727 0.051491 0.036364
0 1.162602 0.234545 0.043360 0.025455
0 1.086721 0.260909 0.054201 0.023636
0 1.126016 0.268182 0.046070 0.030909
0 1.162602 0.281818 0.048780 0.029091
0 1.039295 0.294545 0.046070 0.050909
0 0.945799 0.247273 0.043360 0.040000
0 0.998645 0.202727 0.051491 0.030909
0 1.028455 0.194545 0.040650 0.025455
0 1.048780 0.192727 0.043360 0.018182
0 1.033875 0.245455 0.024390 0.029091
0 0.756098 0.131818 1.382114 0.118182
0 0.742547 0.250000 1.468835 0.125455
