0 0.051051 0.535000 0.102102 0.170000
0 0.186186 0.523000 0.120120 0.194000
0 0.273273 0.537000 0.090090 0.154000
0 0.366366 0.533000 0.102102 0.166000
0 0.493994 0.537000 0.105105 0.170000
0 0.648649 0.531000 0.102102 0.170000
0 0.779279 0.539000 0.099099 0.162000
0 0.939940 0.534000 0.108108 0.176000
0 1.052553 0.534000 0.099099 0.164000
0 1.187688 0.539000 0.099099 0.162000
0 1.342342 0.540000 0.084084 0.144000
0 1.226727 0.519000 0.057057 0.078000
0 1.309309 0.505000 0.060060 0.058000
0 1.261261 0.462000 0.078078 0.060000
0 1.328829 0.407000 0.063063 0.042000
0 1.387387 0.392000 0.048048 0.040000
0 1.451952 0.402000 0.051051 0.040000
0 1.475976 0.339000 0.039039 0.054000
0 1.466967 0.476000 0.045045 0.040000
0 1.438438 0.442000 0.054054 0.028000
0 1.391892 0.481000 0.051051 0.050000
0 1.343844 0.456000 0.051051 0.036000
0 1.439940 0.511000 0.057057 0.034000
