0 0.011429 0.493562 0.020000 0.077253
0 0.027143 0.494635 0.020000 0.075107
0 0.039286 0.495708 0.021429 0.085837
0 0.051429 0.505365 0.022857 0.087983
0 0.071429 0.504292 0.025714 0.098712
0 0.090000 0.504292 0.028571 0.111588
0 0.123571 0.502146 0.027143 0.098712
0 0.139286 0.496781 0.027143 0.100858
0 0.157857 0.520386 0.038571 0.139485
0 0.211429 0.524678 0.042857 0.165236
0 0.239286 0.523605 0.038571 0.141631
0 0.262857 0.531116 0.040000 0.148069
0 0.280714 0.541845 0.052857 0.195279
0 0.315000 0.541845 0.050000 0.186695
0 0.330714 0.543991 0.050000 0.182403
0 0.348571 0.554721 0.051429 0.195279
0 0.404286 0.564378 0.068571 0.253219
0 0.438571 0.566524 0.057143 0.210300
0 0.474286 0.567597 0.062857 0.233906
0 0.535000 0.579399 0.067143 0.244635
0 0.564286 0.562232 0.062857 0.231760
0 0.627143 0.623391 0.094286 0.349785
0 0.673571 0.604077 0.075714 0.285408
0 0.721429 0.604077 0.085714 0.315451
0 0.790000 0.612661 0.088571 0.324034
0 0.862857 0.672747 0.122857 0.452790
0 0.958571 0.652361 0.082857 0.403433
0 0.751429 0.607296 0.077143 0.283262
0 0.512143 0.555794 0.058571 0.218884
0 0.951429 0.622318 0.097143 0.373391
0 0.381429 0.462446 0.020000 0.036481
0 0.592857 0.462446 0.017143 0.032189
0 0.606429 0.472103 0.021429 0.038627
0 0.659286 0.467811 0.021429 0.051502
0 0.668571 0.472103 0.017143 0.042918
0 0.701429 0.462446 0.020000 0.032189
0 0.713571 0.467811 0.015714 0.038627
0 0.820000 0.473176 0.022857 0.057940
0 0.841429 0.471030 0.017143 0.036481
