0 0.320783 0.463000 0.111446 0.182000
0 0.396084 0.452000 0.087349 0.144000
0 0.448795 0.466000 0.114458 0.192000
0 0.498494 0.455000 0.087349 0.142000
0 0.555723 0.461000 0.105422 0.178000
0 0.582831 0.445000 0.081325 0.134000
0 0.640060 0.441000 0.093373 0.150000
0 0.655120 0.454000 0.111446 0.184000
0 0.697289 0.451000 0.093373 0.150000
0 0.763554 0.451000 0.111446 0.186000
0 0.864458 0.442000 0.114458 0.192000
0 0.927711 0.432000 0.084337 0.140000
0 0.847892 0.435000 0.087349 0.146000
0 0.974398 0.443000 0.123494 0.202000
0 1.058735 0.442000 0.117470 0.196000
0 1.159639 0.436000 0.126506 0.208000
0 1.251506 0.436000 0.111446 0.188000
0 1.350904 0.434000 0.123494 0.200000
