0 0.125668 0.416667 0.048128 0.088015
0 0.244652 0.379213 0.018717 0.035581
0 0.425134 0.431648 0.080214 0.140449
0 0.510695 0.398876 0.037433 0.067416
0 0.486631 0.398876 0.032086 0.056180
0 0.467914 0.397004 0.026738 0.048689
0 0.588235 0.428839 0.058824 0.101124
0 0.671123 0.421348 0.053476 0.089888
0 0.641711 0.403558 0.021390 0.043071
0 0.720588 0.444757 0.082888 0.140449
0 0.803476 0.431648 0.072193 0.121723
0 1.004011 0.420412 0.045455 0.084270
0 1.399733 0.426966 0.045455 0.078652
0 0.205882 0.389513 0.379679 0.108614
0 0.584225 0.391386 0.195187 0.086142
0 1.038770 0.392322 0.735294 0.117978
