0 0.006364 0.611650 0.012727 0.067961
0 0.040000 0.625000 0.029091 0.099515
0 0.070000 0.615291 0.023636 0.084951
0 0.094545 0.616505 0.018182 0.067961
0 0.125455 0.595874 0.014545 0.050971
0 0.138182 0.591019 0.014545 0.046117
0 0.147273 0.597087 0.014545 0.048544
0 0.173636 0.594660 0.009091 0.038835
0 0.193636 0.594660 0.016364 0.058252
0 0.268182 0.589806 0.016364 0.053398
0 0.301818 0.599515 0.025455 0.082524
0 0.322727 0.621359 0.030909 0.106796
0 0.377273 0.622573 0.034545 0.114078
0 0.798182 0.728155 0.083636 0.276699
0 0.907273 0.634709 0.047273 0.157767
0 0.950000 0.604369 0.023636 0.082524
0 0.978182 0.614078 0.032727 0.111650
0 0.871818 0.603155 0.023636 0.080097
0 0.831818 0.646845 0.049091 0.167476
0 0.736364 0.595874 0.014545 0.055825
0 0.750909 0.592233 0.018182 0.058252
0 0.770909 0.584951 0.018182 0.063107
0 0.725455 0.592233 0.018182 0.058252
0 0.855455 0.580097 0.012727 0.048544
0 0.926364 0.592233 0.023636 0.082524
0 0.700909 0.589806 0.016364 0.053398
0 0.685455 0.582524 0.018182 0.063107
0 0.656364 0.584951 0.014545 0.053398
0 0.636364 0.578883 0.014545 0.050971
0 0.610000 0.587379 0.012727 0.048544
0 0.448182 0.587379 0.012727 0.043689
0 0.465455 0.580097 0.010909 0.033981
0 0.478182 0.586165 0.018182 0.060680
0 0.547273 0.611650 0.021818 0.077670
0 0.020909 0.622573 0.020000 0.041262
0 0.115455 0.599515 0.016364 0.024272
0 0.381818 0.593447 0.120000 0.123786
0 0.502727 0.591019 0.114545 0.089806
0 0.799091 0.587379 0.107273 0.145631
