0 0.010956 0.393284 0.021912 0.058209
0 0.035857 0.391045 0.031873 0.059701
0 0.066733 0.391791 0.029880 0.058209
0 0.118526 0.392537 0.029880 0.059701
0 0.166335 0.434328 0.081673 0.152239
0 0.205179 0.429851 0.095618 0.179104
0 0.284861 0.445522 0.099602 0.186567
0 0.350598 0.400000 0.039841 0.071642
0 0.411355 0.402239 0.033865 0.067164
0 0.381474 0.394030 0.021912 0.044776
0 0.489044 0.438806 0.089641 0.164179
0 0.584661 0.447761 0.093625 0.176119
0 0.679283 0.442537 0.095618 0.174627
0 0.807769 0.445522 0.101594 0.186567
0 0.879482 0.441791 0.085657 0.158209
0 1.038845 0.446269 0.093625 0.176119
0 1.080677 0.442537 0.081673 0.150746
0 1.293825 0.448507 0.081673 0.156716
0 1.246016 0.409701 0.033865 0.067164
0 1.271912 0.449254 0.073705 0.137313
0 1.160359 0.408209 0.033865 0.067164
0 1.197211 0.413433 0.039841 0.071642
0 1.224104 0.400000 0.029880 0.053731
0 1.127490 0.397015 0.019920 0.041791
0 0.983068 0.407463 0.033865 0.065672
0 0.933267 0.412687 0.037849 0.070149
0 0.961155 0.398507 0.029880 0.056716
0 0.754980 0.400746 0.035857 0.067164
0 0.632470 0.404478 0.037849 0.074627
0 0.096614 0.388806 0.025896 0.049254
0 0.427291 0.390299 0.021912 0.040299
0 0.265936 0.396269 0.523904 0.108955
0 0.933267 0.408955 0.794821 0.116418
