0 0.876465 0.662109 0.094727 0.311198
0 0.810059 0.684245 0.106445 0.345052
0 0.697754 0.727865 0.118164 0.385417
0 0.622070 0.689453 0.082031 0.269531
0 0.536133 0.753906 0.140625 0.458333
0 0.445801 0.721354 0.102539 0.333333
0 0.303223 0.758464 0.124023 0.404948
0 0.237793 0.675781 0.081055 0.265625
0 0.145020 0.722656 0.104492 0.338542
0 0.058594 0.688151 0.091797 0.298177
0 0.367676 0.677734 0.079102 0.256510
0 0.420410 0.657552 0.067383 0.221354
0 0.021973 0.640625 0.043945 0.153646
0 0.094238 0.632812 0.043945 0.145833
0 0.181641 0.643229 0.027344 0.093750
0 0.213379 0.650391 0.026367 0.084635
0 0.019043 0.552083 0.018555 0.028646
0 0.121094 0.555990 0.019531 0.036458
0 0.177246 0.563802 0.020508 0.036458
0 0.199219 0.561198 0.013672 0.020833
0 0.188477 0.546875 0.017578 0.023438
0 0.213867 0.555990 0.017578 0.026042
0 0.229492 0.569010 0.019531 0.026042
0 0.292480 0.568359 0.020508 0.032552
0 0.282715 0.557943 0.014648 0.016927
0 0.279297 0.544271 0.017578 0.036458
0 0.265625 0.570964 0.017578 0.022135
0 0.411133 0.558594 0.019531 0.026042
0 0.423340 0.533203 0.020508 0.037760
0 0.400391 0.520182 0.021484 0.029948
0 0.387695 0.516276 0.019531 0.024740
0 0.374023 0.520833 0.021484 0.026042
0 0.385742 0.536458 0.013672 0.018229
0 0.446289 0.527995 0.019531 0.024740
0 0.499023 0.563802 0.025391 0.036458
0 0.500000 0.527344 0.013672 0.031250
0 0.120117 0.607422 0.017578 0.022135
0 0.382812 0.563151 0.017578 0.042969
