0 0.070896 0.430000 0.141791 0.280000
0 0.143657 0.423750 0.182836 0.307500
0 0.242537 0.440000 0.164179 0.270000
0 0.386194 0.405000 0.130597 0.215000
0 0.445896 0.411250 0.130597 0.217500
0 0.565299 0.401250 0.100746 0.172500
0 0.634328 0.352500 0.104478 0.170000
0 0.669776 0.343750 0.100746 0.167500
0 0.759328 0.281250 0.063433 0.102500
0 0.798507 0.276250 0.059701 0.097500
0 0.858209 0.292500 0.074627 0.120000
0 0.914179 0.246250 0.052239 0.087500
0 0.944030 0.220000 0.044776 0.075000
0 1.001866 0.248750 0.033582 0.057500
0 1.059701 0.433750 0.149254 0.247500
0 1.126866 0.428750 0.126866 0.212500
0 1.197761 0.418750 0.141791 0.232500
0 1.352612 0.437500 0.130597 0.215000
0 1.287313 0.293750 0.074627 0.122500
0 1.167910 0.235000 0.052239 0.090000
0 1.207090 0.235000 0.041045 0.075000
0 1.350746 0.280000 0.089552 0.065000
0 1.126866 0.215000 0.679104 0.175000
