0 0.044674 0.452922 0.061856 0.295455
0 0.112543 0.487013 0.049828 0.227273
0 0.262887 0.462662 0.058419 0.275974
0 0.307560 0.465909 0.051546 0.250000
0 0.341065 0.525974 0.087629 0.402597
0 0.408076 0.462662 0.053265 0.250000
0 0.456186 0.474026 0.056701 0.259740
0 0.492268 0.490260 0.049828 0.227273
0 0.538660 0.477273 0.049828 0.233766
0 0.615120 0.529221 0.089347 0.422078
0 0.737973 0.493506 0.049828 0.240260
0 0.776632 0.478896 0.061856 0.295455
0 0.817869 0.498377 0.068729 0.321429
0 0.857388 0.485390 0.037801 0.172078
0 0.885739 0.478896 0.039519 0.185065
0 0.920103 0.490260 0.046392 0.220779
0 0.938144 0.482143 0.044674 0.204545
0 0.962199 0.490260 0.044674 0.214286
0 0.983677 0.493506 0.032646 0.220779
0 0.865120 0.542208 0.029210 0.097403
0 0.897766 0.537338 0.036082 0.094156
0 0.202749 0.448052 0.037801 0.090909
0 0.173540 0.436688 0.034364 0.074675
0 0.079897 0.392857 0.018900 0.077922
