0 0.039167 0.762500 0.078333 0.425000
0 0.079167 0.736250 0.088333 0.327500
0 0.110833 0.702500 0.075000 0.280000
0 0.168333 0.725000 0.083333 0.305000
0 0.246667 0.717500 0.063333 0.230000
0 0.203333 0.708750 0.070000 0.257500
0 0.394167 0.698750 0.051667 0.197500
0 0.415833 0.685000 0.048333 0.185000
0 0.442500 0.702500 0.055000 0.210000
0 0.500000 0.770000 0.106667 0.395000
0 0.635000 0.738750 0.080000 0.292500
0 0.730833 0.690000 0.048333 0.180000
0 0.756667 0.693750 0.050000 0.192500
0 0.361667 0.648750 0.033333 0.122500
0 0.593333 0.690000 0.053333 0.200000
0 0.299167 0.623750 0.051667 0.132500
0 0.222500 0.592500 0.021667 0.060000
0 0.147500 0.593750 0.028333 0.047500
0 0.068333 0.585000 0.023333 0.050000
0 0.048333 0.575000 0.026667 0.055000
0 0.612500 0.602500 0.025000 0.065000
0 0.664167 0.607500 0.018333 0.055000
