0 0.087222 0.712996 0.087778 0.350181
0 0.154444 0.713899 0.086667 0.344765
0 0.230000 0.686823 0.095556 0.377256
0 0.306667 0.674188 0.095556 0.380866
0 0.366667 0.694043 0.084444 0.337545
0 0.438889 0.680505 0.082222 0.328520
0 0.521111 0.669675 0.086667 0.346570
0 0.592222 0.663357 0.084444 0.341155
0 0.677222 0.665162 0.085556 0.344765
0 0.743889 0.664260 0.078889 0.314079
0 0.055556 0.967509 0.037778 0.050542
0 0.120556 0.972022 0.032222 0.048736
0 0.188889 0.971119 0.037778 0.054152
0 0.268889 0.968412 0.044444 0.059567
0 0.348889 0.962996 0.048889 0.052347
0 0.818333 0.895307 0.050000 0.184116
0 0.861667 0.875451 0.045556 0.184116
0 0.898889 0.870036 0.037778 0.162455
0 0.950000 0.814079 0.040000 0.086643
0 0.341111 0.854693 0.042222 0.077617
0 0.268333 0.860108 0.050000 0.081227
0 0.187222 0.856498 0.045556 0.070397
0 0.118333 0.857401 0.038889 0.072202
0 0.036111 0.859206 0.047778 0.083032
