0 0.122892 0.461667 0.072289 0.126667
0 0.207229 0.467500 0.091566 0.155000
0 0.251807 0.479167 0.098795 0.171667
0 0.313253 0.449167 0.072289 0.121667
0 0.360241 0.491667 0.118072 0.200000
0 0.385542 0.462500 0.072289 0.128333
0 0.454217 0.449167 0.065060 0.115000
0 0.483133 0.475000 0.098795 0.166667
0 0.525301 0.459167 0.077108 0.131667
0 0.561446 0.487500 0.106024 0.185000
0 0.650602 0.464167 0.096386 0.165000
0 0.704819 0.455000 0.074699 0.126667
0 0.738554 0.443333 0.060241 0.100000
0 0.772289 0.471667 0.098795 0.170000
0 0.834940 0.466667 0.074699 0.130000
0 0.883133 0.441667 0.060241 0.106667
0 0.959036 0.463333 0.081928 0.143333
0 1.010843 0.496667 0.132530 0.226667
0 1.091566 0.457500 0.072289 0.125000
0 1.222892 0.454167 0.065060 0.115000
0 1.342169 0.475833 0.106024 0.181667
0 1.055422 0.400833 0.043373 0.038333
0 1.125301 0.401667 0.043373 0.033333
