0 0.064784 1.308750 0.102990 0.382500
0 0.031561 1.268750 0.063123 0.347500
0 0.134551 1.292500 0.109635 0.410000
0 0.210133 1.270000 0.104651 0.390000
0 0.320598 1.286250 0.106312 0.392500
0 0.397841 1.242500 0.098007 0.365000
0 0.450166 1.180000 0.099668 0.370000
0 0.519934 1.252500 0.102990 0.385000
0 0.612957 1.193750 0.099668 0.372500
0 0.622924 1.133750 0.083056 0.312500
0 0.571429 1.128750 0.083056 0.302500
0 0.499169 1.148750 0.078073 0.287500
0 0.090532 1.126250 0.061462 0.227500
0 0.166113 1.241250 0.096346 0.352500
0 0.279070 1.180000 0.083056 0.305000
0 0.359635 1.161250 0.074751 0.277500
0 0.228405 1.146250 0.081395 0.307500
0 0.541528 1.001250 0.033223 0.097500
0 0.575581 0.957500 0.028239 0.060000
0 0.085548 1.081250 0.034884 0.127500
0 0.127076 1.051250 0.041528 0.092500
0 0.020764 1.087500 0.038206 0.130000
0 0.171096 0.997500 0.342193 0.215000
0 0.456811 0.958750 0.219269 0.152500
