0 1.369509 0.490517 0.056848 0.098276
0 1.435401 0.456897 0.049096 0.082759
0 1.386305 0.468103 0.033592 0.056897
0 1.439276 0.420690 0.041344 0.068966
0 1.478036 0.427586 0.036176 0.065517
0 1.370801 0.411207 0.043928 0.074138
0 1.379845 0.375000 0.046512 0.074138
0 1.449612 0.381034 0.036176 0.058621
0 1.483204 0.362069 0.031008 0.072414
0 1.301034 0.350862 0.033592 0.056897
0 1.329457 0.323276 0.033592 0.056897
0 1.227390 0.442241 0.056848 0.091379
0 1.208010 0.509483 0.033592 0.053448
0 1.127907 0.541379 0.043928 0.075862
0 1.145995 0.513793 0.038760 0.065517
0 1.271318 0.538793 0.056848 0.094828
0 0.927649 0.561207 0.077519 0.129310
0 0.972868 0.488793 0.064599 0.105172
0 1.011628 0.505172 0.049096 0.079310
0 1.045220 0.505172 0.043928 0.072414
0 1.085271 0.464655 0.056848 0.091379
0 1.114987 0.463793 0.038760 0.065517
0 1.217054 0.362931 0.036176 0.060345
0 1.268734 0.318103 0.031008 0.053448
0 1.148579 0.337069 0.033592 0.056897
0 1.086563 0.331034 0.038760 0.062069
0 1.032300 0.334483 0.028424 0.051724
0 0.980620 0.376724 0.038760 0.063793
0 0.925065 0.403448 0.041344 0.072414
0 0.808786 0.578448 0.072351 0.122414
0 0.689922 0.508621 0.067183 0.113793
0 0.748062 0.470690 0.054264 0.093103
0 0.821705 0.458621 0.041344 0.068966
0 0.806202 0.375000 0.036176 0.060345
0 0.937984 0.372414 0.041344 0.068966
0 0.574935 0.445690 0.049096 0.081034
0 0.521964 0.447414 0.046512 0.077586
0 0.540052 0.536207 0.062016 0.106897
0 0.485788 0.540517 0.077519 0.125862
0 0.436693 0.525862 0.041344 0.072414
0 0.378553 0.501724 0.059432 0.100000
0 0.708010 0.448276 0.041344 0.072414
0 0.656331 0.446552 0.046512 0.079310
0 0.673127 0.381034 0.038760 0.065517
0 1.050388 0.410345 0.038760 0.062069
0 0.180879 0.494828 0.062016 0.103448
0 0.245478 0.497414 0.051680 0.084483
0 0.286822 0.431897 0.036176 0.060345
0 0.390181 0.413793 0.041344 0.068966
0 0.428941 0.450862 0.041344 0.070690
0 0.466408 0.433621 0.049096 0.081034
0 0.733850 0.393103 0.031008 0.055172
0 0.762274 0.380172 0.031008 0.053448
0 1.263566 0.495690 0.051680 0.087931
0 1.249354 0.399138 0.038760 0.067241
0 1.470284 0.239655 0.041344 0.068966
0 0.329457 0.337931 0.638243 0.137931
0 0.076227 0.503448 0.142119 0.196552
0 0.727390 0.339655 0.136951 0.055172
0 0.945736 0.331897 0.103359 0.050000
