0 0.108000 0.459155 0.136000 0.467606
0 0.039000 0.433803 0.062000 0.219718
0 0.023000 0.439437 0.046000 0.202817
0 0.180000 0.456338 0.136000 0.473239
0 0.226000 0.457746 0.128000 0.442254
0 0.283000 0.449296 0.150000 0.521127
0 0.369000 0.439437 0.134000 0.461972
0 0.505000 0.512676 0.258000 0.890141
0 0.783000 0.422535 0.194000 0.664789
0 0.897000 0.442254 0.130000 0.450704
0 0.914000 0.432394 0.128000 0.442254
0 0.703000 0.446479 0.138000 0.481690
0 0.623000 0.442254 0.122000 0.416901
0 0.584000 0.460563 0.120000 0.414085
0 0.867000 0.233803 0.038000 0.101408
0 0.668000 0.260563 0.032000 0.087324
