0 0.136364 0.671233 0.112727 0.421918
0 0.459091 0.624658 0.114545 0.427397
0 0.696364 0.575342 0.105455 0.394521
0 0.060000 0.208219 0.087273 0.328767
0 0.041818 0.175342 0.083636 0.328767
0 0.159091 0.223288 0.092727 0.342466
0 0.181818 0.241096 0.087273 0.323288
0 0.294545 0.246575 0.094545 0.345205
0 0.323636 0.272603 0.094545 0.347945
0 0.451818 0.298630 0.092727 0.339726
0 0.435455 0.283562 0.096364 0.353425
0 0.523636 0.227397 0.083636 0.306849
0 0.590000 0.327397 0.096364 0.353425
0 0.637273 0.358904 0.103636 0.383562
0 0.630000 0.123288 0.063636 0.235616
0 0.744545 0.360274 0.103636 0.380822
0 0.780000 0.375342 0.098182 0.367123
0 0.887273 0.400000 0.101818 0.378082
0 0.924545 0.428767 0.107273 0.402740
0 0.930909 0.283562 0.098182 0.358904
0 0.845455 0.232877 0.094545 0.345205
0 0.966364 0.178082 0.067273 0.306849
0 0.757273 0.164384 0.052727 0.115068
