0 0.299776 0.593960 0.125280 0.456376
0 0.347875 0.570470 0.118568 0.436242
0 0.429530 0.565436 0.111857 0.412752
0 0.634228 0.587248 0.123043 0.456376
0 0.682327 0.582215 0.120805 0.446309
0 0.720358 0.580537 0.107383 0.402685
0 0.552573 0.577181 0.058166 0.214765
0 0.596197 0.577181 0.060403 0.221477
0 0.787472 0.583893 0.053691 0.194631
0 0.813199 0.580537 0.051454 0.187919
0 0.842282 0.590604 0.055928 0.208054
0 0.874720 0.582215 0.053691 0.197987
0 0.900447 0.585570 0.051454 0.191275
0 0.937360 0.588926 0.058166 0.218121
0 0.967562 0.582215 0.051454 0.191275
0 0.983221 0.585570 0.033557 0.197987
0 0.161074 0.557047 0.053691 0.201342
0 0.111857 0.525168 0.058166 0.211409
0 0.077181 0.515101 0.064877 0.238255
0 0.052573 0.503356 0.055928 0.208054
0 0.029083 0.498322 0.058166 0.231544
0 0.246085 0.543624 0.058166 0.221477
0 0.380313 0.577181 0.053691 0.194631
0 0.510067 0.582215 0.044743 0.171141
0 0.475391 0.538591 0.042506 0.164430
0 0.191275 0.593960 0.042506 0.174497
0 0.128635 0.248322 0.257271 0.328859
0 0.381432 0.302013 0.243848 0.208054
