0 1.087671 0.371429 0.416438 0.742857
0 1.243836 0.189796 0.180822 0.334694
0 0.967123 0.175510 0.164384 0.306122
0 0.884932 0.188776 0.147945 0.267347
0 0.817808 0.159184 0.150685 0.277551
0 0.728767 0.165306 0.147945 0.273469
0 0.638356 0.307143 0.328767 0.602041
0 0.482192 0.286735 0.284932 0.516327
0 0.382192 0.254082 0.265753 0.483673
0 0.294521 0.276531 0.232877 0.430612
0 0.200000 0.244898 0.213699 0.391837
0 0.120548 0.220408 0.191781 0.346939
0 0.060274 0.204082 0.120548 0.318367
0 0.219178 0.077551 0.071233 0.081633
