0 0.100833 0.570000 0.038333 0.145000
0 0.139167 0.566250 0.038333 0.142500
0 0.170000 0.573750 0.033333 0.127500
0 0.196667 0.573750 0.036667 0.132500
0 0.235000 0.563750 0.040000 0.147500
0 0.133333 0.776250 0.063333 0.232500
0 0.196667 0.777500 0.056667 0.215000
0 0.255000 0.780000 0.053333 0.195000
0 0.311667 0.777500 0.056667 0.205000
0 0.375833 0.773750 0.051667 0.197500
0 0.425833 0.770000 0.055000 0.210000
0 0.358333 0.743750 0.050000 0.192500
0 0.405833 0.745000 0.048333 0.185000
0 0.456667 0.737500 0.050000 0.190000
0 0.503333 0.737500 0.053333 0.200000
0 0.520833 0.760000 0.051667 0.190000
0 0.568333 0.755000 0.053333 0.195000
0 0.543333 0.723750 0.050000 0.182500
0 0.617500 0.753750 0.051667 0.187500
0 0.591667 0.720000 0.046667 0.175000
0 0.660000 0.745000 0.050000 0.185000
0 0.700000 0.745000 0.050000 0.185000
0 0.732500 0.743750 0.048333 0.182500
0 0.761667 0.748750 0.050000 0.182500
0 0.795833 0.731250 0.051667 0.192500
0 0.834167 0.732500 0.048333 0.180000
0 0.870833 0.730000 0.045000 0.170000
0 0.911667 0.725000 0.053333 0.195000
0 0.444167 0.562500 0.028333 0.110000
0 0.864167 0.476250 0.011667 0.047500
0 0.306667 0.568750 0.030000 0.112500
0 0.331667 0.567500 0.030000 0.110000
0 0.370833 0.566250 0.031667 0.117500
0 0.397500 0.556250 0.031667 0.117500
0 0.781667 0.625000 0.026667 0.060000
0 0.748333 0.625000 0.026667 0.060000
0 0.715833 0.626250 0.025000 0.062500
0 0.682500 0.635000 0.021667 0.060000
0 0.645000 0.628750 0.033333 0.062500
0 0.613333 0.632500 0.026667 0.055000
0 0.576667 0.632500 0.026667 0.050000
0 0.530833 0.638750 0.018333 0.037500
0 0.490000 0.637500 0.026667 0.050000
0 0.440833 0.637500 0.021667 0.050000
0 0.397500 0.638750 0.028333 0.047500
0 0.305000 0.632500 0.026667 0.050000
0 0.340833 0.633750 0.025000 0.047500
0 0.247500 0.641250 0.025000 0.042500
0 0.017500 0.508750 0.035000 0.187500
0 0.147500 0.475000 0.091667 0.090000
0 0.311667 0.487500 0.163333 0.090000
