0 0.210773 0.575000 0.088993 0.150000
0 0.310304 0.543750 0.081967 0.134375
0 0.403981 0.521875 0.058548 0.100000
0 0.463700 0.578906 0.093677 0.157812
0 0.545667 0.544531 0.079625 0.129688
0 0.576112 0.518750 0.065574 0.109375
0 0.617096 0.497656 0.063232 0.101562
0 0.641686 0.484375 0.046838 0.081250
0 0.759953 0.582812 0.091335 0.153125
0 1.080796 0.580469 0.096019 0.160938
0 1.021077 0.548438 0.070258 0.118750
0 1.173302 0.515625 0.060890 0.100000
0 1.245902 0.546094 0.074941 0.126562
0 1.354801 0.584375 0.091335 0.153125
0 1.381733 0.499219 0.070258 0.114062
0 1.299766 0.491406 0.056206 0.092188
0 1.470726 0.543750 0.056206 0.165625
0 1.462529 0.487500 0.058548 0.100000
0 1.395785 0.475781 0.051522 0.085938
0 1.333724 0.460156 0.044496 0.073438
0 1.242389 0.466406 0.039813 0.064062
0 1.206089 0.461719 0.042155 0.070312
0 1.117096 0.495312 0.051522 0.084375
0 1.088993 0.483594 0.051522 0.082812
0 1.052693 0.465625 0.039813 0.068750
0 0.988290 0.517969 0.065574 0.110937
0 0.779859 0.551562 0.079625 0.128125
0 0.455504 0.500000 0.058548 0.093750
0 0.498829 0.489063 0.051522 0.084375
0 0.539813 0.471875 0.039813 0.065625
0 0.241218 0.512500 0.060890 0.100000
0 0.125293 0.539844 0.072600 0.120313
0 0.050351 0.510938 0.063232 0.103125
0 0.079625 0.476562 0.042155 0.068750
0 0.204918 0.467969 0.044496 0.076563
0 0.268150 0.460938 0.035129 0.056250
0 0.370023 0.483594 0.042155 0.073438
0 0.414520 0.470313 0.046838 0.078125
0 0.966042 0.497656 0.049180 0.082812
0 0.951991 0.481250 0.049180 0.084375
0 0.819672 0.403906 0.032787 0.045312
0 0.734192 0.425000 1.459016 0.034375
