0 0.955455 0.739437 0.089091 0.340845
0 0.878182 0.708451 0.076364 0.295775
0 0.837273 0.738028 0.085455 0.326761
0 0.634545 0.833803 0.083636 0.321127
0 0.718182 0.826761 0.083636 0.323944
0 0.490909 0.819718 0.090909 0.343662
0 0.540000 0.729577 0.076364 0.292958
0 0.590000 0.721127 0.067273 0.259155
0 0.294545 0.843662 0.080000 0.301408
0 0.427273 0.871831 0.061818 0.239437
0 0.362727 0.843662 0.078182 0.295775
0 0.415455 0.816901 0.078182 0.304225
0 0.207273 0.828169 0.083636 0.315493
0 0.149091 0.849296 0.072727 0.278873
0 0.577273 0.584507 0.034545 0.138028
0 0.550000 0.580282 0.027273 0.107042
0 0.620909 0.542254 0.038182 0.149296
0 0.649091 0.536620 0.036364 0.138028
0 0.597273 0.540845 0.027273 0.107042
0 0.554545 0.487324 0.021818 0.084507
0 0.580000 0.460563 0.018182 0.070423
0 0.600909 0.440845 0.027273 0.109859
0 0.637273 0.450704 0.023636 0.090141
0 0.671818 0.460563 0.023636 0.092958
0 0.690909 0.452113 0.025455 0.104225
0 0.712727 0.440845 0.025455 0.104225
0 0.740909 0.433803 0.027273 0.101408
0 0.663636 0.449296 0.029091 0.115493
0 0.818182 0.897183 0.145455 0.200000
0 0.070000 0.878873 0.125455 0.225352
0 0.082727 0.776056 0.056364 0.104225
0 0.054545 0.742254 0.047273 0.143662
0 0.079091 0.660563 0.034545 0.092958
0 0.121818 0.673239 0.054545 0.118310
0 0.205455 0.676056 0.043636 0.101408
0 0.239091 0.670423 0.038182 0.129577
0 0.328182 0.661972 0.049091 0.129577
0 0.353636 0.612676 0.034545 0.109859
0 0.426364 0.607042 0.034545 0.070423
0 0.492727 0.585915 0.032727 0.101408
0 0.238182 0.550704 0.210909 0.126761
0 0.385455 0.539437 0.083636 0.076056
