0 0.473000 0.624000 0.222000 0.730667
0 0.665000 0.633333 0.214000 0.696000
0 0.900000 0.644000 0.200000 0.664000
0 0.844000 0.397333 0.048000 0.160000
0 0.075000 0.628000 0.150000 0.712000
0 0.556000 0.429333 0.080000 0.266667
0 0.795000 0.364000 0.034000 0.120000
0 0.335000 0.349333 0.030000 0.106667
0 0.375000 0.348000 0.034000 0.120000
0 0.198000 0.333333 0.036000 0.122667
0 0.256000 0.341333 0.024000 0.085333
0 0.728000 0.341333 0.020000 0.064000
0 0.613000 0.334667 0.026000 0.088000
0 0.120000 0.330667 0.196000 0.128000
0 0.233000 0.337333 0.046000 0.120000
0 0.295000 0.342667 0.058000 0.125333
0 0.520000 0.313333 0.040000 0.077333
