0 0.032468 0.357282 0.064935 0.190291
0 0.054545 0.348544 0.088312 0.165049
0 0.102597 0.346602 0.090909 0.172816
0 0.166234 0.339806 0.067532 0.128155
0 0.129870 0.326214 0.067532 0.128155
0 0.207792 0.339806 0.067532 0.128155
0 0.237662 0.328155 0.054545 0.104854
0 0.264935 0.330097 0.051948 0.093204
0 0.302597 0.333981 0.059740 0.112621
0 0.349351 0.343689 0.038961 0.077670
0 0.416883 0.349515 0.085714 0.159223
0 0.572727 0.374757 0.106494 0.198058
0 1.276623 0.429126 0.122078 0.365049
0 1.241558 0.437864 0.176623 0.328155
0 1.125974 0.441748 0.153247 0.277670
0 1.058442 0.425243 0.158442 0.287379
0 0.950649 0.421359 0.150649 0.275728
0 0.901299 0.398058 0.150649 0.279612
0 0.833766 0.390291 0.124675 0.233010
0 0.766234 0.379612 0.129870 0.242718
0 0.723377 0.372816 0.122078 0.229126
0 0.690909 0.377670 0.109091 0.203883
0 0.655844 0.368932 0.111688 0.205825
0 1.183117 0.309709 0.075325 0.075728
0 0.555844 0.250485 0.088312 0.050485
0 0.502597 0.346602 0.116883 0.157282
