0 0.033784 0.656522 0.067568 0.385507
0 0.058880 0.640580 0.090734 0.342029
0 0.100386 0.623188 0.084942 0.313043
0 0.153475 0.685507 0.106178 0.397101
0 0.184363 0.655072 0.090734 0.330435
0 0.222008 0.650725 0.077220 0.292754
0 0.243243 0.626087 0.073359 0.272464
0 0.298263 0.692754 0.102317 0.382609
0 0.327220 0.675362 0.083012 0.313043
0 0.342664 0.652174 0.083012 0.313043
0 0.364865 0.637681 0.077220 0.289855
0 0.494208 0.702899 0.108108 0.397101
0 0.668919 0.708696 0.113900 0.426087
0 0.818533 0.705797 0.111969 0.408696
0 0.955598 0.700000 0.088803 0.414493
0 0.901544 0.681159 0.084942 0.313043
0 0.875483 0.653623 0.079151 0.298551
0 0.920849 0.601449 0.084942 0.321739
0 0.763514 0.669565 0.079151 0.295652
0 0.569498 0.557971 0.057915 0.223188
0 0.589768 0.579710 0.055985 0.208696
0 0.631274 0.698551 0.100386 0.371014
0 0.415058 0.533333 0.054054 0.208696
0 0.394788 0.592754 0.071429 0.269565
0 0.030888 0.442029 0.042471 0.107246
0 0.125483 0.440580 0.042471 0.086957
0 0.204633 0.468116 0.030888 0.060870
0 0.342664 0.452174 0.028958 0.063768
0 0.795367 0.497101 0.254826 0.089855
