0 0.321591 0.518519 0.147727 0.592593
0 0.552273 0.544444 0.150000 0.592593
0 0.754545 0.431481 0.100000 0.396296
0 0.880682 0.457407 0.111364 0.440741
0 0.944318 0.505556 0.111364 0.625926
0 0.601136 0.474074 0.129545 0.525926
0 0.423864 0.416667 0.088636 0.359259
0 0.204545 0.422222 0.100000 0.407407
0 0.039773 0.512963 0.079545 0.537037
0 0.517045 0.268519 0.065909 0.107407
0 0.609091 0.250000 0.027273 0.092593
0 0.639773 0.268519 0.029545 0.062963
0 0.657955 0.255556 0.034091 0.059259
0 0.681818 0.248148 0.031818 0.044444
0 0.718182 0.255556 0.036364 0.066667
0 0.794318 0.253704 0.034091 0.040741
0 0.893182 0.244444 0.022727 0.051852
0 0.025000 0.248148 0.027273 0.051852
0 0.330682 0.231481 0.025000 0.055556
