0 0.045961 0.659259 0.091922 0.474074
0 0.158774 0.625926 0.128134 0.429630
0 0.296657 0.572222 0.125348 0.411111
0 0.398329 0.527778 0.094708 0.314815
0 0.476323 0.557407 0.094708 0.314815
0 0.628134 0.546296 0.097493 0.329630
0 0.676880 0.518519 0.094708 0.311111
0 0.786908 0.566667 0.130919 0.422222
0 0.955432 0.640741 0.089136 0.429630
0 0.565460 0.618519 0.089136 0.296296
0 0.665738 0.257407 0.022284 0.070370
0 0.523677 0.244444 0.016713 0.051852
0 0.472145 0.251852 0.013928 0.059259
0 0.548747 0.374074 0.100279 0.177778
