0 0.034226 0.405747 0.068452 0.190805
0 0.111607 0.363218 0.074405 0.147126
0 0.156250 0.435632 0.133929 0.259770
0 0.193452 0.379310 0.083333 0.165517
0 0.299107 0.373563 0.062500 0.126437
0 0.456845 0.465517 0.199405 0.383908
0 0.514881 0.447126 0.148810 0.278161
0 0.598214 0.420690 0.101190 0.188506
0 0.663690 0.402299 0.083333 0.165517
0 0.782738 0.412644 0.107143 0.204598
0 0.840774 0.452874 0.139881 0.271264
0 0.885417 0.356322 0.050595 0.101149
0 0.937500 0.362069 0.053571 0.108046
0 0.961310 0.355172 0.047619 0.094253
0 1.031250 0.404598 0.092262 0.179310
0 1.120536 0.498851 0.199405 0.377011
0 1.226190 0.460920 0.136905 0.305747
0 0.238095 0.355172 0.053571 0.108046
