0 0.099624 0.371250 0.199248 0.402500
0 0.165414 0.375000 0.233083 0.385000
0 0.246241 0.372500 0.244361 0.405000
0 0.390977 0.441250 0.150376 0.252500
0 0.419173 0.375000 0.221805 0.365000
0 0.531955 0.377500 0.229323 0.380000
0 0.607143 0.398750 0.176692 0.287500
0 0.695489 0.376250 0.240602 0.392500
0 0.785714 0.361250 0.225564 0.372500
0 0.928571 0.383750 0.233083 0.382500
0 1.015038 0.375000 0.218045 0.355000
0 1.172932 0.385000 0.233083 0.385000
0 1.133459 0.385000 0.206767 0.335000
0 1.261278 0.385000 0.266917 0.440000
0 1.392857 0.377500 0.221805 0.370000
0 0.456767 0.228750 0.063910 0.052500
0 1.084586 0.233750 0.093985 0.092500
0 1.317669 0.232500 0.071429 0.080000
