0 0.458333 0.347778 0.135417 0.148889
0 0.276042 0.216667 0.093750 0.100000
0 0.388021 0.250000 0.130208 0.135556
0 0.489583 0.246667 0.114583 0.124444
0 0.572917 0.234444 0.114583 0.122222
0 0.661458 0.248889 0.114583 0.120000
0 0.794271 0.248889 0.130208 0.133333
0 0.908854 0.246667 0.140625 0.146667
0 1.049479 0.237778 0.119792 0.124444
0 1.153646 0.236667 0.109375 0.117778
0 1.221354 0.244444 0.130208 0.137778
0 1.257812 0.231111 0.109375 0.120000
0 1.343750 0.231111 0.114583 0.120000
0 1.408854 0.245556 0.119792 0.131111
0 1.458333 0.221111 0.104167 0.113333
0 1.588542 0.227778 0.114583 0.117778
0 1.710938 0.225556 0.109375 0.117778
0 1.835938 0.235556 0.130208 0.142222
0 1.781250 0.300000 0.177083 0.191111
0 1.953125 0.228889 0.125000 0.133333
0 2.192708 0.267778 0.135417 0.144444
0 2.026042 0.231111 0.125000 0.128889
0 2.294271 0.230000 0.098958 0.126667
0 0.072917 0.385556 0.125000 0.073333
0 0.135417 0.338889 0.156250 0.060000
0 0.286458 0.394444 0.156250 0.060000
0 0.406250 0.385556 0.135417 0.073333
0 0.851562 0.382222 0.328125 0.084444
0 1.187500 0.360000 0.385417 0.124444
0 0.705729 0.136667 0.963542 0.086667
0 1.744792 0.122222 0.916667 0.088889
