0 0.106364 0.733333 0.063636 0.308772
0 0.192727 0.724561 0.069091 0.326316
0 0.248182 0.714035 0.067273 0.326316
0 0.260909 0.752632 0.060000 0.284211
0 0.330000 0.715789 0.067273 0.315789
0 0.372727 0.722807 0.065455 0.315789
0 0.451818 0.701754 0.063636 0.301754
0 0.519091 0.715789 0.060000 0.294737
0 0.525455 0.745614 0.058182 0.284211
0 0.585455 0.714035 0.069091 0.326316
0 0.630909 0.710526 0.065455 0.319298
0 0.660000 0.714035 0.069091 0.326316
0 0.726364 0.714035 0.063636 0.305263
0 0.770909 0.743860 0.058182 0.280702
0 0.824545 0.733333 0.060000 0.294737
0 0.892727 0.726316 0.065455 0.308772
0 0.709091 0.770175 0.054545 0.256140
0 0.272727 0.777193 0.083636 0.263158
0 0.437273 0.766667 0.070909 0.235088
0 0.577273 0.571930 0.067273 0.084211
0 0.067273 0.712281 0.040000 0.259649
0 0.149091 0.710526 0.036364 0.242105
0 0.404545 0.736842 0.023636 0.154386
0 0.481818 0.747368 0.021818 0.161404
