0 0.051758 0.761719 0.009766 0.031250
0 0.140625 0.798828 0.042969 0.141927
0 0.161621 0.790365 0.045898 0.153646
0 0.172363 0.796224 0.032227 0.105469
0 0.198730 0.795573 0.034180 0.111979
0 0.206055 0.791016 0.035156 0.115885
0 0.236328 0.811198 0.050781 0.164062
0 0.288574 0.795573 0.036133 0.117188
0 0.324707 0.789714 0.034180 0.113281
0 0.354004 0.801432 0.043945 0.144531
0 0.381836 0.782552 0.027344 0.091146
0 0.404297 0.802734 0.037109 0.121094
0 0.646973 0.812500 0.036133 0.119792
0 0.604004 0.803385 0.043945 0.143229
0 0.861816 0.810547 0.041992 0.139323
0 0.429199 0.790365 0.020508 0.028646
0 0.446777 0.791016 0.014648 0.035156
0 0.236816 0.907552 0.036133 0.088542
0 0.862305 0.923177 0.044922 0.093750
