0 0.206250 1.003339 0.145000 0.474124
0 0.264375 1.010017 0.141250 0.464107
0 0.330000 1.018364 0.137500 0.447412
0 0.390000 1.020033 0.132500 0.430718
0 0.464375 1.016694 0.128750 0.420701
0 0.537500 1.017529 0.142500 0.465776
0 0.025000 0.388982 0.032500 0.110184
0 0.044375 0.386477 0.036250 0.121870
0 0.065000 0.381469 0.037500 0.128548
0 0.078750 0.383139 0.042500 0.138564
0 0.108125 0.378130 0.043750 0.141903
0 0.153750 0.378130 0.045000 0.145242
0 0.180625 0.374791 0.071250 0.235392
0 0.211875 0.379800 0.043750 0.145242
0 0.230625 0.385643 0.043750 0.143573
0 0.245000 0.384808 0.045000 0.145242
0 0.279375 0.386477 0.043750 0.148581
0 0.299375 0.391486 0.046250 0.151920
0 0.321875 0.391486 0.043750 0.145242
0 0.336250 0.375626 0.055000 0.183639
0 0.365625 0.381469 0.066250 0.218698
0 0.395000 0.385643 0.055000 0.183639
0 0.428750 0.391486 0.050000 0.165275
0 0.458125 0.390651 0.046250 0.153589
0 0.495000 0.383973 0.055000 0.183639
0 0.562500 0.393155 0.052500 0.171953
0 0.385000 0.383139 0.045000 0.151920
0 0.463750 0.434057 0.047500 0.080134
0 0.506875 0.434057 0.043750 0.083472
0 0.559375 0.436561 0.056250 0.088481
0 0.589375 0.435726 0.033750 0.100167
0 0.626875 0.431553 0.053750 0.108514
0 0.140625 0.409015 0.021250 0.056761
0 0.708750 0.440735 0.067500 0.096828
0 0.373125 0.206177 0.733750 0.091820
0 0.164375 0.068447 0.313750 0.120200
0 0.551250 0.074290 0.380000 0.121870
