0 0.098566 0.309322 0.053763 0.084746
0 0.159498 0.311441 0.053763 0.080508
0 0.327957 0.308263 0.053763 0.082627
0 0.374552 0.317797 0.046595 0.072034
0 0.401434 0.277542 0.043011 0.063559
0 0.362007 0.271186 0.050179 0.072034
0 0.471326 0.268008 0.046595 0.069915
0 0.605735 0.286017 0.035842 0.055085
0 0.535842 0.262712 0.039427 0.059322
0 0.652330 0.283898 0.050179 0.072034
0 0.675627 0.276483 0.046595 0.069915
0 0.725806 0.281780 0.053763 0.080508
0 0.811828 0.265890 0.046595 0.069915
0 0.922939 0.262712 0.046595 0.072034
0 0.976703 0.265890 0.039427 0.061441
0 1.222222 0.263771 0.050179 0.078390
0 1.329749 0.240466 0.043011 0.069915
0 1.360215 0.248941 0.032258 0.052966
0 1.451613 0.256356 0.043011 0.067797
0 1.512545 0.246822 0.043011 0.061441
0 1.557348 0.237288 0.039427 0.059322
0 1.578853 0.231992 0.039427 0.057203
0 1.677419 0.243644 0.028674 0.063559
0 0.060932 0.524364 0.078853 0.120763
0 0.139785 0.522246 0.086022 0.125000
0 0.215054 0.521186 0.086022 0.122881
0 0.290323 0.538136 0.064516 0.093220
0 0.329749 0.544492 0.050179 0.080508
0 0.399642 0.543432 0.053763 0.082627
0 0.451613 0.543432 0.057348 0.082627
0 0.535842 0.539195 0.060932 0.091102
0 0.586022 0.540254 0.060932 0.093220
0 0.700717 0.539195 0.068100 0.099576
0 0.745520 0.551907 0.043011 0.069915
0 0.894265 0.537076 0.060932 0.095339
0 1.093190 0.524364 0.071685 0.108051
0 1.116487 0.552966 0.039427 0.063559
0 1.141577 0.537076 0.060932 0.095339
0 1.204301 0.529661 0.071685 0.110169
0 1.241935 0.506356 0.068100 0.105932
0 1.286738 0.512712 0.078853 0.114407
0 1.318996 0.532839 0.064516 0.099576
0 1.356631 0.522246 0.082437 0.125000
0 1.415771 0.549788 0.050179 0.074153
0 1.483871 0.551907 0.043011 0.065678
0 1.589606 0.548729 0.053763 0.076271
0 1.634409 0.537076 0.064516 0.095339
0 1.039427 0.488347 0.064516 0.099576
0 0.836918 0.348517 0.046595 0.040254
0 0.881720 0.320975 0.043011 0.040254
0 0.919355 0.404661 0.053763 0.050847
0 0.980287 0.398305 0.039427 0.055085
0 1.007168 0.441737 0.071685 0.052966
0 1.322581 0.397246 0.043011 0.048729
0 1.277778 0.397246 0.039427 0.048729
0 1.238351 0.397246 0.046595 0.044492
0 0.582437 0.452331 0.060932 0.052966
0 0.100358 0.395127 0.071685 0.040254
0 0.284946 0.402542 0.053763 0.050847
0 0.448029 0.370763 0.050179 0.029661
0 0.492832 0.362288 0.039427 0.046610
0 1.507168 0.425847 0.060932 0.055085
0 1.553763 0.434322 0.068100 0.046610
0 1.094982 0.366525 0.060932 0.050847
0 1.136201 0.372881 0.035842 0.050847
0 1.166667 0.359110 0.046595 0.044492
0 0.858423 0.412076 1.652330 0.184322
0 0.818996 0.237288 1.580645 0.080508
