0 0.082500 0.586667 0.090000 0.150000
0 0.030000 0.571667 0.060000 0.126667
0 0.201250 0.580833 0.097500 0.158333
0 0.261250 0.589167 0.087500 0.141667
0 0.370000 0.583333 0.095000 0.156667
0 0.428750 0.585000 0.092500 0.150000
0 0.508750 0.563333 0.072500 0.120000
0 0.553750 0.560833 0.077500 0.128333
0 0.632500 0.576667 0.105000 0.170000
0 0.672500 0.580000 0.085000 0.143333
0 0.707500 0.546667 0.060000 0.100000
0 0.802500 0.585000 0.095000 0.156667
0 1.027500 0.570833 0.100000 0.161667
0 1.153750 0.555833 0.067500 0.115000
0 1.227500 0.560833 0.090000 0.151667
0 1.291250 0.566667 0.092500 0.156667
0 1.348750 0.558333 0.072500 0.123333
0 1.443750 0.549167 0.082500 0.138333
0 0.902500 0.555000 0.060000 0.100000
0 0.860000 0.555000 0.050000 0.086667
0 0.943750 0.550833 0.052500 0.088333
0 0.971250 0.550833 0.057500 0.095000
0 0.996250 0.546667 0.057500 0.093333
