0 0.018001 0.485840 0.036003 0.076172
0 0.032329 0.484131 0.045555 0.075684
0 0.105070 0.489014 0.047024 0.076660
0 0.174137 0.503174 0.079353 0.129395
0 0.191036 0.494385 0.058780 0.096191
0 0.260838 0.499756 0.055841 0.092285
0 0.280309 0.501709 0.069802 0.114746
0 0.333211 0.502197 0.062454 0.102051
0 0.396032 0.498535 0.067597 0.109375
0 0.455547 0.475586 0.038207 0.063477
0 0.495591 0.501709 0.084497 0.138184
0 0.553637 0.512695 0.075680 0.123047
0 0.570904 0.498535 0.054372 0.088867
0 0.627112 0.499512 0.052168 0.084961
0 0.641440 0.490234 0.047024 0.077148
0 0.586334 0.485352 0.047024 0.077148
0 0.797575 0.507812 0.069802 0.114258
0 0.850478 0.505127 0.069802 0.113770
0 0.887950 0.502197 0.058046 0.094238
0 0.905952 0.506104 0.066128 0.107910
0 0.951506 0.534424 0.099927 0.162598
0 1.027553 0.533447 0.105070 0.171387
0 1.065393 0.513428 0.080823 0.132324
0 1.159809 0.518555 0.112417 0.182617
0 1.245775 0.520508 0.099192 0.162109
0 1.316679 0.554688 0.132256 0.214844
0 1.448200 0.546631 0.113152 0.228027
0 0.766716 0.481201 0.037472 0.062012
0 0.986407 0.496582 0.071271 0.116211
0 0.518736 0.455078 0.019104 0.019531
0 0.533799 0.461426 0.016899 0.022461
0 0.601029 0.461182 0.022043 0.023926
0 0.882439 0.448730 0.032329 0.020508
0 0.069067 0.130371 0.022043 0.022461
0 0.123806 0.123291 0.022777 0.026855
