0 0.074000 0.574667 0.148000 0.546667
0 0.086000 0.540000 0.152000 0.493333
0 0.194000 0.561333 0.168000 0.552000
0 0.297000 0.558667 0.118000 0.392000
0 0.371000 0.564000 0.106000 0.354667
0 0.435000 0.518667 0.122000 0.397333
0 0.496000 0.594667 0.180000 0.586667
0 0.571000 0.569333 0.166000 0.541333
0 0.608000 0.549333 0.136000 0.442667
0 0.703000 0.546667 0.122000 0.405333
0 0.678000 0.521333 0.084000 0.280000
0 0.771000 0.533333 0.122000 0.394667
0 0.831000 0.572000 0.074000 0.242667
0 0.814000 0.462667 0.048000 0.162667
0 0.976000 0.476000 0.048000 0.157333
0 0.947000 0.509333 0.034000 0.074667
0 0.910000 0.501333 0.032000 0.090667
0 0.870000 0.482667 0.044000 0.090667
0 0.744000 0.398667 0.032000 0.045333
0 0.642000 0.408000 0.036000 0.069333
0 0.329000 0.408000 0.030000 0.090667
0 0.132000 0.365333 0.048000 0.096000
0 0.168000 0.354667 0.040000 0.048000
