0 0.494863 0.443000 0.188356 0.274000
0 0.590753 0.420000 0.113014 0.160000
0 0.648973 0.409000 0.078767 0.118000
0 0.761986 0.411000 0.071918 0.106000
0 0.849315 0.420000 0.095890 0.140000
0 1.003425 0.427000 0.082192 0.118000
0 1.109589 0.422000 0.095890 0.136000
0 1.363014 0.436000 0.095890 0.144000
0 1.523973 0.443000 0.143836 0.210000
0 1.434932 0.413000 0.075342 0.106000
0 1.196918 0.411000 0.071918 0.102000
0 0.400685 0.405000 0.075342 0.110000
0 0.339041 0.398000 0.075342 0.108000
0 0.284247 0.394000 0.075342 0.108000
0 0.210616 0.388000 0.071918 0.108000
0 0.155822 0.386000 0.065068 0.096000
0 0.123288 0.385000 0.061644 0.094000
0 0.094178 0.383000 0.058219 0.086000
0 0.034247 0.377000 0.061644 0.086000
0 0.070205 0.378000 0.051370 0.080000
0 0.666096 0.401000 0.071918 0.102000
0 0.738014 0.400000 0.065068 0.100000
0 1.267123 0.411000 0.068493 0.102000
0 1.652397 0.422000 0.085616 0.124000
0 1.585616 0.415000 0.082192 0.122000
0 1.568493 0.356000 0.034247 0.040000
0 0.443493 0.347000 0.085616 0.070000
