0 1.047619 0.491765 0.155203 0.254118
0 0.635802 0.493529 0.061728 0.100000
0 0.701940 0.487059 0.067019 0.110588
0 0.459436 0.498235 0.061728 0.104706
0 0.427690 0.517059 0.061728 0.104706
0 0.286596 0.503529 0.040564 0.065882
0 0.525573 0.481765 0.035273 0.057647
0 0.175485 0.520000 0.047619 0.077647
0 0.208113 0.524706 0.052910 0.087059
0 0.225750 0.507647 0.031746 0.055294
0 0.092593 0.560000 0.075838 0.124706
0 0.127866 0.507647 0.029982 0.027059
0 0.104056 0.502353 0.024691 0.018824
0 0.156085 0.504118 0.022928 0.020000
0 0.455026 0.442353 0.038801 0.037647
