0 0.211538 0.354348 0.165158 0.259420
0 0.330317 0.307971 0.126697 0.201449
0 0.445701 0.269565 0.072398 0.115942
0 0.546380 0.385507 0.187783 0.295652
0 0.688914 0.355072 0.156109 0.249275
0 0.803167 0.407971 0.226244 0.355072
0 0.936652 0.385507 0.185520 0.292754
0 1.062217 0.300725 0.119910 0.189855
0 1.124434 0.339855 0.153846 0.244928
0 1.246606 0.270290 0.108597 0.169565
0 1.322398 0.280435 0.110860 0.175362
0 0.032805 0.247826 0.056561 0.086957
0 0.900452 0.224638 0.049774 0.081159
0 0.923077 0.222464 0.045249 0.073913
0 1.184389 0.209420 0.042986 0.068116
0 1.007919 0.218116 0.047511 0.033333
0 1.010181 0.193478 0.065611 0.039130
0 0.504525 0.252899 0.067873 0.050725
0 0.035068 0.278261 0.056561 0.066667
0 0.114253 0.266667 0.074661 0.066667
0 0.269231 0.262319 0.063348 0.060870
