0 0.151887 0.453271 0.024528 0.109034
0 0.344340 0.419003 0.024528 0.096573
0 0.017925 0.604361 0.028302 0.124611
0 0.088679 0.638629 0.026415 0.118380
0 0.128302 0.570093 0.026415 0.112150
0 0.189623 0.598131 0.028302 0.118380
0 0.161321 0.683801 0.032075 0.127726
0 0.240566 0.721184 0.032075 0.133956
0 0.277358 0.627726 0.030189 0.121495
0 0.260377 0.518692 0.030189 0.121495
0 0.322642 0.549844 0.026415 0.109034
0 0.336792 0.766355 0.032075 0.137072
0 0.362264 0.654206 0.033962 0.137072
0 0.345283 0.482866 0.026415 0.105919
0 0.391509 0.580997 0.028302 0.121495
0 0.402830 0.517134 0.028302 0.118380
0 0.413208 0.467290 0.026415 0.105919
0 0.445283 0.823988 0.033962 0.146417
0 0.455660 0.711838 0.032075 0.133956
0 0.472642 0.607477 0.028302 0.124611
0 0.478302 0.557632 0.032075 0.130841
0 0.466038 0.492212 0.022642 0.093458
0 0.476415 0.456386 0.024528 0.102804
0 0.529245 0.473520 0.020755 0.093458
0 0.534906 0.514019 0.028302 0.112150
0 0.551887 0.577882 0.028302 0.115265
0 0.559434 0.643302 0.024528 0.109034
0 0.558491 0.752336 0.033962 0.133956
0 0.639623 0.610592 0.026415 0.118380
0 0.627358 0.548287 0.028302 0.118380
0 0.612264 0.485981 0.024528 0.105919
0 0.692453 0.521807 0.026415 0.109034
0 0.704717 0.574766 0.028302 0.115265
0 0.678302 0.697819 0.032075 0.137072
0 0.762264 0.655763 0.033962 0.133956
0 0.771698 0.542056 0.030189 0.124611
0 0.825472 0.616822 0.028302 0.124611
0 0.879245 0.590343 0.026415 0.115265
0 0.977358 0.442368 0.022642 0.099688
0 0.952830 0.057632 0.011321 0.046729
0 0.893396 0.032710 0.009434 0.046729
0 0.565094 0.102804 0.013208 0.056075
0 0.550943 0.098131 0.011321 0.052960
0 0.557547 0.112150 0.005660 0.031153
0 0.519811 0.311526 0.020755 0.087227
0 0.477358 0.260125 0.018868 0.077882
0 0.457547 0.257009 0.020755 0.084112
0 0.442453 0.258567 0.020755 0.080997
0 0.413208 0.264798 0.015094 0.062305
0 0.394340 0.242991 0.018868 0.080997
0 0.331132 0.228972 0.020755 0.084112
0 0.351887 0.236760 0.016981 0.068536
0 0.282075 0.263240 0.016981 0.065421
0 0.116981 0.230530 0.015094 0.068536
0 0.150000 0.266355 0.016981 0.077882
0 0.164151 0.244548 0.011321 0.052960
0 0.142453 0.143302 0.016981 0.068536
0 0.121698 0.102804 0.013208 0.062305
0 0.201887 0.121495 0.015094 0.062305
0 0.570755 0.043614 0.009434 0.049844
0 0.508491 0.035826 0.009434 0.046729
0 0.596226 0.956386 0.049057 0.080997
0 0.816038 0.852025 0.360377 0.283489
0 0.759434 0.345794 0.477358 0.261682
0 0.280189 0.232087 0.552830 0.140187
