0 0.229831 0.491875 0.095685 0.158750
0 0.196998 0.454375 0.071295 0.118750
0 0.037523 0.449375 0.075047 0.143750
0 0.321764 0.445000 0.073171 0.122500
0 0.448405 0.441875 0.082552 0.136250
0 0.548780 0.442500 0.080675 0.135000
0 0.723265 0.447500 0.076923 0.125000
0 0.912758 0.438750 0.076923 0.125000
0 1.080675 0.440000 0.071295 0.120000
0 1.184803 0.436875 0.073171 0.118750
0 1.304878 0.439375 0.061914 0.103750
0 0.028143 0.302500 0.033771 0.057500
0 0.139775 0.413750 0.065666 0.110000
0 0.072233 0.441250 0.076923 0.127500
0 0.050657 0.445000 0.075047 0.125000
0 0.188555 0.290625 0.031895 0.051250
0 0.218574 0.291875 0.031895 0.053750
0 0.011257 0.301250 0.022514 0.057500
0 0.546904 0.300625 0.031895 0.053750
0 0.584428 0.291875 0.024390 0.041250
0 0.560976 0.295000 0.026266 0.047500
0 0.686679 0.303125 0.030019 0.051250
0 0.812383 0.304375 0.033771 0.053750
0 0.826454 0.305625 0.035647 0.058750
0 0.787992 0.301250 0.030019 0.050000
0 0.768293 0.303750 0.028143 0.050000
0 1.014071 0.289375 0.024390 0.043750
0 0.978424 0.289375 0.024390 0.043750
0 0.356473 0.425000 0.067542 0.110000
0 0.886492 0.432500 0.069418 0.115000
0 1.061914 0.428125 0.067542 0.113750
0 1.030019 0.417500 0.063790 0.107500
0 1.282364 0.425625 0.061914 0.103750
0 1.261726 0.414375 0.065666 0.106250
0 1.232645 0.408125 0.063790 0.106250
0 1.212008 0.401250 0.063790 0.102500
0 1.165103 0.425625 0.071295 0.116250
0 1.125704 0.420625 0.067542 0.108750
0 0.656660 0.296875 0.026266 0.046250
0 1.110694 0.291250 0.026266 0.047500
0 1.088180 0.291250 0.026266 0.047500
0 1.473734 0.433125 0.054409 0.106250
0 1.458724 0.425625 0.065666 0.111250
0 1.436210 0.417500 0.069418 0.112500
0 1.420263 0.413750 0.063790 0.105000
0 1.399625 0.408750 0.063790 0.102500
0 1.379925 0.404375 0.058161 0.093750
0 1.363039 0.395625 0.061914 0.101250
0 1.340525 0.391875 0.061914 0.103750
0 0.082552 0.430000 0.071295 0.120000
0 0.389306 0.377500 0.054409 0.090000
0 0.480300 0.416875 0.056285 0.093750
0 0.712008 0.429375 0.065666 0.111250
0 0.734522 0.432500 0.061914 0.102500
0 0.700750 0.428750 0.069418 0.112500
0 0.871482 0.417500 0.065666 0.110000
0 0.839587 0.408125 0.058161 0.098750
0 0.824578 0.400625 0.058161 0.096250
0 0.948405 0.381875 0.054409 0.091250
0 0.962477 0.386875 0.056285 0.091250
0 0.987805 0.395625 0.069418 0.116250
0 1.015947 0.411875 0.061914 0.103750
0 1.002814 0.414375 0.061914 0.103750
0 1.318949 0.365625 0.030019 0.043750
0 1.065666 0.306875 0.030019 0.041250
0 1.033771 0.302500 0.022514 0.027500
0 1.147280 0.298125 0.039400 0.043750
0 1.138837 0.287500 0.030019 0.022500
0 1.282364 0.356250 0.043152 0.037500
0 0.187617 0.386875 0.367730 0.181250
0 0.457786 0.354375 0.142589 0.161250
0 0.577861 0.396875 0.082552 0.176250
0 0.683865 0.394375 0.133208 0.188750
0 0.803002 0.381875 0.108818 0.161250
0 1.312383 0.321875 0.373358 0.076250
0 1.241088 0.283750 0.058161 0.022500
0 1.015947 0.341250 0.324578 0.095000
