0 0.307789 0.331667 0.032663 0.053333
0 0.051508 0.329167 0.027638 0.048333
0 0.126884 0.535833 0.082915 0.135000
0 0.322864 0.535833 0.077889 0.128333
0 0.531407 0.538333 0.082915 0.133333
0 1.374372 0.537500 0.075377 0.125000
0 1.163317 0.542500 0.080402 0.135000
0 0.952261 0.535000 0.080402 0.130000
0 0.365578 0.504167 0.067839 0.108333
0 0.402010 0.478333 0.065327 0.106667
0 0.422111 0.464167 0.060302 0.101667
0 0.189698 0.502500 0.062814 0.105000
0 0.233668 0.481667 0.060302 0.103333
0 0.267588 0.465000 0.062814 0.100000
0 0.296482 0.449167 0.055276 0.091667
0 0.339196 0.424167 0.055276 0.088333
0 0.324121 0.435833 0.060302 0.098333
0 0.437186 0.449167 0.055276 0.091667
0 0.442211 0.436667 0.055276 0.093333
0 0.746231 0.535000 0.075377 0.126667
0 1.183417 0.414167 0.055276 0.095000
0 1.201005 0.431667 0.055276 0.093333
0 1.238693 0.451667 0.060302 0.096667
0 1.263819 0.466667 0.060302 0.096667
0 1.287688 0.485000 0.062814 0.103333
0 1.329146 0.501667 0.070352 0.116667
0 1.130653 0.504167 0.065327 0.108333
0 1.106784 0.487500 0.057789 0.095000
0 0.551508 0.505000 0.062814 0.100000
0 0.565327 0.482500 0.055276 0.095000
0 0.579146 0.464167 0.057789 0.098333
0 0.592965 0.446667 0.055276 0.093333
0 0.601759 0.433333 0.052764 0.090000
0 0.608040 0.423333 0.055276 0.090000
0 0.673367 0.495833 0.075377 0.128333
0 0.768844 0.505000 0.065327 0.110000
0 0.685930 0.479167 0.070352 0.115000
0 0.766332 0.181667 1.477387 0.146667
0 1.066583 0.446667 0.092965 0.143333
0 0.918342 0.457500 0.077889 0.165000
0 0.750000 0.424167 0.143216 0.165000
