0 0.017500 0.486667 0.035000 0.223333
0 0.071250 0.495833 0.105000 0.341667
0 0.103125 0.481667 0.066250 0.220000
0 0.225625 0.502500 0.096250 0.315000
0 0.355000 0.478333 0.070000 0.226667
0 0.461250 0.477500 0.107500 0.348333
0 0.564375 0.470000 0.068750 0.230000
0 0.526250 0.476667 0.047500 0.156667
0 0.600625 0.476667 0.048750 0.160000
0 0.648125 0.485833 0.096250 0.318333
0 0.729375 0.471667 0.086250 0.280000
0 0.807500 0.472500 0.070000 0.228333
0 0.847500 0.476667 0.107500 0.350000
0 0.877500 0.468333 0.087500 0.286667
0 0.926250 0.464167 0.090000 0.295000
0 0.958750 0.469167 0.082500 0.301667
0 0.677500 0.475833 0.045000 0.148333
0 0.335625 0.484167 0.046250 0.155000
0 0.373125 0.475833 0.048750 0.158333
