0 0.098093 0.462727 0.196185 0.354545
0 0.472752 0.430000 0.171662 0.281818
0 0.555858 0.420909 0.185286 0.307273
0 0.641689 0.476364 0.100817 0.167273
0 0.743869 0.417273 0.152589 0.249091
0 0.893733 0.469091 0.087193 0.145455
0 0.888283 0.421818 0.119891 0.196364
0 1.153951 0.428182 0.133515 0.216364
0 1.291553 0.488182 0.103542 0.169091
0 1.325613 0.445455 0.155313 0.258182
0 1.326975 0.329091 0.103542 0.101818
0 1.396458 0.336364 0.068120 0.090909
0 1.463215 0.346364 0.065395 0.052727
0 1.144414 0.331818 0.054496 0.070909
0 1.222071 0.343636 0.062670 0.083636
0 0.775204 0.330000 0.046322 0.052727
0 0.632153 0.359091 0.065395 0.085455
0 0.817439 0.370000 0.070845 0.060000
0 0.493188 0.315455 0.038147 0.063636
