0 0.086250 0.210294 0.082500 0.120588
0 0.206250 0.215441 0.032500 0.048529
0 0.295000 0.227206 0.095000 0.136765
0 0.378750 0.211029 0.057500 0.086765
0 0.337500 0.212500 0.050000 0.072059
0 0.490000 0.294118 0.155000 0.223529
0 0.628750 0.368382 0.227500 0.325000
0 0.816250 0.205882 0.057500 0.085294
0 1.441250 0.419118 0.227500 0.326471
0 1.078750 0.447794 0.177500 0.260294
0 1.003750 0.384559 0.177500 0.260294
0 0.895000 0.362500 0.140000 0.201471
0 0.785000 0.333088 0.110000 0.160294
0 0.742500 0.316176 0.110000 0.158824
0 1.288750 0.408824 0.217500 0.314706
0 0.553750 0.196324 0.042500 0.042647
0 0.750000 0.206618 0.105000 0.054412
0 0.933750 0.230147 0.122500 0.119118
0 1.055000 0.233088 0.145000 0.069118
0 1.127500 0.287500 0.090000 0.060294
0 1.241250 0.301471 0.167500 0.102941
0 1.218750 0.275000 0.067500 0.091176
0 1.402500 0.247059 0.115000 0.088235
0 1.616250 0.294118 0.162500 0.167647
0 0.436250 0.212500 0.082500 0.075000
0 1.151250 0.218382 1.087500 0.119118
