0 0.159000 0.557576 0.122000 0.448485
0 0.287000 0.557576 0.134000 0.496970
0 0.320000 0.503030 0.088000 0.333333
0 0.343000 0.477273 0.090000 0.330303
0 0.454000 0.640909 0.152000 0.566667
0 0.423000 0.584848 0.126000 0.466667
0 0.569000 0.600000 0.146000 0.539394
0 0.624000 0.490909 0.092000 0.345455
0 0.672000 0.530303 0.112000 0.412121
0 0.716000 0.606061 0.132000 0.496970
0 0.780000 0.563636 0.132000 0.490909
0 0.884000 0.562121 0.132000 0.493939
0 0.951000 0.527273 0.098000 0.418182
0 0.522000 0.425758 0.072000 0.275758
0 0.370000 0.386364 0.064000 0.239394
0 0.143000 0.307576 0.050000 0.106061
0 0.578000 0.300000 0.048000 0.096970
0 0.683000 0.319697 0.074000 0.100000
0 0.703000 0.304545 0.034000 0.087879
0 0.752000 0.378788 0.048000 0.127273
0 0.472000 0.328788 0.052000 0.148485
0 0.396000 0.286364 0.032000 0.051515
0 0.301000 0.292424 0.046000 0.075758
0 0.430000 0.295455 0.468000 0.075758
