0 0.949000 0.366667 0.102000 0.488000
0 0.917000 0.368000 0.134000 0.437333
0 0.821000 0.382667 0.142000 0.461333
0 0.725000 0.392000 0.126000 0.416000
0 0.654000 0.406667 0.108000 0.349333
0 0.558000 0.377333 0.128000 0.418667
0 0.476000 0.370667 0.120000 0.400000
0 0.385000 0.469333 0.070000 0.234667
0 0.323000 0.417333 0.106000 0.349333
0 0.355000 0.422667 0.098000 0.322667
0 0.381000 0.416000 0.102000 0.330667
0 0.245000 0.402667 0.130000 0.432000
0 0.208000 0.442667 0.116000 0.384000
0 0.149000 0.464000 0.114000 0.373333
0 0.079000 0.486667 0.122000 0.397333
0 0.042000 0.488000 0.084000 0.389333
0 0.034000 0.502667 0.068000 0.397333
0 0.171000 0.476000 0.098000 0.322667
0 0.440000 0.326667 0.040000 0.210667
0 0.683000 0.249333 0.022000 0.077333
0 0.661000 0.254667 0.034000 0.066667
0 0.772000 0.238667 0.032000 0.088000
0 0.923000 0.149333 0.146000 0.186667
0 0.914000 0.152000 0.052000 0.106667
0 0.175000 0.326667 0.086000 0.184000
0 0.464000 0.532000 0.440000 0.210667
