0 0.094787 0.412632 0.189573 0.336842
0 0.183254 0.414737 0.173776 0.284211
0 0.053712 0.422105 0.107425 0.176842
0 0.270142 0.415263 0.101106 0.165263
0 0.359400 0.408421 0.118483 0.195789
0 0.414692 0.410000 0.178515 0.293684
0 0.439968 0.407368 0.156398 0.254737
0 0.501580 0.415263 0.109005 0.180000
0 0.518957 0.418947 0.058452 0.098947
0 0.663507 0.412105 0.170616 0.281053
0 0.642970 0.412105 0.145340 0.236842
0 0.612164 0.408947 0.127962 0.209474
0 0.578989 0.422632 0.074250 0.121053
0 0.759084 0.405789 0.121643 0.201053
0 0.844392 0.407368 0.124803 0.204211
0 0.888626 0.411053 0.150079 0.245263
0 0.992101 0.415263 0.116904 0.192632
0 1.101106 0.410526 0.132701 0.214737
0 1.225908 0.411579 0.123223 0.204211
0 1.334913 0.404211 0.110585 0.183158
0 1.458926 0.415789 0.083728 0.168421
0 1.135861 0.412105 0.088468 0.146316
0 1.029226 0.411579 0.105845 0.172632
0 0.549763 0.382632 0.015798 0.022105
0 0.951817 0.386842 0.026856 0.066316
0 1.422591 0.456316 0.086888 0.106316
0 1.412322 0.376316 0.066351 0.083158
0 1.353870 0.361579 0.041074 0.070526
