0 0.328182 0.558583 0.063636 0.234332
0 0.362727 0.532698 0.063636 0.237057
0 0.404545 0.566757 0.063636 0.234332
0 0.438182 0.542234 0.050909 0.196185
0 0.471818 0.558583 0.063636 0.239782
0 0.500909 0.510899 0.070909 0.258856
0 0.535455 0.564033 0.063636 0.239782
0 0.569091 0.532698 0.054545 0.209809
0 0.620000 0.525886 0.069091 0.250681
0 0.659091 0.559946 0.060000 0.226158
0 0.690909 0.546322 0.065455 0.247956
0 0.713636 0.550409 0.067273 0.245232
0 0.276364 0.569482 0.061818 0.223433
0 0.252727 0.559946 0.061818 0.231608
0 0.740909 0.544959 0.060000 0.228883
0 0.788182 0.546322 0.056364 0.204360
0 0.768182 0.547684 0.060000 0.223433
0 0.600909 0.568120 0.063636 0.242507
0 0.248182 0.491826 0.020000 0.068120
0 0.279091 0.440054 0.034545 0.057221
0 0.301818 0.450954 0.029091 0.040872
0 0.534545 0.448229 0.032727 0.057221
0 0.059091 0.325613 0.118182 0.166213
0 0.057273 0.539510 0.114545 0.119891
0 0.927273 0.546322 0.141818 0.100817
0 0.920000 0.295640 0.156364 0.209809
