0 0.052000 0.625714 0.104000 0.394286
0 0.106000 0.601429 0.112000 0.391429
0 0.151000 0.607143 0.106000 0.368571
0 0.197000 0.590000 0.102000 0.362857
0 0.264000 0.595714 0.092000 0.322857
0 0.320000 0.614286 0.092000 0.325714
0 0.396000 0.614286 0.092000 0.331429
0 0.461000 0.598571 0.106000 0.380000
0 0.520000 0.595714 0.100000 0.351429
0 0.574000 0.594286 0.096000 0.342857
0 0.614000 0.608571 0.104000 0.365714
0 0.664000 0.651429 0.100000 0.354286
0 0.726000 0.658571 0.116000 0.414286
0 0.827000 0.615714 0.118000 0.414286
0 0.917000 0.665714 0.134000 0.474286
0 0.130000 0.390000 0.016000 0.060000
0 0.151000 0.392857 0.018000 0.048571
0 0.311000 0.397143 0.042000 0.097143
0 0.349000 0.400000 0.038000 0.074286
0 0.387000 0.405714 0.042000 0.074286
0 0.427000 0.420000 0.038000 0.097143
0 0.473000 0.401429 0.038000 0.071429
0 0.671000 0.402857 0.050000 0.080000
0 0.749000 0.420000 0.054000 0.097143
0 0.955000 0.391429 0.026000 0.045714
0 0.936000 0.392857 0.020000 0.042857
