0 0.098940 0.468750 0.056537 0.187500
0 0.166961 0.432692 0.037102 0.125000
0 0.225265 0.438702 0.037102 0.122596
0 0.441696 0.368990 0.021201 0.079327
0 0.931095 0.436298 0.028269 0.093750
0 0.985866 0.429087 0.028269 0.093750
0 0.091873 0.747596 0.169611 0.201923
0 0.268551 0.634615 0.081272 0.134615
0 0.360424 0.585337 0.088339 0.112981
0 0.406360 0.700721 0.127208 0.185096
0 0.494700 0.671875 0.088339 0.108173
0 0.437279 0.574519 0.075972 0.081731
0 0.476148 0.548077 0.058304 0.110577
0 0.539753 0.576923 0.068905 0.129808
0 0.595406 0.544471 0.060071 0.127404
0 0.645760 0.501202 0.040636 0.074519
0 0.592756 0.433894 0.040636 0.079327
0 0.553004 0.441106 0.042403 0.084135
0 0.507067 0.427885 0.031802 0.043269
0 0.489399 0.430288 0.045936 0.062500
0 0.462014 0.425481 0.019435 0.038462
0 0.437279 0.429087 0.037102 0.064904
0 0.381625 0.435096 0.035336 0.057692
0 0.333922 0.429087 0.035336 0.055288
0 0.300353 0.415865 0.024735 0.033654
0 0.272968 0.419471 0.022968 0.050481
0 0.251767 0.412260 0.030035 0.040865
0 0.197880 0.424279 0.031802 0.055288
0 0.188163 0.387019 0.019435 0.033654
0 0.681095 0.496394 0.040636 0.055288
0 0.875442 0.724760 0.128975 0.213942
0 0.807420 0.580529 0.060071 0.098558
0 0.768551 0.534856 0.053004 0.084135
0 0.745583 0.487981 0.042403 0.062500
0 0.845406 0.490385 0.037102 0.048077
0 0.825088 0.518029 0.038869 0.055288
0 0.872792 0.558894 0.070671 0.093750
0 0.941696 0.602163 0.053004 0.112981
0 0.054770 0.399038 0.106007 0.115385
0 0.828622 0.419471 0.151943 0.141827
