0 1.315857 0.532967 0.125320 0.219780
0 1.251918 0.435897 0.079284 0.142857
0 1.308184 0.346154 0.048593 0.087912
0 1.278772 0.345238 0.046036 0.082418
0 1.335038 0.342491 0.046036 0.080586
0 1.373402 0.369963 0.046036 0.102564
0 1.023018 0.423077 0.071611 0.128205
0 0.938619 0.484432 0.092072 0.159341
0 0.841432 0.470696 0.081841 0.142857
0 0.865729 0.414835 0.069054 0.122711
0 0.841432 0.356227 0.046036 0.078755
0 0.849105 0.597070 0.092072 0.164835
0 0.710997 0.468864 0.097187 0.172161
0 0.663683 0.510073 0.094629 0.166667
0 0.519182 0.510073 0.092072 0.159341
0 0.355499 0.526557 0.092072 0.166667
0 0.452685 0.373626 0.046036 0.080586
0 0.289003 0.475275 0.076726 0.141026
0 0.093350 0.426740 0.063939 0.117216
0 0.228900 0.352564 0.038363 0.067766
0 0.258312 0.330586 0.030691 0.053114
0 0.328645 0.363553 0.048593 0.089744
0 0.283887 0.331502 0.025575 0.051282
0 0.053708 0.320513 0.035806 0.062271
0 0.078005 0.329670 0.038363 0.065934
0 0.106138 0.323260 0.028133 0.053114
0 0.121483 0.315934 0.033248 0.064103
0 0.153453 0.315934 0.030691 0.060440
0 0.180307 0.320513 0.033248 0.058608
0 0.204604 0.317766 0.030691 0.056777
0 0.349105 0.315934 0.033248 0.056777
0 0.384910 0.312271 0.028133 0.053114
0 0.372123 0.314103 0.033248 0.056777
0 0.411765 0.314103 0.030691 0.053114
0 0.428389 0.313187 0.028133 0.047619
0 0.459079 0.314103 0.023018 0.045788
0 0.492327 0.315018 0.023018 0.043956
0 0.525575 0.312271 0.028133 0.049451
0 0.552430 0.312271 0.030691 0.056777
0 0.578005 0.310440 0.030691 0.060440
0 0.621483 0.310440 0.030691 0.056777
0 0.650895 0.313187 0.033248 0.058608
0 0.667519 0.309524 0.025575 0.051282
0 0.695652 0.307692 0.025575 0.051282
0 0.725064 0.310440 0.028133 0.049451
0 0.744246 0.302198 0.030691 0.054945
0 0.764706 0.305861 0.025575 0.051282
0 0.787724 0.303114 0.025575 0.049451
0 0.808184 0.305861 0.025575 0.047619
0 0.883632 0.304945 0.028133 0.053114
0 0.867008 0.300366 0.030691 0.054945
0 0.851662 0.299451 0.025575 0.049451
0 0.827366 0.302198 0.028133 0.047619
0 0.923274 0.300366 0.025575 0.051282
0 0.946292 0.304029 0.025575 0.047619
0 1.269821 0.286630 0.028133 0.049451
0 1.254476 0.344322 0.053708 0.047619
0 0.274936 0.367216 0.028133 0.027473
0 0.300512 0.382784 0.038363 0.032967
0 0.414322 0.233516 0.828645 0.075092
0 1.148338 0.250916 0.465473 0.153846
