0 0.162202 0.446399 0.062500 0.092127
0 0.125000 0.453099 0.083333 0.118928
0 0.232143 0.449749 0.077381 0.105528
0 0.303571 0.450586 0.083333 0.113903
0 0.377976 0.461474 0.089286 0.122278
0 0.428571 0.468174 0.125000 0.172529
0 0.483631 0.472362 0.110119 0.154104
0 0.543155 0.448074 0.062500 0.092127
0 0.602679 0.472362 0.122024 0.170854
0 0.645833 0.453936 0.101190 0.144054
0 0.687500 0.454774 0.083333 0.118928
0 0.733631 0.468174 0.116071 0.159129
0 0.840774 0.455611 0.110119 0.157454
0 0.891369 0.469849 0.116071 0.162479
0 0.813988 0.451424 0.092262 0.132328
0 0.944940 0.459799 0.092262 0.132328
0 0.959821 0.469849 0.116071 0.159129
0 1.058036 0.466499 0.098214 0.139028
0 1.150298 0.469012 0.122024 0.170854
0 1.206845 0.466499 0.122024 0.169179
0 1.270833 0.453936 0.083333 0.113903
0 1.313988 0.455611 0.104167 0.144054
0 1.392857 0.469012 0.125000 0.177554
0 1.464286 0.469012 0.101190 0.144054
0 1.500000 0.458124 0.113095 0.155779
0 1.586310 0.449749 0.089286 0.125628
0 1.666667 0.469849 0.119048 0.162479
0 1.736607 0.460637 0.074405 0.107203
0 1.750000 0.458961 0.053571 0.120603
0 0.668155 0.468174 0.092262 0.128978
0 0.279762 0.444724 0.065476 0.088777
0 0.328869 0.451424 0.068452 0.098827
0 1.016369 0.401173 0.038690 0.031826
0 1.623512 0.398660 0.062500 0.036851
