0 0.477667 0.560833 0.096774 0.161667
0 0.547146 0.572500 0.081886 0.135000
0 0.598015 0.545000 0.089330 0.150000
0 1.246898 0.577500 0.076923 0.131667
0 0.940447 0.370000 0.044665 0.073333
0 0.895782 0.373333 0.049628 0.083333
0 0.838710 0.439167 0.059553 0.101667
0 0.710918 0.465000 0.066998 0.110000
0 0.745658 0.442500 0.071960 0.118333
0 0.641439 0.510833 0.066998 0.111667
0 0.612903 0.453333 0.059553 0.103333
0 0.638958 0.307500 0.042184 0.068333
0 0.774194 0.392500 0.049628 0.085000
0 1.111663 0.537500 0.089330 0.075000
0 0.914392 0.526667 0.076923 0.070000
0 0.924318 0.605833 0.176179 0.071667
0 0.285360 0.547500 0.104218 0.098333
0 0.102978 0.568333 0.091811 0.080000
0 0.161290 0.529167 0.079404 0.071667
0 0.062035 0.489167 0.049628 0.048333
0 0.374690 0.499167 0.074442 0.048333
0 0.318859 0.484167 0.052109 0.048333
0 0.208437 0.503333 0.064516 0.050000
0 0.641439 0.407500 0.047146 0.045000
0 0.836228 0.368333 0.069479 0.050000
0 0.600496 0.342500 0.590571 0.188333
0 0.973945 0.298333 0.121588 0.080000
