0 0.034000 0.246224 0.016000 0.069486
0 0.083000 0.268882 0.022000 0.078550
0 0.497000 0.302115 0.018000 0.066465
0 0.557000 0.287009 0.014000 0.054381
0 0.700000 0.287009 0.020000 0.078550
0 0.737000 0.282477 0.014000 0.057402
0 0.720000 0.285498 0.012000 0.051360
0 0.029000 0.608761 0.026000 0.105740
0 0.054000 0.676737 0.056000 0.217523
0 0.073000 0.679758 0.066000 0.241692
0 0.090000 0.687311 0.064000 0.244713
0 0.111000 0.697885 0.066000 0.247734
0 0.139000 0.702417 0.074000 0.274924
0 0.160000 0.722054 0.072000 0.271903
0 0.308000 0.712991 0.072000 0.265861
0 0.282000 0.703927 0.072000 0.265861
0 0.257000 0.697885 0.074000 0.271903
0 0.241000 0.688822 0.074000 0.271903
0 0.211000 0.688822 0.066000 0.247734
0 0.185000 0.673716 0.066000 0.247734
0 0.334000 0.673716 0.064000 0.235650
0 0.363000 0.687311 0.066000 0.244713
0 0.390000 0.694864 0.072000 0.265861
0 0.408000 0.703927 0.072000 0.265861
0 0.456000 0.711480 0.072000 0.262840
0 0.484000 0.684290 0.068000 0.250755
0 0.510000 0.691843 0.072000 0.271903
0 0.539000 0.706949 0.066000 0.247734
0 0.585000 0.716012 0.082000 0.302115
0 0.616000 0.681269 0.068000 0.250755
0 0.652000 0.687311 0.068000 0.256798
0 0.677000 0.694864 0.070000 0.265861
0 0.734000 0.705438 0.072000 0.262840
0 0.766000 0.682779 0.072000 0.265861
0 0.808000 0.690332 0.072000 0.274924
0 0.876000 0.699396 0.076000 0.280967
0 0.967000 0.280967 0.030000 0.060423
0 0.170000 0.264350 0.016000 0.039275
0 0.189000 0.268882 0.018000 0.060423
0 0.216000 0.261329 0.020000 0.045317
0 0.247000 0.268882 0.014000 0.060423
0 0.262000 0.264350 0.020000 0.057402
0 0.300000 0.262840 0.016000 0.054381
0 0.325000 0.268882 0.022000 0.054381
0 0.121000 0.575529 0.018000 0.051360
0 0.171000 0.574018 0.026000 0.042296
0 0.269000 0.569486 0.026000 0.057402
0 0.309000 0.567976 0.026000 0.048338
0 0.422000 0.563444 0.020000 0.039275
0 0.445000 0.554381 0.026000 0.027190
0 0.519000 0.558912 0.026000 0.054381
0 0.551000 0.552870 0.022000 0.048338
0 0.568000 0.551360 0.020000 0.039275
0 0.584000 0.534743 0.028000 0.042296
0 0.647000 0.548338 0.026000 0.039275
0 0.683000 0.546828 0.034000 0.048338
0 0.616000 0.543807 0.028000 0.042296
0 0.725000 0.555891 0.026000 0.030211
0 0.356000 0.353474 0.708000 0.271903
0 0.871000 0.350453 0.246000 0.223565
