0 0.175781 0.385000 0.101562 0.165000
0 0.244141 0.380000 0.089844 0.140000
0 0.283203 0.376250 0.097656 0.157500
0 0.375000 0.387500 0.101562 0.160000
0 0.429688 0.386250 0.109375 0.172500
0 0.505859 0.387500 0.097656 0.160000
0 0.560547 0.371250 0.105469 0.172500
0 0.607422 0.400000 0.113281 0.185000
0 0.751953 0.427500 0.128906 0.200000
0 0.841797 0.373750 0.113281 0.182500
0 0.966797 0.366250 0.105469 0.172500
0 1.076172 0.373750 0.105469 0.167500
0 1.107422 0.371250 0.105469 0.172500
0 1.210938 0.402500 0.117188 0.190000
0 1.306641 0.432500 0.144531 0.235000
0 1.367188 0.353750 0.093750 0.147500
0 1.468750 0.375000 0.109375 0.170000
0 0.884766 0.376250 0.105469 0.167500
0 1.140625 0.290000 0.054688 0.045000
0 1.232422 0.296250 0.050781 0.042500
0 1.287109 0.293750 0.042969 0.037500
0 1.335938 0.290000 0.046875 0.045000
0 1.037109 0.303750 0.050781 0.032500
0 0.708984 0.315000 0.042969 0.040000
0 0.775391 0.291250 1.527344 0.192500
