0 1.637352 0.281667 0.069170 0.094444
0 1.580040 0.308333 0.096838 0.134444
0 1.500000 0.286111 0.083004 0.116667
0 1.446640 0.290556 0.086957 0.123333
0 1.394269 0.303889 0.069170 0.096667
0 1.411067 0.291111 0.063241 0.086667
0 1.355731 0.295000 0.059289 0.085556
0 1.317194 0.293333 0.065217 0.088889
0 1.285573 0.318333 0.096838 0.134444
0 1.245059 0.287222 0.051383 0.074444
0 1.216403 0.283889 0.053360 0.074444
0 1.184783 0.298889 0.057312 0.077778
0 1.143281 0.295000 0.045455 0.063333
0 1.127470 0.281111 0.029644 0.044444
0 0.097826 0.400000 0.195652 0.317778
0 0.290514 0.357222 0.122530 0.167778
0 0.211462 0.305000 0.075099 0.105556
0 0.381423 0.332778 0.122530 0.170000
0 0.416008 0.343889 0.112648 0.156667
0 0.486166 0.326111 0.098814 0.134444
0 0.525692 0.333333 0.098814 0.135556
0 0.559289 0.342778 0.090909 0.127778
0 0.606719 0.316667 0.090909 0.126667
0 0.659091 0.321111 0.065217 0.088889
0 0.868577 0.308889 0.065217 0.093333
0 0.925889 0.326667 0.081028 0.113333
0 1.174901 0.252222 0.017787 0.017778
0 1.155138 0.259444 0.017787 0.014444
0 1.330040 0.245556 0.023715 0.022222
0 1.230237 0.263889 0.029644 0.023333
0 1.271739 0.248333 0.041502 0.018889
0 0.168972 0.252222 0.037549 0.037778
0 0.245059 0.260556 0.035573 0.025556
0 0.278656 0.252222 0.043478 0.037778
0 0.307312 0.248333 0.033597 0.021111
0 0.356719 0.268889 0.041502 0.033333
0 0.451581 0.251667 0.033597 0.018889
0 0.575099 0.262222 0.039526 0.024444
0 0.653162 0.263889 0.029644 0.018889
0 0.802372 0.282778 0.094862 0.050000
