0 0.103074 0.785024 0.119349 0.396135
0 0.220615 0.774155 0.119349 0.393720
0 0.316456 0.766908 0.112116 0.369565
0 0.436709 0.742754 0.110307 0.359903
0 0.511754 0.729469 0.112116 0.371981
0 0.581374 0.719807 0.110307 0.357488
0 0.656420 0.713768 0.101266 0.335749
0 0.729656 0.698068 0.106691 0.352657
0 0.802893 0.704106 0.094033 0.311594
0 0.849910 0.672705 0.101266 0.330918
0 0.910488 0.672705 0.095841 0.316425
0 0.962929 0.666667 0.074141 0.294686
0 0.762206 0.572464 0.041591 0.048309
0 0.670886 0.588164 0.039783 0.055556
0 0.604882 0.599034 0.034358 0.057971
