0 0.493678 0.481238 0.208046 0.834897
0 0.275287 0.397749 0.168966 0.671670
0 0.151149 0.469043 0.203448 0.810507
0 0.845402 0.149156 0.031034 0.121951
0 0.901724 0.159475 0.049425 0.198874
0 0.604598 0.212946 0.059770 0.242026
0 0.548851 0.201689 0.070115 0.283302
0 0.390805 0.196998 0.057471 0.232645
0 0.040230 0.181989 0.029885 0.123827
0 0.643103 0.522514 0.228736 0.909944
0 0.765517 0.097561 0.087356 0.176360
0 0.218966 0.112570 0.033333 0.078799
0 0.311494 0.139775 0.045977 0.095685
0 0.337931 0.111632 0.016092 0.043152
0 0.352874 0.097561 0.018391 0.056285
0 0.404598 0.086304 0.029885 0.067542
0 0.559195 0.097561 0.021839 0.048780
0 0.964368 0.102251 0.020690 0.069418
0 0.951149 0.089118 0.017241 0.050657
0 0.943678 0.091932 0.018391 0.056285
0 0.871264 0.110694 0.013793 0.093809
0 0.858046 0.077861 0.012644 0.035647
0 0.850575 0.079737 0.016092 0.035647
0 0.837931 0.075047 0.011494 0.022514
0 0.828161 0.073171 0.010345 0.022514
0 0.816092 0.077861 0.016092 0.035647
