0 0.721094 0.840625 0.020313 0.106250
0 0.761719 0.775000 0.023438 0.112500
0 0.696875 0.701562 0.018750 0.090625
0 0.665625 0.737500 0.018750 0.100000
0 0.626563 0.762500 0.015625 0.081250
0 0.592969 0.790625 0.017188 0.087500
0 0.551562 0.818750 0.018750 0.093750
0 0.506250 0.829688 0.015625 0.084375
0 0.477344 0.843750 0.020313 0.100000
0 0.439063 0.862500 0.015625 0.081250
0 0.399219 0.882812 0.017188 0.084375
0 0.357812 0.887500 0.015625 0.087500
0 0.307031 0.881250 0.020313 0.100000
0 0.269531 0.885938 0.020313 0.103125
0 0.238281 0.856250 0.014063 0.075000
0 0.225000 0.815625 0.018750 0.093750
0 0.242188 0.782813 0.018750 0.090625
0 0.258594 0.739062 0.017188 0.084375
0 0.284375 0.710938 0.018750 0.090625
0 0.307812 0.684375 0.018750 0.100000
0 0.329688 0.657813 0.015625 0.078125
0 0.349219 0.639062 0.014063 0.071875
0 0.367188 0.610938 0.018750 0.090625
0 0.387500 0.595313 0.018750 0.090625
0 0.403906 0.570312 0.020313 0.096875
0 0.414062 0.546875 0.018750 0.100000
0 0.422656 0.529687 0.017188 0.084375
0 0.441406 0.525000 0.017188 0.087500
0 0.450781 0.515625 0.014063 0.075000
0 0.464062 0.507812 0.012500 0.071875
0 0.473438 0.487500 0.015625 0.087500
0 0.495312 0.482812 0.015625 0.084375
0 0.511719 0.475000 0.017188 0.087500
0 0.536719 0.470313 0.017188 0.084375
0 0.562500 0.464062 0.018750 0.090625
0 0.589063 0.448437 0.015625 0.078125
0 0.620313 0.445312 0.018750 0.090625
0 0.644531 0.454688 0.014063 0.078125
0 0.664062 0.465625 0.015625 0.087500
0 0.678906 0.473438 0.014063 0.078125
0 0.688281 0.482812 0.014063 0.071875
0 0.703906 0.515625 0.017188 0.081250
0 0.718750 0.531250 0.015625 0.087500
0 0.721094 0.667188 0.017188 0.090625
0 0.743750 0.629687 0.018750 0.090625
0 0.734375 0.560937 0.046875 0.109375
