0 0.693000 0.598921 0.126000 0.564748
0 0.902000 0.674460 0.144000 0.643885
0 0.843000 0.602518 0.106000 0.471223
0 0.487000 0.595324 0.110000 0.485612
0 0.375000 0.598921 0.102000 0.449640
0 0.094000 0.562950 0.072000 0.327338
0 0.175000 0.561151 0.082000 0.366906
0 0.133000 0.514388 0.058000 0.258993
0 0.068000 0.503597 0.052000 0.230216
0 0.310000 0.570144 0.080000 0.356115
0 0.243000 0.600719 0.158000 0.194245
0 0.224000 0.485612 0.040000 0.215827
0 0.257000 0.458633 0.042000 0.197842
0 0.544000 0.697842 0.168000 0.345324
0 0.591000 0.508993 0.066000 0.298561
0 0.544000 0.460432 0.028000 0.151079
0 0.399000 0.519784 0.038000 0.284173
