0 0.574138 0.493506 0.079310 0.296104
0 0.423276 0.457143 0.046552 0.176623
0 0.298276 0.459740 0.041379 0.155844
0 0.236207 0.425974 0.027586 0.103896
0 0.163793 0.477922 0.048276 0.187013
0 0.144828 0.479221 0.051724 0.194805
0 0.132759 0.483117 0.058621 0.218182
0 0.842241 0.449351 0.043103 0.166234
0 0.879310 0.451948 0.055172 0.207792
0 0.859483 0.442857 0.043103 0.158442
0 0.914655 0.444156 0.056897 0.207792
0 0.969828 0.498701 0.060345 0.327273
0 0.462931 0.389610 0.008621 0.041558
0 0.476724 0.388312 0.008621 0.038961
0 0.483621 0.388312 0.012069 0.049351
0 0.512069 0.388312 0.010345 0.038961
0 0.489655 0.388312 0.006897 0.033766
0 0.524138 0.389610 0.010345 0.041558
0 0.680172 0.432468 0.039655 0.148052
0 0.703448 0.394805 0.017241 0.067532
0 0.727586 0.412987 0.020690 0.077922
0 0.739655 0.410390 0.020690 0.077922
0 0.752586 0.388312 0.012069 0.049351
0 0.939655 0.454545 0.031034 0.067532
0 0.065517 0.503896 0.117241 0.290909
0 0.225862 0.327273 0.093103 0.077922
0 0.336207 0.384416 0.134483 0.114286
0 0.638793 0.415584 0.063793 0.109091
