0 0.676812 0.831721 0.069565 0.228240
0 0.798551 0.783366 0.028986 0.096712
0 0.776812 0.780464 0.031884 0.106383
0 0.819565 0.774662 0.024638 0.083172
0 0.855072 0.787234 0.023188 0.081238
0 0.884058 0.786267 0.034783 0.117988
0 0.905797 0.785300 0.040580 0.135397
0 0.600000 0.846228 0.060870 0.199226
0 0.522464 0.823017 0.056522 0.183752
0 0.487681 0.815280 0.056522 0.183752
0 0.421739 0.808511 0.040580 0.131528
0 0.389855 0.809478 0.031884 0.106383
0 0.360145 0.824952 0.056522 0.183752
0 0.291304 0.815280 0.043478 0.141199
0 0.271014 0.815280 0.037681 0.129594
0 0.237681 0.821083 0.037681 0.121857
0 0.042754 0.820116 0.044928 0.150870
0 0.090580 0.775629 0.015942 0.058027
0 0.123188 0.772727 0.017391 0.056093
0 0.134058 0.778530 0.015942 0.056093
0 0.447826 0.798839 0.028986 0.092843
0 0.659420 0.815280 0.046377 0.152805
0 0.020290 0.770793 0.028986 0.063830
0 0.227536 0.764023 0.020290 0.042553
0 0.318841 0.775629 0.060870 0.054159
0 0.426812 0.758221 0.085507 0.038685
0 0.608696 0.772727 0.069565 0.059961
0 0.731884 0.761122 0.026087 0.048356
