0 0.471429 0.689619 0.097619 0.430085
0 0.406548 0.698093 0.086905 0.383475
0 0.324405 0.673729 0.094048 0.415254
0 0.266071 0.685381 0.086905 0.379237
0 0.230357 0.677966 0.091667 0.398305
0 0.164286 0.684322 0.080952 0.355932
0 0.581548 0.691737 0.094048 0.408898
0 0.660119 0.691737 0.101190 0.447034
0 0.738095 0.712924 0.097619 0.425847
0 0.817262 0.712924 0.096429 0.421610
0 0.885714 0.787076 0.092857 0.408898
0 0.789881 0.783898 0.346429 0.419492
0 0.504762 0.883475 0.080952 0.224576
0 0.560714 0.929025 0.080952 0.141949
0 0.167857 0.784958 0.330952 0.425847
