0 0.136923 0.318367 0.150769 0.244898
0 0.301538 0.368367 0.215385 0.348980
0 0.387692 0.345918 0.141538 0.234694
0 0.670769 0.413265 0.233846 0.385714
0 1.076923 0.387755 0.196923 0.322449
0 0.904615 0.359184 0.172308 0.285714
0 0.756923 0.400000 0.209231 0.338776
0 0.609231 0.367347 0.166154 0.273469
0 0.544615 0.387755 0.116923 0.187755
0 0.463077 0.289796 0.070769 0.118367
0 0.050769 0.294898 0.070769 0.116327
0 1.172308 0.311224 0.080000 0.132653
0 1.233846 0.314286 0.086154 0.142857
0 1.286154 0.318367 0.086154 0.142857
0 1.353846 0.317347 0.104615 0.169388
0 1.420000 0.312245 0.089231 0.146939
0 1.469231 0.351020 0.076923 0.183673
0 0.378462 0.582653 0.547692 0.153061
0 0.195385 0.592857 0.384615 0.120408
0 0.980000 0.610204 0.261538 0.097959
0 0.850769 0.542857 0.163077 0.065306
0 0.829231 0.493878 0.175385 0.085714
0 0.129231 0.501020 0.246154 0.193878
0 0.466154 0.484694 0.150769 0.071429
0 1.247692 0.413265 0.243077 0.083673
0 1.307692 0.263265 0.387692 0.077551
0 1.030769 0.288776 0.092308 0.120408
0 0.836923 0.288776 0.086154 0.136735
0 0.509231 0.292857 0.144615 0.128571
0 0.201538 0.298980 0.095385 0.116327
0 0.112308 0.209184 0.200000 0.034694
0 0.047692 0.293878 0.083077 0.130612
