0 0.112813 0.675000 0.130919 0.475000
0 0.200557 0.672917 0.139276 0.512500
0 0.300836 0.681250 0.133705 0.487500
0 0.380223 0.672917 0.136490 0.504167
0 0.483287 0.654167 0.153203 0.566667
0 0.573816 0.641667 0.150418 0.550000
0 0.693593 0.654167 0.144847 0.525000
0 0.789694 0.666667 0.142061 0.516667
0 0.874652 0.668750 0.128134 0.479167
0 0.082173 0.581250 0.114206 0.429167
0 0.161560 0.560417 0.122563 0.462500
0 0.420613 0.560417 0.122563 0.454167
0 0.913649 0.429167 0.100279 0.366667
0 0.213092 0.427083 0.069638 0.137500
0 0.288301 0.431250 0.069638 0.195833
0 0.355153 0.427083 0.058496 0.195833
0 0.520891 0.393750 0.066852 0.129167
0 0.628134 0.439583 0.064067 0.237500
0 0.689415 0.397917 0.080780 0.187500
0 0.761838 0.391667 0.091922 0.183333
0 0.855153 0.422917 0.072423 0.170833
0 0.823120 0.320833 0.080780 0.133333
0 0.729805 0.302083 0.055710 0.104167
0 0.633705 0.335417 0.075209 0.095833
0 0.533426 0.341667 0.047354 0.125000
0 0.469359 0.322917 0.075209 0.120833
0 0.387187 0.343750 0.055710 0.129167
0 0.317549 0.347917 0.066852 0.120833
0 0.228412 0.337500 0.077994 0.141667
0 0.271588 0.256250 0.075209 0.137500
0 0.355153 0.279167 0.075209 0.125000
0 0.434540 0.270833 0.066852 0.125000
0 0.511142 0.275000 0.069638 0.150000
0 0.580780 0.262500 0.058496 0.175000
0 0.651811 0.279167 0.072423 0.175000
0 0.720056 0.254167 0.064067 0.125000
0 0.799443 0.250000 0.083565 0.100000
