0 0.083333 0.523684 0.166667 0.657895
0 0.184211 0.543421 0.157895 0.586842
0 0.254386 0.543421 0.157895 0.586842
0 0.340351 0.517105 0.157895 0.586842
0 0.472807 0.530263 0.156140 0.571053
0 0.409649 0.543421 0.156140 0.576316
0 0.542105 0.506579 0.157895 0.576316
0 0.619298 0.513158 0.154386 0.568421
0 0.706140 0.525000 0.156140 0.571053
0 0.764035 0.560526 0.170175 0.626316
0 0.837719 0.565789 0.180702 0.663158
0 0.914912 0.586842 0.170175 0.694737
0 0.304386 0.672368 0.089474 0.439474
0 0.406140 0.676316 0.089474 0.415789
0 0.507895 0.681579 0.103509 0.426316
0 0.605263 0.686842 0.091228 0.431579
0 0.699123 0.676316 0.082456 0.452632
0 0.975439 0.528947 0.045614 0.526316
0 0.660526 0.319737 0.043860 0.081579
0 0.295614 0.318421 0.029825 0.063158
