0 0.160000 0.656667 0.097778 0.180000
0 0.288889 0.659167 0.093333 0.171667
0 0.346667 0.644167 0.111111 0.201667
0 0.411111 0.646667 0.111111 0.203333
0 0.473333 0.646667 0.111111 0.203333
0 0.517778 0.645833 0.111111 0.205000
0 0.748889 0.651667 0.102222 0.190000
0 0.697778 0.650000 0.102222 0.190000
0 0.620000 0.634167 0.120000 0.221667
0 0.558889 0.631667 0.122222 0.226667
0 0.816667 0.650000 0.104444 0.196667
0 1.016667 0.646667 0.113333 0.206667
0 1.080000 0.627500 0.106667 0.198333
0 1.130000 0.616667 0.108889 0.203333
0 0.336667 0.310000 0.073333 0.140000
0 0.450000 0.305833 0.082222 0.151667
0 0.540000 0.305000 0.084444 0.153333
0 0.612222 0.304167 0.082222 0.151667
0 0.691111 0.305000 0.080000 0.150000
0 0.770000 0.308333 0.082222 0.156667
0 0.861111 0.310000 0.082222 0.150000
0 0.946667 0.317500 0.080000 0.145000
0 1.035556 0.316667 0.075556 0.136667
0 0.073333 0.689167 0.115556 0.111667
0 0.963333 0.708333 0.153333 0.080000
0 1.121111 0.704167 0.122222 0.081667
0 1.207778 0.690000 0.108889 0.120000
0 1.255556 0.682500 0.124444 0.135000
0 0.572222 0.263333 0.037778 0.120000
0 0.326667 0.509167 0.648889 0.218333
0 0.993333 0.525000 0.666667 0.170000
