0 0.225000 0.678571 0.090000 0.307692
0 0.178000 0.674451 0.084000 0.282967
0 0.123000 0.704670 0.082000 0.282967
0 0.058000 0.710165 0.092000 0.315934
0 0.265000 0.677198 0.082000 0.277473
0 0.308000 0.673077 0.076000 0.252747
0 0.365000 0.671703 0.078000 0.260989
0 0.402000 0.671703 0.072000 0.239011
0 0.511000 0.660714 0.066000 0.222527
0 0.574000 0.638736 0.072000 0.239011
0 0.696000 0.697802 0.076000 0.258242
0 0.907000 0.662088 0.070000 0.241758
0 0.835000 0.657967 0.058000 0.195055
0 0.805000 0.648352 0.054000 0.181319
0 0.774000 0.640110 0.048000 0.164835
0 0.753000 0.638736 0.050000 0.173077
0 0.733000 0.646978 0.054000 0.178571
0 0.718000 0.644231 0.056000 0.195055
0 0.966000 0.625000 0.048000 0.162088
0 0.024000 0.598901 0.048000 0.175824
0 0.481000 0.631868 0.058000 0.197802
0 0.437000 0.640110 0.058000 0.197802
0 0.152000 0.539835 0.300000 0.063187
0 0.429000 0.543956 0.242000 0.071429
0 0.727000 0.539835 0.350000 0.057692
