0 0.952899 0.597826 0.094203 0.365217
0 0.895652 0.572826 0.086957 0.319565
0 0.863043 0.576087 0.068116 0.247826
0 0.836957 0.556522 0.065217 0.239130
0 0.815217 0.555435 0.062319 0.228261
0 0.071014 0.566304 0.078261 0.289130
0 0.121739 0.547826 0.078261 0.291304
0 0.134058 0.557609 0.059420 0.223913
0 0.166667 0.533696 0.057971 0.219565
0 0.223188 0.545652 0.057971 0.213043
0 0.192754 0.547826 0.049275 0.186957
0 0.756522 0.530435 0.049275 0.178261
0 0.722464 0.526087 0.039130 0.147826
0 0.694203 0.529348 0.037681 0.141304
0 0.673913 0.521739 0.043478 0.165217
0 0.655797 0.521739 0.042029 0.152174
0 0.623913 0.518478 0.042029 0.158696
0 0.589855 0.516304 0.040580 0.154348
0 0.559420 0.522826 0.037681 0.141304
0 0.541304 0.522826 0.036232 0.136957
0 0.519565 0.516304 0.042029 0.154348
0 0.484783 0.513043 0.039130 0.147826
0 0.418116 0.517391 0.042029 0.156522
0 0.388406 0.515217 0.040580 0.156522
0 0.340580 0.523913 0.037681 0.143478
0 0.313043 0.528261 0.037681 0.139130
0 0.294203 0.526087 0.034783 0.134783
0 0.273913 0.520652 0.040580 0.150000
0 0.247826 0.528261 0.046377 0.169565
0 0.034058 0.516304 0.065217 0.163043
0 0.792754 0.558696 0.043478 0.221739
0 0.927536 0.466304 0.139130 0.089130
0 0.501449 0.448913 0.446377 0.023913
