0 0.136250 0.546642 0.235000 0.858209
0 0.051875 0.341418 0.046250 0.167910
0 0.045000 0.379664 0.025000 0.091418
0 0.233750 0.346082 0.042500 0.158582
0 0.301875 0.388060 0.098750 0.358209
0 0.281875 0.385261 0.083750 0.307836
0 0.350625 0.370336 0.096250 0.356343
0 0.388750 0.366604 0.070000 0.255597
0 0.426250 0.340485 0.040000 0.151119
0 0.552500 0.543843 0.232500 0.852612
0 0.650625 0.371269 0.073750 0.268657
0 0.700000 0.393657 0.092500 0.335821
0 0.741250 0.442164 0.115000 0.425373
0 0.811250 0.534515 0.215000 0.789179
0 0.917500 0.502799 0.162500 0.591418
0 0.093750 0.361007 0.037500 0.300373
0 0.483125 0.254664 0.023750 0.020522
0 0.606250 0.306903 0.035000 0.166045
0 0.881875 0.278918 0.051250 0.154851
