0 1.102899 0.396739 0.171014 0.315217
0 1.178261 0.301087 0.159420 0.293478
0 1.149275 0.329348 0.153623 0.289130
0 1.036232 0.380435 0.147826 0.269565
0 0.978261 0.409783 0.153623 0.289130
0 0.873913 0.404348 0.159420 0.300000
0 0.776812 0.397826 0.168116 0.313043
0 0.676812 0.403261 0.171014 0.315217
0 0.576812 0.398913 0.168116 0.315217
0 0.471014 0.378261 0.165217 0.304348
0 0.376812 0.364130 0.168116 0.306522
0 0.284058 0.359783 0.168116 0.310870
0 0.188406 0.361957 0.168116 0.310870
0 0.144928 0.236957 0.086957 0.160870
0 0.202899 0.222826 0.104348 0.106522
0 0.333333 0.232609 0.069565 0.078261
0 0.317391 0.172826 0.101449 0.102174
0 0.366667 0.194565 0.049275 0.050000
0 0.411594 0.238043 0.069565 0.093478
0 0.446377 0.211957 0.063768 0.076087
0 0.495652 0.239130 0.081159 0.113043
0 0.527536 0.200000 0.063768 0.069565
0 0.579710 0.245652 0.098551 0.113043
0 0.601449 0.166304 0.060870 0.093478
0 0.615942 0.205435 0.060870 0.076087
0 0.668116 0.246739 0.095652 0.115217
0 0.746377 0.268478 0.078261 0.076087
0 0.785507 0.248913 0.075362 0.110870
0 0.869565 0.247826 0.104348 0.113043
0 0.960870 0.265217 0.078261 0.117391
0 1.000000 0.221739 0.075362 0.126087
0 1.079710 0.201087 0.089855 0.093478
