0 0.026667 0.605833 0.053333 0.101667
0 0.170000 0.611667 0.046667 0.090000
0 0.206667 0.603333 0.053333 0.103333
0 0.251111 0.603333 0.031111 0.060000
0 0.334444 0.613333 0.046667 0.086667
0 0.416667 0.597500 0.028889 0.058333
0 0.488889 0.606667 0.035556 0.070000
0 0.516667 0.604167 0.042222 0.081667
0 0.573333 0.599167 0.031111 0.058333
0 0.622222 0.600833 0.044444 0.081667
0 0.727778 0.637500 0.024444 0.045000
0 0.917778 0.592500 0.035556 0.065000
0 0.888889 0.592500 0.035556 0.065000
0 0.873333 0.595833 0.035556 0.068333
0 1.177778 0.595833 0.044444 0.085000
0 1.247778 0.599167 0.042222 0.078333
0 1.227778 0.597500 0.046667 0.088333
0 1.306667 0.590833 0.048889 0.088333
0 0.103333 0.609167 0.082222 0.091667
0 0.695556 0.600000 0.084444 0.083333
