0 0.060000 0.426966 0.115000 0.426966
0 0.118750 0.423221 0.102500 0.382022
0 0.178750 0.421348 0.107500 0.400749
0 0.308750 0.406367 0.122500 0.453184
0 0.428750 0.449438 0.127500 0.471910
0 0.553750 0.402622 0.162500 0.595506
0 0.657500 0.432584 0.160000 0.588015
0 0.751250 0.419476 0.177500 0.651685
0 0.818750 0.468165 0.157500 0.584270
0 0.901250 0.451311 0.192500 0.700375
0 0.937500 0.462547 0.125000 0.775281
0 0.598750 0.425094 0.132500 0.490637
0 0.270000 0.232210 0.040000 0.104869
0 0.252500 0.445693 0.055000 0.397004
0 0.363750 0.307116 0.062500 0.187266
