0 0.900000 0.366667 0.180000 0.293333
0 1.030000 0.340000 0.153333 0.257778
0 1.191667 0.398889 0.270000 0.442222
0 1.366667 0.398889 0.173333 0.286667
0 1.440000 0.417778 0.120000 0.328889
0 1.423333 0.376667 0.153333 0.317778
0 0.063333 0.286667 0.073333 0.124444
0 0.128333 0.295556 0.070000 0.115556
0 0.095000 0.283333 0.070000 0.122222
0 0.166667 0.291111 0.066667 0.115556
0 0.205000 0.300000 0.083333 0.133333
0 0.301667 0.294444 0.076667 0.131111
0 0.233333 0.291111 0.073333 0.120000
0 0.253333 0.292222 0.066667 0.108889
0 0.340000 0.296667 0.073333 0.126667
0 0.380000 0.301111 0.066667 0.113333
0 0.415000 0.276667 0.050000 0.086667
0 0.780000 0.311111 0.093333 0.151111
0 0.845000 0.341111 0.096667 0.162222
0 0.818333 0.308889 0.090000 0.146667
0 0.513333 0.448889 0.213333 0.351111
0 0.683333 0.441111 0.213333 0.348889
0 0.023333 0.312222 0.046667 0.242222
0 0.655000 0.262222 0.050000 0.075556
0 0.566667 0.265556 0.060000 0.068889
0 0.621667 0.255556 0.030000 0.026667
0 0.606667 0.236667 0.013333 0.024444
0 0.588333 0.237778 0.016667 0.026667
0 0.511667 0.283333 0.063333 0.064444
0 0.111667 0.228889 0.023333 0.026667
0 0.148333 0.236667 0.016667 0.024444
0 0.133333 0.221111 0.013333 0.020000
0 0.176667 0.232222 0.026667 0.033333
0 0.261667 0.243333 0.016667 0.020000
0 0.281667 0.230000 0.016667 0.020000
0 0.323333 0.227778 0.026667 0.020000
0 0.383333 0.234444 0.033333 0.024444
0 0.445000 0.236667 0.036667 0.020000
0 0.433333 0.253333 0.033333 0.026667
0 0.480000 0.241111 0.026667 0.024444
0 0.508333 0.241111 0.023333 0.020000
0 0.523333 0.250000 0.013333 0.020000
0 0.690000 0.237778 0.020000 0.017778
0 0.706667 0.257778 0.026667 0.013333
0 0.740000 0.267778 0.026667 0.033333
0 0.728333 0.243333 0.023333 0.024444
0 0.761667 0.248889 0.030000 0.026667
0 0.805000 0.253333 0.016667 0.031111
0 0.865000 0.241111 0.023333 0.015556
0 0.860000 0.261111 0.040000 0.024444
0 1.098333 0.241111 0.036667 0.042222
0 1.071667 0.214444 0.036667 0.046667
0 0.953333 0.254444 0.046667 0.051111
0 0.985000 0.242222 0.050000 0.044444
0 1.250000 0.242222 0.013333 0.048889
0 1.270000 0.245556 0.026667 0.046667
0 1.286667 0.242222 0.040000 0.053333
0 1.335000 0.248889 0.030000 0.044444
0 1.363333 0.242222 0.046667 0.026667
0 1.483333 0.233333 0.026667 0.026667
