0 0.225000 0.729008 0.106667 0.404580
0 0.383333 0.743003 0.113333 0.422392
0 0.450000 0.695929 0.066667 0.251908
0 0.570000 0.693384 0.076667 0.287532
0 0.630000 0.688295 0.066667 0.256997
0 0.675833 0.697201 0.085000 0.315522
0 0.605000 0.645038 0.043333 0.170483
0 0.718333 0.652672 0.056667 0.211196
0 0.731667 0.637405 0.046667 0.180662
0 0.770833 0.636132 0.048333 0.178117
0 0.808333 0.650127 0.026667 0.104326
0 0.844167 0.625954 0.031667 0.127226
0 0.881667 0.610687 0.030000 0.111959
0 0.912500 0.600509 0.025000 0.101781
0 0.938333 0.600509 0.030000 0.117048
0 0.987500 0.600509 0.025000 0.106870
0 0.963333 0.591603 0.023333 0.089059
0 0.898333 0.591603 0.026667 0.104326
0 0.413333 0.586514 0.026667 0.094148
0 0.660000 0.571247 0.016667 0.063613
0 0.806667 0.564885 0.023333 0.071247
0 0.781667 0.552163 0.013333 0.030534
0 0.831667 0.557252 0.013333 0.030534
0 0.856667 0.561069 0.013333 0.017812
