0 0.172143 0.552802 0.115714 0.428879
0 0.044286 0.494612 0.037143 0.140086
0 0.220000 0.508621 0.091429 0.340517
0 0.837857 0.489224 0.101429 0.379310
0 0.696429 0.481681 0.078571 0.290948
0 0.568571 0.483836 0.060000 0.226293
0 0.543571 0.482759 0.052857 0.198276
0 0.473571 0.482759 0.041429 0.155172
0 0.443571 0.480603 0.035714 0.133621
0 0.424286 0.482759 0.025714 0.094828
0 0.400714 0.476293 0.027143 0.103448
0 0.075714 0.478448 0.028571 0.107759
0 0.099286 0.488147 0.027143 0.101293
0 0.935000 0.478448 0.052857 0.193966
0 0.511429 0.476293 0.020000 0.077586
0 0.014286 0.482759 0.028571 0.090517
0 0.327143 0.495690 0.120000 0.262931
0 0.623571 0.479526 0.038571 0.105603
0 0.763571 0.504310 0.038571 0.107759
