0 0.031250 0.898125 0.022500 0.083750
0 0.041250 0.901250 0.019167 0.070000
0 0.148750 0.895000 0.014167 0.055000
0 0.156250 0.895000 0.014167 0.055000
0 0.191250 0.894375 0.012500 0.048750
0 0.228333 0.898750 0.011667 0.047500
0 0.250833 0.920000 0.023333 0.090000
0 0.257083 0.902500 0.015833 0.062500
0 0.270417 0.903750 0.019167 0.070000
0 0.340000 0.913750 0.018333 0.067500
0 0.612917 0.953750 0.030833 0.117500
0 0.647917 0.950000 0.034167 0.125000
0 0.305000 0.884375 0.010000 0.036250
0 0.296250 0.880000 0.010833 0.040000
0 0.342917 0.875000 0.007500 0.030000
0 0.392083 0.878750 0.005833 0.025000
0 0.398333 0.880000 0.008333 0.032500
0 0.404167 0.880000 0.005000 0.022500
0 0.502500 0.930000 0.036667 0.135000
0 0.416667 0.918750 0.018333 0.042500
0 0.430000 0.922500 0.010000 0.030000
0 0.079583 0.857500 0.005833 0.020000
0 0.135417 0.857500 0.007500 0.025000
0 0.379583 0.878750 0.010833 0.030000
