0 0.202000 0.493994 0.024000 0.099099
0 0.151000 0.554054 0.030000 0.111111
0 0.170000 0.576577 0.032000 0.120120
0 0.278000 0.489489 0.020000 0.084084
0 0.382000 0.504505 0.024000 0.090090
0 0.400000 0.501502 0.028000 0.102102
0 0.412000 0.492492 0.028000 0.102102
0 0.440000 0.570571 0.040000 0.144144
0 0.423000 0.572072 0.038000 0.147147
0 0.407000 0.579580 0.038000 0.144144
0 0.459000 0.560060 0.034000 0.135135
0 0.487000 0.569069 0.038000 0.141141
0 0.508000 0.493994 0.024000 0.093093
0 0.532000 0.566066 0.040000 0.147147
0 0.537000 0.496997 0.026000 0.105105
0 0.584000 0.507508 0.028000 0.102102
0 0.597000 0.528529 0.022000 0.090090
0 0.601000 0.569069 0.030000 0.117117
0 0.610000 0.475976 0.028000 0.111111
0 0.630000 0.500000 0.024000 0.093093
0 0.794000 0.600601 0.052000 0.192192
0 0.812000 0.618619 0.048000 0.186186
0 0.025000 0.551051 0.046000 0.105105
0 0.042000 0.617117 0.064000 0.105105
0 0.082000 0.611111 0.072000 0.213213
0 0.076000 0.506006 0.028000 0.069069
0 0.069000 0.768769 0.134000 0.318318
0 0.105000 0.768769 0.074000 0.222222
0 0.174000 0.783784 0.196000 0.408408
0 0.170000 0.490991 0.032000 0.075075
0 0.195000 0.486486 0.018000 0.072072
0 0.240000 0.503003 0.024000 0.057057
0 0.256000 0.506006 0.024000 0.069069
0 0.292000 0.513514 0.032000 0.090090
0 0.308000 0.804805 0.152000 0.372372
0 0.357000 0.726727 0.074000 0.180180
0 0.432000 0.822823 0.136000 0.342342
0 0.547000 0.804805 0.122000 0.306306
0 0.660000 0.798799 0.128000 0.360360
0 0.913000 0.683183 0.066000 0.189189
0 0.973000 0.752252 0.046000 0.453453
0 0.600000 0.635135 0.048000 0.117117
0 0.543000 0.582583 0.034000 0.114114
0 0.464000 0.608108 0.044000 0.111111
0 0.983000 0.534535 0.022000 0.090090
0 0.961000 0.563063 0.026000 0.087087
0 0.928000 0.561562 0.024000 0.072072
0 0.901000 0.536036 0.026000 0.075075
0 0.847000 0.662162 0.054000 0.165165
0 0.877000 0.498498 0.022000 0.060060
0 0.935000 0.519520 0.014000 0.048048
0 0.938000 0.486486 0.012000 0.024024
0 0.880000 0.575075 0.036000 0.069069
0 0.622000 0.557057 0.028000 0.105105
0 0.649000 0.569069 0.030000 0.141141
0 0.664000 0.525526 0.016000 0.054054
0 0.680000 0.552553 0.028000 0.114114
0 0.693000 0.527027 0.022000 0.057057
0 0.722000 0.525526 0.028000 0.060060
0 0.756000 0.525526 0.028000 0.054054
0 0.774000 0.496997 0.020000 0.039039
0 0.808000 0.477477 0.016000 0.060060
0 0.820000 0.492492 0.012000 0.030030
0 0.827000 0.486486 0.014000 0.030030
0 0.844000 0.484985 0.016000 0.069069
0 0.886000 0.555556 0.040000 0.090090
0 0.846000 0.563063 0.036000 0.087087
0 0.828000 0.554054 0.016000 0.057057
0 0.840000 0.531532 0.024000 0.036036
0 0.817000 0.524024 0.022000 0.033033
0 0.786000 0.503003 0.020000 0.039039
0 0.520000 0.471471 0.020000 0.066066
0 0.648000 0.477477 0.024000 0.036036
0 0.219000 0.481982 0.018000 0.033033
0 0.211000 0.564565 0.026000 0.036036
0 0.301000 0.566066 0.038000 0.069069
0 0.487000 0.474474 0.026000 0.060060
0 0.557000 0.515015 0.022000 0.051051
0 0.568000 0.548048 0.040000 0.099099
