0 0.879218 0.516000 0.241563 0.442667
0 1.231794 0.537333 0.200710 0.410667
0 1.149201 0.512000 0.230906 0.426667
0 1.041741 0.502000 0.214920 0.393333
0 0.975133 0.491333 0.181172 0.332000
0 0.678508 0.517333 0.245115 0.448000
0 0.587922 0.538000 0.213144 0.390667
0 0.556838 0.500000 0.214920 0.394667
0 0.481350 0.477333 0.206039 0.376000
0 0.443162 0.470667 0.172291 0.317333
0 0.375666 0.440000 0.154529 0.288000
0 0.343694 0.440667 0.136767 0.252000
0 0.308171 0.426667 0.133215 0.242667
0 0.176732 0.533333 0.236234 0.432000
0 0.067496 0.522000 0.134991 0.444000
0 0.079041 0.502000 0.158082 0.393333
0 0.266430 0.483333 0.220249 0.404000
0 0.739787 0.343333 0.090586 0.073333
0 0.783304 0.315333 0.053286 0.068000
0 0.761101 0.311333 0.047957 0.046667
0 0.773535 0.272000 0.069272 0.061333
0 0.852575 0.272000 0.085258 0.072000
0 0.918295 0.306667 0.042629 0.072000
0 0.970693 0.310000 0.062167 0.068000
0 1.025755 0.301333 0.065719 0.066667
0 1.059503 0.304000 0.040853 0.050667
0 1.106572 0.312000 0.035524 0.048000
0 1.152753 0.299333 0.056838 0.049333
0 1.171403 0.297333 0.023091 0.045333
0 1.191829 0.302667 0.017762 0.042667
0 1.209591 0.312000 0.024867 0.048000
0 1.274423 0.316667 0.055062 0.062667
0 1.293961 0.296000 0.040853 0.050667
0 1.267318 0.275333 0.051510 0.030667
0 1.180284 0.258667 0.062167 0.061333
0 0.696270 0.269333 0.067496 0.064000
0 0.619893 0.270667 0.067496 0.074667
0 0.551510 0.260667 0.072824 0.060000
0 0.488455 0.270000 0.067496 0.046667
0 0.536412 0.311333 0.042629 0.057333
0 0.519538 0.310000 0.037300 0.046667
0 0.440497 0.303333 0.056838 0.041333
0 0.414742 0.264667 0.072824 0.054667
0 0.357016 0.272000 0.081705 0.056000
0 0.322380 0.304667 0.037300 0.062667
0 0.205151 0.315333 0.051510 0.060000
0 0.160746 0.306667 0.062167 0.056000
0 0.056838 0.319333 0.085258 0.078667
0 0.012433 0.293333 0.024867 0.024000
0 0.117229 0.312000 0.049734 0.040000
