0 0.555000 0.528351 0.190000 0.726804
0 0.855000 0.525773 0.103333 0.391753
0 0.910000 0.551546 0.060000 0.226804
0 0.930000 0.546392 0.026667 0.113402
0 0.946667 0.551546 0.026667 0.103093
0 0.806667 0.548969 0.026667 0.118557
0 0.783333 0.543814 0.040000 0.159794
0 0.725000 0.541237 0.056667 0.216495
0 0.676667 0.554124 0.026667 0.097938
0 0.661667 0.556701 0.030000 0.123711
0 0.650000 0.551546 0.020000 0.092784
0 0.505000 0.551546 0.036667 0.134021
0 0.475000 0.551546 0.016667 0.082474
0 0.446667 0.559278 0.026667 0.108247
0 0.431667 0.538660 0.056667 0.221649
0 0.360000 0.536082 0.113333 0.422680
0 0.311667 0.548969 0.036667 0.139175
0 0.280000 0.546392 0.026667 0.113402
0 0.246667 0.546392 0.080000 0.298969
0 0.175000 0.541237 0.056667 0.216495
0 0.133333 0.536082 0.046667 0.195876
0 0.091667 0.538660 0.043333 0.159794
0 0.063333 0.546392 0.026667 0.113402
0 0.050000 0.551546 0.020000 0.092784
0 0.038333 0.546392 0.023333 0.092784
0 0.030000 0.546392 0.020000 0.072165
0 0.020000 0.551546 0.013333 0.061856
0 0.206667 0.564433 0.026667 0.097938
0 0.290000 0.520619 0.020000 0.061856
0 0.771667 0.876289 0.436667 0.216495
0 0.525000 0.731959 0.336667 0.051546
0 0.701667 0.672680 0.163333 0.025773
0 0.805000 0.639175 0.076667 0.020619
0 0.360000 0.693299 0.246667 0.036082
0 0.221667 0.644330 0.130000 0.041237
0 0.956667 0.716495 0.080000 0.051546
0 0.413333 0.548969 0.040000 0.087629
