0 0.057060 0.521014 0.017408 0.036232
0 0.106383 0.557246 0.058027 0.108696
0 0.124758 0.551449 0.052224 0.100000
0 0.144101 0.550725 0.048356 0.092754
0 0.152805 0.563043 0.058027 0.105797
0 0.169246 0.564493 0.059961 0.108696
0 0.209865 0.550725 0.048356 0.092754
0 0.235010 0.567391 0.063830 0.120290
0 0.291103 0.577536 0.063830 0.120290
0 0.273694 0.547101 0.048356 0.088406
0 0.325919 0.575362 0.071567 0.136232
0 0.382979 0.582609 0.065764 0.121739
0 0.499033 0.590580 0.085106 0.160870
0 0.432302 0.548551 0.032882 0.062319
0 0.615087 0.601449 0.081238 0.153623
0 0.695358 0.609420 0.087041 0.157971
0 0.787234 0.604348 0.092843 0.171014
0 0.866538 0.604348 0.088975 0.165217
0 0.980658 0.598551 0.088975 0.168116
0 1.003868 0.586232 0.069632 0.131884
0 1.015474 0.560870 0.046422 0.086957
0 1.075435 0.597101 0.088975 0.165217
0 1.116054 0.593478 0.085106 0.155072
0 1.156673 0.579710 0.073501 0.136232
0 1.264023 0.588406 0.071567 0.133333
0 1.302708 0.581159 0.063830 0.124638
0 1.232108 0.552174 0.038685 0.069565
0 1.190522 0.522464 0.005803 0.015942
0 1.181818 0.523913 0.003868 0.010145
0 1.175048 0.523188 0.005803 0.011594
0 0.907157 0.544203 0.034816 0.068116
0 0.937137 0.547101 0.036750 0.071014
0 1.045455 0.560145 0.040619 0.079710
0 0.825919 0.550000 0.030948 0.059420
0 0.731141 0.537681 0.034816 0.066667
0 0.646035 0.564493 0.054159 0.102899
0 0.665377 0.541304 0.027079 0.053623
0 0.554159 0.542029 0.032882 0.063768
0 0.568665 0.541304 0.027079 0.053623
0 0.527079 0.544203 0.032882 0.062319
0 0.473888 0.546377 0.030948 0.057971
0 0.442940 0.537681 0.034816 0.066667
0 0.360735 0.544928 0.040619 0.075362
0 0.345261 0.545652 0.036750 0.071014
0 0.077369 0.511594 0.007737 0.017391
0 0.002901 0.509420 0.005803 0.015942
0 0.010638 0.510870 0.005803 0.015942
0 0.028046 0.515217 0.005803 0.010145
0 0.038685 0.510870 0.007737 0.013043
0 1.163443 0.559420 0.044487 0.084058
0 0.807544 0.522464 0.025145 0.042029
0 0.771760 0.518841 0.030948 0.031884
0 0.870406 0.526087 0.034816 0.043478
0 0.954545 0.522464 0.029014 0.030435
0 1.023211 0.527536 0.015474 0.023188
0 1.276596 0.544928 0.027079 0.046377
0 0.701161 0.518841 0.036750 0.023188
0 0.617988 0.515942 0.029014 0.026087
0 0.588008 0.526812 0.019342 0.033333
0 0.395551 0.515942 0.017408 0.020290
0 0.385880 0.518116 0.017408 0.018841
0 0.309478 0.514493 0.019342 0.026087
0 0.688588 0.218841 0.224371 0.165217
0 1.106383 0.524638 0.088975 0.034783
