0 0.050000 0.555807 0.100000 0.230769
0 0.071111 0.481900 0.071111 0.122172
0 0.131111 0.450226 0.053333 0.092006
0 0.172222 0.530920 0.113333 0.190045
0 0.256667 0.501508 0.095556 0.161388
0 0.301111 0.451735 0.060000 0.104072
0 0.331111 0.487934 0.075556 0.128205
0 0.365556 0.559578 0.135556 0.226244
0 0.457778 0.533183 0.111111 0.185520
0 0.518889 0.508296 0.091111 0.150830
0 0.570000 0.481900 0.077778 0.134238
0 0.598889 0.475113 0.073333 0.126697
0 0.634444 0.460030 0.060000 0.102564
0 0.667778 0.444947 0.051111 0.087481
0 0.422222 0.426094 0.035556 0.058824
0 0.401111 0.428356 0.037778 0.063348
0 0.382222 0.421569 0.022222 0.040724
0 0.475556 0.417798 0.022222 0.042232
0 0.451111 0.401207 0.013333 0.021116
0 0.433333 0.398190 0.013333 0.021116
0 0.502222 0.417044 0.022222 0.040724
0 0.538889 0.420060 0.028889 0.046757
0 0.605556 0.401207 0.015556 0.027149
0 0.644444 0.397436 0.013333 0.022624
0 0.732222 0.553544 0.135556 0.226244
0 0.818889 0.446456 0.042222 0.075415
0 0.834444 0.439668 0.046667 0.079940
0 0.976667 0.475113 0.068889 0.114630
0 1.016667 0.506787 0.091111 0.150830
0 1.061111 0.525641 0.104444 0.176471
0 1.232222 0.500000 0.091111 0.155354
0 1.225556 0.472851 0.077778 0.128205
0 1.294444 0.462293 0.060000 0.104072
0 1.332222 0.522624 0.095556 0.158371
0 1.438889 0.542986 0.068889 0.187029
0 1.206667 0.414781 0.022222 0.036199
0 1.161111 0.453997 0.051111 0.084465
0 1.114444 0.413273 0.020000 0.033183
0 1.131111 0.412519 0.017778 0.031674
0 0.883333 0.407240 0.020000 0.033183
0 0.948889 0.412519 0.008889 0.013575
0 0.227778 0.441176 0.037778 0.064857
0 1.096667 0.556561 0.131111 0.220211
0 0.163333 0.403469 0.033333 0.025641
0 0.112222 0.396682 0.028889 0.015083
0 0.203333 0.404977 0.024444 0.022624
0 0.812222 0.392911 0.015556 0.019608
0 1.093333 0.423831 0.031111 0.039216
0 1.035556 0.398190 0.031111 0.024133
0 1.035556 0.434389 0.040000 0.042232
0 1.308889 0.410256 0.040000 0.042232
0 1.174444 0.406486 0.033333 0.019608
0 0.821111 0.570890 0.175556 0.200603
0 0.781111 0.428356 0.033333 0.075415
0 0.745556 0.411765 0.037778 0.042232
0 0.032222 0.444193 0.060000 0.046757
0 0.736667 0.390649 1.460000 0.042232
