0 0.871014 0.468062 0.168116 0.627753
0 0.938406 0.269824 0.123188 0.522026
0 0.842029 0.254405 0.136232 0.508811
0 0.763768 0.279736 0.133333 0.493392
0 0.709420 0.455947 0.126087 0.475771
0 0.599275 0.548458 0.198551 0.735683
0 0.328261 0.295154 0.111594 0.418502
0 0.265942 0.425110 0.094203 0.352423
0 0.287681 0.324890 0.137681 0.517621
0 0.382609 0.258811 0.130435 0.482379
0 0.040580 0.654185 0.081159 0.541850
0 0.524638 0.629956 0.376812 0.713656
0 0.205072 0.585903 0.326087 0.828194
0 0.052899 0.338106 0.079710 0.218062
0 0.067391 0.127753 0.102899 0.198238
0 0.158696 0.129956 0.105797 0.198238
0 0.294928 0.120044 0.036232 0.072687
0 0.540580 0.156388 0.153623 0.246696
0 0.465942 0.185022 0.091304 0.185022
0 0.593478 0.160793 0.044928 0.110132
