0 0.684911 0.487319 0.144970 0.217391
0 0.997041 0.386775 0.118343 0.179348
0 0.918639 0.367754 0.109467 0.166667
0 0.896450 0.339674 0.106509 0.157609
0 0.872781 0.307065 0.082840 0.125000
0 0.857988 0.280797 0.059172 0.090580
0 1.036982 0.269022 0.068047 0.103261
0 1.057692 0.281703 0.073964 0.114130
0 1.076923 0.294384 0.076923 0.121377
0 1.102071 0.305254 0.085799 0.128623
0 1.119822 0.316123 0.091716 0.135870
0 1.144970 0.331522 0.094675 0.144928
0 1.171598 0.353261 0.100592 0.155797
0 1.193787 0.375906 0.103550 0.157609
0 1.247041 0.393116 0.109467 0.170290
0 1.288462 0.422101 0.115385 0.177536
0 1.326923 0.454710 0.127219 0.195652
0 1.597633 0.471014 0.071006 0.166667
0 1.560651 0.431159 0.109467 0.163043
0 1.497041 0.398551 0.100592 0.155797
0 1.446746 0.375000 0.100592 0.152174
0 1.399408 0.355978 0.094675 0.146739
0 1.473373 0.180254 0.053254 0.085145
0 1.596154 0.317029 0.068047 0.101449
0 1.539941 0.305254 0.073964 0.114130
0 1.500000 0.270833 0.053254 0.077899
0 1.428994 0.252717 0.059172 0.088768
0 1.389053 0.217391 0.056213 0.083333
0 1.353550 0.206522 0.056213 0.083333
0 1.218935 0.165761 0.047337 0.074275
0 1.192308 0.188406 0.047337 0.072464
0 1.125740 0.202899 0.044379 0.072464
0 0.349112 0.463768 0.147929 0.221014
0 0.375740 0.423913 0.124260 0.192029
0 0.397929 0.403080 0.127219 0.193841
0 0.412722 0.386775 0.115385 0.172101
0 0.252959 0.262681 0.079882 0.119565
0 0.233728 0.275362 0.076923 0.119565
0 0.201183 0.291667 0.082840 0.126812
0 0.184911 0.308877 0.085799 0.132246
0 0.035503 0.433877 0.071006 0.186594
0 0.051775 0.400362 0.103550 0.173913
0 0.088757 0.372283 0.106509 0.157609
0 0.124260 0.346920 0.100592 0.150362
0 0.156805 0.334239 0.094675 0.146739
0 0.167160 0.317029 0.085799 0.134058
0 0.068047 0.257246 0.071006 0.105072
0 0.047337 0.267210 0.065089 0.099638
0 0.025148 0.279891 0.050296 0.099638
0 0.366864 0.174819 0.053254 0.077899
0 0.442308 0.296196 0.079882 0.117754
0 0.457101 0.281703 0.079882 0.121377
0 0.008876 0.294384 0.017751 0.070652
0 0.461538 0.219203 0.041420 0.025362
0 0.424556 0.265399 0.038462 0.027174
0 0.400888 0.278986 0.056213 0.032609
0 0.411243 0.307971 0.035503 0.036232
0 0.689349 0.357790 0.076923 0.048913
0 0.692308 0.333333 0.047337 0.028986
0 0.683432 0.311594 0.041420 0.025362
0 0.684911 0.297101 0.032544 0.028986
0 0.678994 0.282609 0.032544 0.028986
0 0.662722 0.277174 0.035503 0.032609
0 0.658284 0.262681 0.038462 0.025362
0 0.875740 0.223732 0.047337 0.023551
0 0.930473 0.284420 0.032544 0.036232
0 1.618343 0.337862 0.023669 0.088768
0 1.600592 0.240036 0.047337 0.056159
0 1.590237 0.207428 0.050296 0.059783
0 1.300296 0.276268 0.038462 0.092391
0 1.328402 0.290761 0.029586 0.096014
0 1.360947 0.305254 0.035503 0.103261
0 1.273669 0.262681 0.038462 0.086957
0 1.233728 0.259964 0.029586 0.103261
0 0.430473 0.186594 0.056213 0.039855
0 0.446746 0.163949 0.041420 0.030797
0 0.497041 0.182065 0.047337 0.034420
0 0.497041 0.162138 0.035503 0.023551
0 0.500000 0.151268 0.035503 0.023551
0 0.556213 0.183877 0.035503 0.030797
0 0.551775 0.163949 0.026627 0.023551
0 0.609467 0.182065 0.053254 0.034420
0 0.670118 0.182065 0.032544 0.034420
0 0.665680 0.156703 0.041420 0.030797
0 0.695266 0.155797 0.035503 0.025362
0 0.708580 0.173913 0.026627 0.036232
0 0.724852 0.182971 0.035503 0.039855
0 0.775148 0.184783 0.047337 0.032609
0 0.761834 0.163949 0.038462 0.023551
0 0.747041 0.154891 0.032544 0.023551
0 0.823964 0.185688 0.038462 0.030797
0 0.819527 0.165761 0.029586 0.019928
0 0.806213 0.161232 0.038462 0.028986
0 0.871302 0.185688 0.038462 0.034420
0 0.866864 0.166667 0.029586 0.028986
0 0.889053 0.159420 0.038462 0.036232
0 0.920118 0.182065 0.041420 0.041667
0 0.980769 0.187500 0.044379 0.038043
0 0.965976 0.170290 0.032544 0.036232
0 0.998521 0.159420 0.038462 0.032609
0 1.031065 0.182971 0.056213 0.047101
0 1.053254 0.174819 0.029586 0.034420
0 1.094675 0.178442 0.023669 0.030797
0 1.081361 0.160326 0.020710 0.027174
0 0.661243 0.234601 0.062130 0.052536
