0 1.007092 0.403125 0.160757 0.259375
0 1.319149 0.386719 0.137116 0.226562
0 1.384161 0.366406 0.106383 0.176563
0 1.416076 0.353125 0.085106 0.140625
0 0.550827 0.428906 0.193853 0.317188
0 0.375887 0.404687 0.165485 0.265625
0 0.264775 0.392969 0.146572 0.239063
0 0.151300 0.374219 0.137116 0.220312
0 0.053191 0.361719 0.106383 0.189062
0 0.660757 0.372656 0.134752 0.220312
0 0.804965 0.387500 0.148936 0.240625
0 1.125296 0.374219 0.127660 0.210938
0 1.222222 0.359375 0.108747 0.178125
0 1.238771 0.346094 0.089835 0.145313
0 1.257683 0.339062 0.075650 0.121875
0 1.076832 0.340625 0.078014 0.131250
0 0.877069 0.344531 0.089835 0.148438
0 0.750591 0.337500 0.087470 0.143750
0 0.957447 0.368750 0.113475 0.187500
0 0.927896 0.335156 0.068558 0.114062
0 1.492908 0.324219 0.040189 0.073438
0 1.458629 0.325000 0.033097 0.059375
0 0.497636 0.363281 0.115839 0.192188
0 0.434988 0.297656 0.014184 0.017188
0 0.462175 0.343750 0.044917 0.075000
0 0.716312 0.330469 0.037825 0.048438
0 0.605201 0.320312 0.047281 0.081250
0 0.898345 0.329688 0.028369 0.046875
0 1.173759 0.317188 0.026005 0.037500
0 1.277778 0.319531 0.030733 0.032813
0 1.442080 0.296875 0.023641 0.021875
0 1.471631 0.291406 0.016548 0.023438
0 0.091017 0.323437 0.040189 0.071875
0 0.105201 0.347656 0.040189 0.089063
0 0.215130 0.346875 0.037825 0.071875
0 0.323877 0.342969 0.033097 0.073438
0 0.276596 0.279687 0.042553 0.043750
0 0.377069 0.275781 0.040189 0.039062
0 0.431442 0.354687 0.030733 0.071875
0 0.180851 0.288281 0.016548 0.026562
0 0.013002 0.339844 0.016548 0.132812
0 0.269504 0.608594 0.524823 0.089063
0 0.177305 0.562500 0.335697 0.062500
0 0.126478 0.521094 0.238771 0.039062
0 0.775414 0.560937 0.401891 0.087500
0 0.692671 0.519531 0.174941 0.048438
0 1.185579 0.521875 0.210402 0.053125
0 1.003546 0.489844 0.177305 0.042188
0 1.295508 0.467187 0.132388 0.031250
0 0.455083 0.289844 0.030733 0.023438
0 1.482270 0.281250 0.052009 0.037500
