0 0.058899 0.429591 0.095165 0.174769
0 0.039095 0.386960 0.073045 0.134259
0 0.146348 0.366512 0.071502 0.131173
0 0.381687 0.357639 0.041152 0.076389
0 0.509259 0.365548 0.043210 0.079090
0 0.050669 0.519097 0.101337 0.346065
0 0.566101 0.372685 0.049897 0.091821
0 0.659722 0.387539 0.060185 0.109954
0 0.818930 0.374807 0.043210 0.079861
0 0.937500 0.396026 0.062243 0.113812
0 1.021605 0.385031 0.049383 0.090278
0 1.010288 0.376736 0.053498 0.099151
0 0.994084 0.373650 0.039609 0.072145
0 0.976337 0.355710 0.025720 0.047840
0 0.963477 0.353781 0.021605 0.040895
0 0.911523 0.343364 0.017490 0.032407
0 0.896348 0.342014 0.011831 0.021991
0 1.100823 0.397377 0.056584 0.104167
0 1.087963 0.384066 0.060700 0.111497
0 1.054012 0.395833 0.044239 0.081019
0 1.062243 0.379244 0.044239 0.081019
0 1.082305 0.383102 0.049383 0.090278
0 1.118827 0.393519 0.072016 0.131944
0 1.303498 0.403742 0.059671 0.189429
0 1.255144 0.402199 0.091564 0.167824
0 1.176698 0.433642 0.099280 0.182099
0 1.156893 0.402392 0.098765 0.182099
0 1.178755 0.413002 0.101337 0.185571
0 0.011831 0.403935 0.023663 0.055556
0 0.019290 0.386574 0.036523 0.137346
0 0.024434 0.362269 0.047840 0.124228
0 0.103138 0.327353 0.019033 0.035108
0 0.250772 0.344715 0.029321 0.025849
0 0.279578 0.377701 0.049897 0.069444
0 0.303498 0.375772 0.049383 0.070216
0 0.930298 0.329861 0.010802 0.009259
0 0.940844 0.332948 0.008230 0.010031
0 0.947788 0.331019 0.008745 0.012346
0 0.958333 0.332562 0.012346 0.013889
0 0.998457 0.337963 0.012346 0.016204
0 1.001286 0.329668 0.010802 0.012731
0 1.007202 0.330826 0.011317 0.013503
0 1.035494 0.330826 0.017490 0.021219
0 1.047325 0.332369 0.014403 0.018904
0 1.050926 0.325810 0.019547 0.019676
0 1.010802 0.345293 0.010288 0.013117
0 1.082305 0.324267 0.016461 0.010417
0 1.075617 0.336998 0.015432 0.012731
0 1.100051 0.331983 0.009774 0.011188
0 1.108025 0.327546 0.017490 0.020062
0 1.217078 0.354938 0.029835 0.031636
0 0.893004 0.329668 0.025720 0.009645
