0 0.192047 0.341489 0.228426 0.353191
0 0.447547 0.392553 0.272420 0.419149
0 0.710660 0.313298 0.216582 0.332979
0 1.100677 0.398936 0.265651 0.406383
0 1.288494 0.353723 0.238579 0.369149
0 1.460237 0.295745 0.189509 0.293617
0 0.478003 0.119149 0.069374 0.108511
0 0.541455 0.169149 0.125212 0.195745
0 1.272420 0.170213 0.067682 0.106383
0 1.005076 0.186702 0.138748 0.213830
0 1.016074 0.236702 0.103215 0.160638
0 0.838409 0.151064 0.089679 0.140426
0 0.874788 0.141489 0.101523 0.159574
0 0.658206 0.129787 0.101523 0.157447
0 0.553299 0.079255 0.027073 0.039362
0 0.372250 0.256915 0.125212 0.115957
0 1.329103 0.132979 0.049069 0.070213
0 1.423858 0.136702 0.038917 0.032979
0 0.718274 0.080851 0.049069 0.044681
0 1.095601 0.150000 0.038917 0.051064
0 1.138748 0.147872 0.060914 0.080851
0 1.207276 0.188298 0.103215 0.093617
0 0.885787 0.240957 0.130288 0.050000
