0 0.122372 0.591335 0.070571 0.274005
0 0.324324 0.680328 0.063063 0.245902
0 0.425676 0.696721 0.070571 0.274005
0 0.564565 0.662763 0.060060 0.234192
0 0.482733 0.401639 0.058559 0.222482
0 0.045796 0.516393 0.010511 0.044496
0 0.953453 0.550351 0.072072 0.276347
0 0.821321 0.557377 0.027027 0.107728
0 0.850601 0.576112 0.016517 0.070258
0 0.864865 0.546838 0.030030 0.119438
0 0.894144 0.501171 0.022523 0.088993
0 0.987988 0.462529 0.024024 0.147541
0 0.098348 0.551522 0.025526 0.100703
0 0.922673 0.482436 0.019520 0.051522
0 0.819069 0.485948 0.013514 0.025761
0 0.810060 0.505855 0.007508 0.037471
0 0.887387 0.567916 0.021021 0.081967
0 0.867868 0.475410 0.012012 0.032787
0 0.856607 0.484778 0.010511 0.028103
0 0.841592 0.481265 0.016517 0.058548
0 0.825075 0.451991 0.013514 0.032787
0 0.825075 0.426230 0.010511 0.023419
0 0.843093 0.422717 0.013514 0.035129
0 0.858108 0.420375 0.016517 0.035129
0 0.873874 0.403981 0.012012 0.025761
0 0.885886 0.415691 0.012012 0.030445
0 0.882132 0.473068 0.013514 0.037471
0 0.903904 0.420375 0.006006 0.039813
0 0.913664 0.420375 0.013514 0.039813
0 0.934685 0.415691 0.016517 0.044496
0 0.972973 0.387588 0.012012 0.021077
0 0.955706 0.401639 0.010511 0.021077
0 0.834084 0.522248 0.007508 0.023419
0 0.843844 0.529274 0.012012 0.032787
0 0.159910 0.591335 0.022523 0.081967
0 0.187688 0.610070 0.027027 0.067916
0 0.175676 0.556206 0.015015 0.030445
0 0.187688 0.553864 0.015015 0.039813
0 0.192192 0.524590 0.012012 0.028103
0 0.196697 0.507026 0.015015 0.030445
0 0.079580 0.580796 0.027027 0.103044
0 0.056306 0.583138 0.025526 0.107728
0 0.072072 0.515222 0.018018 0.028103
0 0.105856 0.586651 0.013514 0.077283
0 0.144895 0.492974 0.010511 0.035129
0 0.165165 0.510539 0.024024 0.046838
0 0.135886 0.782201 0.115616 0.126464
0 0.463964 0.839578 0.285285 0.091335
