0 0.221250 0.611863 0.096500 0.491155
0 0.344250 0.585848 0.080500 0.412071
0 0.372250 0.605099 0.099500 0.504683
0 0.406000 0.630593 0.110000 0.557752
0 0.451000 0.593132 0.082000 0.418314
0 0.503500 0.568678 0.076000 0.386056
0 0.555000 0.601977 0.097000 0.494277
0 0.654500 0.604058 0.103000 0.525494
0 0.590750 0.572841 0.090500 0.460978
0 0.699750 0.587929 0.086500 0.441207
0 0.749000 0.579605 0.082000 0.416233
0 0.776750 0.547347 0.075500 0.387097
0 0.799250 0.529657 0.072500 0.370447
0 0.814500 0.524974 0.072000 0.369407
0 0.844500 0.508845 0.057000 0.289282
0 0.881250 0.500000 0.054500 0.279917
0 0.900500 0.488033 0.038000 0.195630
0 0.911000 0.480749 0.037000 0.187305
0 0.921000 0.472945 0.037000 0.190427
0 0.934000 0.470343 0.037000 0.187305
0 0.957250 0.469303 0.035500 0.181061
0 0.980000 0.462539 0.036000 0.184183
0 0.986500 0.445369 0.027000 0.164412
0 0.830750 0.502601 0.068500 0.347555
0 0.772000 0.172216 0.034000 0.173777
0 0.895250 0.181582 0.030500 0.157128
0 0.907250 0.373569 0.011500 0.020812
0 0.864750 0.385536 0.011500 0.030177
0 0.855500 0.390219 0.007000 0.037461
0 0.749000 0.347555 0.019000 0.039542
0 0.732750 0.377732 0.015500 0.052029
0 0.706500 0.361602 0.024000 0.069719
0 0.641750 0.398543 0.011500 0.054110
0 0.611000 0.391779 0.011000 0.046826
0 0.624250 0.384495 0.022500 0.090531
0 0.539750 0.391259 0.014500 0.066597
0 0.579500 0.017690 0.016000 0.035380
0 0.594750 0.033819 0.014500 0.067638
0 0.608500 0.041623 0.014000 0.081165
0 0.637250 0.029136 0.013500 0.056191
0 0.657250 0.037981 0.018500 0.071800
0 0.673000 0.039022 0.015000 0.078044
0 0.670250 0.135276 0.016500 0.087409
0 0.737250 0.108221 0.010500 0.045786
0 0.751250 0.110822 0.016500 0.050989
0 0.871750 0.147242 0.017500 0.073881
0 0.855000 0.140479 0.014000 0.083247
0 0.864250 0.050468 0.021500 0.088450
0 0.879500 0.022373 0.009000 0.036420
0 0.891000 0.019251 0.008000 0.023933
0 0.888250 0.065557 0.019500 0.068678
0 0.906500 0.018730 0.012000 0.020812
0 0.908500 0.070760 0.019000 0.085328
0 0.919000 0.020812 0.011000 0.018730
0 0.923500 0.074402 0.015000 0.090531
0 0.946250 0.083767 0.017500 0.071800
0 0.941250 0.028096 0.010500 0.039542
0 0.954000 0.033299 0.012000 0.039542
0 0.963500 0.027055 0.009000 0.031217
0 0.979000 0.026535 0.009000 0.028096
0 0.991500 0.036420 0.013000 0.039542
0 0.968000 0.063996 0.016000 0.048907
0 0.978500 0.124350 0.017000 0.090531
0 0.992500 0.121748 0.012000 0.091571
0 0.954750 0.370968 0.013500 0.019771
0 0.934750 0.367326 0.012500 0.018730
0 0.890250 0.380853 0.010500 0.024974
0 0.577750 0.400104 0.012500 0.057232
0 0.499250 0.366805 0.021500 0.019771
0 0.449250 0.104579 0.188500 0.202914
0 0.933750 0.050989 0.011500 0.031217
