0 0.874000 0.650000 0.102667 0.380000
0 0.801333 0.619000 0.082667 0.302000
0 0.595333 0.551000 0.052000 0.190000
0 0.549333 0.537000 0.050667 0.186000
0 0.490667 0.562000 0.064000 0.236000
0 0.436000 0.554000 0.061333 0.228000
0 0.382000 0.568000 0.057333 0.208000
0 0.392667 0.537000 0.046667 0.170000
0 0.331333 0.551000 0.052000 0.190000
0 0.265333 0.565000 0.066667 0.242000
0 0.214667 0.541000 0.037333 0.142000
0 0.686667 0.513000 0.029333 0.110000
0 0.715333 0.530000 0.036000 0.136000
0 0.627333 0.518000 0.028000 0.104000
0 0.526667 0.516000 0.024000 0.088000
0 0.470667 0.517000 0.032000 0.118000
0 0.298667 0.541000 0.045333 0.166000
0 0.571333 0.521000 0.041333 0.150000
0 0.244667 0.600000 0.038667 0.148000
0 0.912667 0.526000 0.054667 0.148000
0 0.736000 0.484000 0.016000 0.048000
0 0.746667 0.494000 0.010667 0.064000
0 0.757333 0.483000 0.010667 0.046000
0 0.506667 0.471000 0.008000 0.026000
0 0.512000 0.467000 0.005333 0.026000
0 0.539333 0.471000 0.009333 0.022000
0 0.359333 0.480000 0.012000 0.032000
0 0.345333 0.478000 0.013333 0.036000
0 0.312667 0.478000 0.009333 0.028000
0 0.406667 0.472000 0.010667 0.032000
0 0.777333 0.476000 0.013333 0.024000
0 0.647333 0.533000 0.020000 0.074000
0 0.583333 0.464000 0.009333 0.032000
0 0.070667 0.487000 0.021333 0.042000
0 0.153333 0.481000 0.082667 0.030000
0 0.170000 0.459000 0.009333 0.030000
0 0.236000 0.480000 0.026667 0.036000
0 0.607333 0.476000 0.017333 0.028000
