0 0.221250 0.535117 0.092500 0.307692
0 0.377500 0.496656 0.075000 0.257525
0 0.072500 0.473244 0.065000 0.217391
0 0.156250 0.489967 0.077500 0.257525
0 0.308750 0.476589 0.057500 0.197324
0 0.518750 0.525084 0.087500 0.287625
0 0.586250 0.503344 0.067500 0.230769
0 0.757500 0.503344 0.070000 0.230769
0 0.782500 0.505017 0.060000 0.207358
0 0.826250 0.473244 0.042500 0.150502
0 0.640000 0.491639 0.060000 0.193980
0 0.690000 0.488294 0.050000 0.173913
0 0.557500 0.466555 0.050000 0.163880
0 0.476250 0.481605 0.057500 0.193980
0 0.401250 0.458194 0.047500 0.160535
0 0.437500 0.451505 0.045000 0.153846
0 0.866250 0.461538 0.032500 0.107023
0 0.350000 0.449833 0.045000 0.150502
0 0.118750 0.444816 0.047500 0.153846
0 0.293750 0.459866 0.042500 0.150502
0 0.042500 0.444816 0.050000 0.160535
0 0.811250 0.458194 0.032500 0.107023
0 0.015000 0.468227 0.025000 0.093645
0 0.321250 0.391304 0.022500 0.053512
0 0.337500 0.387960 0.015000 0.046823
0 0.181250 0.387960 0.022500 0.046823
0 0.003750 0.446488 0.007500 0.137124
0 0.927500 0.448161 0.060000 0.053512
0 0.910000 0.500000 0.025000 0.050167
0 0.935000 0.500000 0.025000 0.056856
