0 0.967302 0.507143 0.239782 0.438776
0 0.307902 0.502041 0.250681 0.461224
0 0.130790 0.444898 0.158038 0.289796
0 0.404632 0.405102 0.122616 0.230612
0 0.512262 0.465306 0.174387 0.322449
0 0.678474 0.470408 0.190736 0.353061
0 0.811989 0.444898 0.163488 0.297959
0 0.564033 0.393878 0.103542 0.187755
0 0.761580 0.410204 0.117166 0.216327
0 1.080381 0.463265 0.198910 0.367347
0 1.160763 0.431633 0.158038 0.287755
0 1.220708 0.411224 0.136240 0.255102
0 1.291553 0.386735 0.087193 0.230612
0 0.626703 0.395918 0.114441 0.208163
0 0.803815 0.282653 0.032698 0.018367
0 0.862398 0.316327 0.040872 0.044898
0 0.895095 0.293878 0.035422 0.040816
0 0.964578 0.278571 0.032698 0.022449
0 1.257493 0.258163 0.029973 0.018367
0 1.265668 0.289796 0.035422 0.044898
0 1.196185 0.268367 0.027248 0.018367
0 1.213896 0.285714 0.029973 0.020408
0 1.044959 0.314286 0.040872 0.048980
0 1.044959 0.284694 0.029973 0.014286
0 1.050409 0.273469 0.035422 0.012245
0 1.100817 0.271429 0.027248 0.024490
0 1.133515 0.304082 0.032698 0.048980
0 1.140327 0.273469 0.035422 0.028571
0 0.776567 0.292857 0.021798 0.026531
0 0.696185 0.297959 0.029973 0.032653
