0 0.045000 0.364167 0.090000 0.171667
0 0.286250 0.355833 0.087500 0.148333
0 0.476250 0.403333 0.177500 0.293333
0 0.583750 0.380000 0.152500 0.246667
0 0.710000 0.391667 0.190000 0.313333
0 0.793750 0.370833 0.122500 0.201667
0 0.803750 0.345833 0.127500 0.208333
0 0.883750 0.395000 0.207500 0.343333
0 1.000000 0.367500 0.135000 0.225000
0 1.073750 0.336667 0.112500 0.183333
0 1.117500 0.368333 0.140000 0.233333
0 1.196250 0.340000 0.122500 0.203333
0 1.275000 0.389167 0.220000 0.358333
0 1.441250 0.371667 0.117500 0.296667
0 1.385000 0.306667 0.085000 0.143333
0 0.412500 0.319167 0.060000 0.098333
0 0.051250 0.401667 0.102500 0.260000
0 1.023750 0.265833 0.032500 0.031667
0 0.942500 0.275833 0.025000 0.025000
0 1.423750 0.255833 0.032500 0.041667
0 1.361250 0.250833 0.017500 0.021667
0 1.346250 0.260000 0.022500 0.023333
0 0.237500 0.335833 0.035000 0.058333
0 0.212500 0.328333 0.025000 0.036667
0 0.190000 0.329167 0.020000 0.018333
0 0.177500 0.317500 0.025000 0.015000
0 0.176250 0.302500 0.017500 0.015000
0 0.153750 0.302500 0.022500 0.018333
0 0.825000 0.264167 0.020000 0.021667
0 0.921250 0.271667 0.017500 0.013333
0 1.401250 0.260000 0.017500 0.020000
0 0.120000 0.345000 0.095000 0.060000
