0 0.075000 0.834722 0.045833 0.147222
0 0.022917 0.836111 0.041667 0.133333
0 0.501042 0.852778 0.039583 0.127778
0 0.670833 0.879167 0.070833 0.236111
0 0.718750 0.861111 0.050000 0.172222
0 0.746875 0.865278 0.056250 0.191667
0 0.610417 0.843056 0.037500 0.119444
0 0.578125 0.840278 0.027083 0.091667
0 0.564583 0.823611 0.025000 0.080556
0 0.631250 0.811111 0.020833 0.066667
0 0.796875 0.834722 0.035417 0.119444
0 0.831250 0.822222 0.029167 0.094444
0 0.917708 0.875000 0.072917 0.238889
0 0.955208 0.866667 0.072917 0.244444
0 0.770833 0.816667 0.020833 0.066667
0 0.850000 0.809722 0.025000 0.091667
0 0.877083 0.833333 0.045833 0.155556
0 0.378125 0.825000 0.031250 0.105556
0 0.973958 0.776389 0.035417 0.075000
0 0.787500 0.772222 0.016667 0.033333
0 0.248958 0.737500 0.085417 0.041667
0 0.332292 0.740278 0.056250 0.041667
0 0.452083 0.826389 0.025000 0.075000
0 0.547917 0.812500 0.029167 0.091667
0 0.619792 0.794444 0.006250 0.044444
0 0.646875 0.786111 0.022917 0.038889
0 0.498958 0.755556 0.039583 0.044444
