0 0.171484 0.662368 0.166406 0.611958
0 0.357812 0.674678 0.173437 0.636577
0 0.576562 0.623095 0.162500 0.594373
0 0.715234 0.675264 0.174219 0.637749
0 0.399219 0.426729 0.054688 0.201641
0 0.211328 0.380422 0.041406 0.151231
0 0.261719 0.383939 0.031250 0.116061
0 0.302734 0.380422 0.032031 0.120750
0 0.329688 0.378664 0.035937 0.131301
0 0.489063 0.372216 0.037500 0.137163
0 0.661328 0.369871 0.036719 0.134818
0 0.690234 0.376319 0.032031 0.117233
0 0.750781 0.354045 0.035937 0.133646
0 0.781641 0.372802 0.025781 0.098476
0 0.816797 0.356975 0.032031 0.120750
0 0.899219 0.358148 0.023438 0.087925
0 0.929297 0.358148 0.022656 0.083236
0 0.944922 0.614302 0.110156 0.548652
0 0.134375 0.421454 0.031250 0.069168
0 0.270703 0.420281 0.030469 0.052755
0 0.376172 0.322978 0.024219 0.036342
0 0.405469 0.315944 0.021875 0.033998
0 0.990625 0.349355 0.010937 0.107855
0 0.944922 0.321805 0.014844 0.038687
