0 0.091667 0.458333 0.183333 0.361111
0 0.380000 0.453333 0.203333 0.333333
0 0.590000 0.473889 0.203333 0.332222
0 0.895000 0.484444 0.206667 0.335556
0 1.103333 0.480000 0.210000 0.342222
0 1.395833 0.517778 0.178333 0.293333
0 1.431667 0.293889 0.136667 0.243333
0 1.227500 0.292222 0.145000 0.235556
0 1.057500 0.283333 0.141667 0.233333
0 1.000833 0.191111 0.118333 0.193333
0 1.362500 0.056111 0.055000 0.092222
0 1.220000 0.063333 0.050000 0.082222
0 1.140000 0.065556 0.050000 0.084444
0 0.930000 0.135556 0.100000 0.162222
0 0.634167 0.213889 0.081667 0.132222
0 0.564167 0.228889 0.085000 0.140000
0 0.498333 0.255000 0.096667 0.156667
0 0.455000 0.280000 0.110000 0.177778
0 0.305833 0.301111 0.135000 0.222222
0 0.226667 0.309444 0.140000 0.227778
0 0.166667 0.317778 0.140000 0.231111
0 0.050833 0.324444 0.101667 0.277778
0 0.030000 0.118333 0.060000 0.125556
0 0.088333 0.130556 0.086667 0.141111
0 0.130833 0.147778 0.108333 0.180000
0 0.221667 0.141111 0.106667 0.175556
0 0.355833 0.130556 0.055000 0.092222
0 0.270000 0.138889 0.100000 0.166667
0 0.328333 0.131667 0.086667 0.141111
0 0.503333 0.099444 0.076667 0.127778
0 0.560000 0.112778 0.050000 0.081111
0 0.679167 0.132222 0.051667 0.086667
0 0.735000 0.045556 0.056667 0.091111
0 1.460833 0.048889 0.071667 0.097778
0 1.414167 0.082778 0.038333 0.034444
0 1.164167 0.092778 0.041667 0.045556
0 1.271667 0.042222 0.050000 0.084444
0 1.315833 0.037222 0.038333 0.072222
0 1.110833 0.040556 0.045000 0.050000
0 1.037500 0.043333 0.048333 0.040000
0 1.003333 0.056111 0.040000 0.045556
0 0.936667 0.045000 0.043333 0.025556
0 0.080833 0.223333 0.045000 0.044444
0 0.348333 0.196111 0.033333 0.034444
0 0.379167 0.228333 0.045000 0.050000
0 0.141667 0.064444 0.033333 0.031111
0 0.072500 0.043333 0.045000 0.024444
0 0.043333 0.018333 0.040000 0.030000
0 0.418333 0.014444 0.080000 0.028889
0 0.426667 0.039444 0.043333 0.021111
0 0.349167 0.050556 0.038333 0.032222
0 0.390833 0.066667 0.035000 0.031111
0 0.431667 0.065556 0.046667 0.031111
0 0.451667 0.107778 0.056667 0.035556
0 0.536667 0.040556 0.050000 0.061111
0 0.630833 0.052222 0.045000 0.057778
0 0.668333 0.047778 0.030000 0.031111
0 0.752500 0.042778 0.038333 0.025556
0 0.753333 0.066111 0.040000 0.021111
0 0.748333 0.091111 0.033333 0.031111
0 0.693333 0.083889 0.036667 0.038889
0 0.733333 0.172778 0.043333 0.043333
0 0.978333 0.090556 0.030000 0.030000
0 0.853333 0.071667 0.036667 0.036667
0 0.789167 0.083333 0.041667 0.028889
0 0.787500 0.126667 0.038333 0.035556
0 0.688333 0.035556 0.030000 0.031111
