0 0.049793 0.344754 0.099585 0.214133
0 0.163900 0.351178 0.161826 0.209850
0 0.294606 0.350107 0.157676 0.199143
0 0.390041 0.343683 0.165975 0.207709
0 0.477178 0.352248 0.165975 0.211991
0 0.630705 0.353319 0.207469 0.261242
0 0.773859 0.339400 0.153527 0.199143
0 0.879668 0.340471 0.157676 0.205567
0 0.987552 0.346895 0.165975 0.214133
0 1.095436 0.345824 0.165975 0.211991
0 1.197095 0.343683 0.161826 0.203426
0 1.302905 0.350107 0.165975 0.211991
0 1.383817 0.360814 0.186722 0.233405
0 1.529046 0.345824 0.161826 0.207709
0 1.663900 0.345824 0.157676 0.203426
0 1.597510 0.331906 0.149378 0.192719
0 1.784232 0.329764 0.182573 0.235546
0 1.871369 0.338330 0.132780 0.222698
0 1.715768 0.243041 0.078838 0.049251
0 1.342324 0.260171 0.070539 0.040685
0 1.470954 0.261242 0.087137 0.047109
0 0.937759 0.244111 0.074689 0.042827
0 0.701245 0.250535 0.066390 0.029979
0 0.261411 0.252677 0.074689 0.042827
0 0.068465 0.264454 0.062241 0.032120
0 0.112033 0.252677 0.049793 0.047109
