0 0.111219 0.531884 0.141199 0.260870
0 0.167311 0.553623 0.168279 0.310145
0 0.235977 0.455797 0.030948 0.059420
0 0.263056 0.457246 0.038685 0.071014
0 0.305609 0.459420 0.038685 0.069565
0 0.333656 0.459420 0.036750 0.069565
0 0.363636 0.440580 0.019342 0.037681
0 0.391683 0.449275 0.029014 0.052174
0 0.444874 0.447101 0.027079 0.053623
0 0.457447 0.447101 0.025145 0.050725
0 0.489362 0.462319 0.046422 0.086957
0 0.512573 0.450000 0.027079 0.050725
0 0.530948 0.451449 0.029014 0.053623
0 0.552224 0.452899 0.029014 0.056522
0 0.592843 0.481159 0.083172 0.150725
0 0.647002 0.459420 0.044487 0.084058
0 0.672147 0.462319 0.048356 0.086957
0 0.864603 0.451449 0.027079 0.050725
0 0.884913 0.452174 0.025145 0.046377
0 0.908124 0.452899 0.025145 0.044928
0 0.933269 0.452899 0.025145 0.044928
0 1.021277 0.454348 0.030948 0.056522
0 1.111219 0.555072 0.137331 0.255072
0 0.967118 0.538406 0.119923 0.218841
0 0.853965 0.589855 0.160542 0.295652
0 0.732108 0.602899 0.156673 0.289855
0 1.220503 0.481884 0.065764 0.120290
0 1.247582 0.495652 0.073501 0.139130
0 1.266925 0.481159 0.050290 0.092754
0 1.193424 0.455797 0.027079 0.050725
0 1.069632 0.462319 0.034816 0.063768
0 1.144101 0.451449 0.044487 0.065217
