0 0.142686 0.350000 0.232614 0.297500
0 0.287770 0.246875 0.167866 0.213750
0 0.420863 0.248125 0.194245 0.248750
0 0.511990 0.232500 0.199041 0.257500
0 0.581535 0.234375 0.194245 0.248750
0 0.691847 0.379375 0.208633 0.268750
0 0.829736 0.368750 0.211031 0.267500
0 0.143885 0.231875 0.187050 0.241250
0 0.696643 0.188750 0.175060 0.225000
0 0.835731 0.201250 0.179856 0.227500
0 0.904077 0.224375 0.215827 0.273750
0 0.998801 0.271250 0.179856 0.232500
0 1.177458 0.286875 0.187050 0.241250
0 1.085132 0.241875 0.189448 0.241250
0 1.158273 0.275000 0.177458 0.227500
0 1.392086 0.384375 0.208633 0.268750
0 1.510791 0.369375 0.196643 0.251250
0 1.628297 0.354375 0.206235 0.261250
0 1.756595 0.304375 0.194245 0.248750
0 1.835731 0.343750 0.165468 0.270000
0 1.363309 0.163125 0.184652 0.233750
0 1.312950 0.158125 0.165468 0.213750
0 1.594724 0.151875 0.182254 0.236250
0 1.729017 0.141250 0.196643 0.250000
0 1.515588 0.130625 0.172662 0.223750
0 0.622302 0.186875 0.189448 0.241250
0 1.531175 0.450000 0.103118 0.132500
0 1.605516 0.425625 0.146283 0.188750
0 0.338129 0.121250 0.119904 0.102500
0 0.971223 0.111875 0.105516 0.071250
0 1.356115 0.033750 0.064748 0.042500
0 1.428058 0.044375 0.050360 0.051250
0 1.543165 0.197500 0.088729 0.095000
0 0.173861 0.127500 0.107914 0.090000
0 1.165468 0.136250 0.086331 0.062500
0 1.076739 0.118125 0.076739 0.056250
0 0.738609 0.498750 0.115108 0.042500
