0 0.080909 0.710084 0.143636 0.540616
0 0.207273 0.698880 0.098182 0.372549
0 0.235455 0.663866 0.172727 0.649860
0 0.325455 0.693277 0.112727 0.434174
0 0.370000 0.717087 0.085455 0.330532
0 0.431818 0.726891 0.096364 0.372549
0 0.485455 0.719888 0.127273 0.476190
0 0.518182 0.575630 0.221818 0.837535
0 0.600909 0.707283 0.121818 0.467787
0 0.698182 0.640056 0.185455 0.697479
0 0.761818 0.721289 0.094545 0.355742
0 0.821818 0.726891 0.072727 0.271709
0 0.870000 0.693277 0.154545 0.591036
0 0.969091 0.732493 0.054545 0.210084
0 0.142727 0.725490 0.060000 0.224090
0 0.394545 0.715686 0.036364 0.142857
0 0.034545 0.658263 0.029091 0.117647
0 0.186364 0.668067 0.027273 0.092437
