0 0.103125 0.746875 0.109375 0.360417
0 0.062500 0.600000 0.050000 0.162500
0 0.036719 0.767708 0.073438 0.456250
0 0.217188 0.789583 0.128125 0.416667
0 0.301563 0.617708 0.040625 0.135417
0 0.488281 0.789583 0.126562 0.412500
0 0.536719 0.756250 0.145313 0.479167
0 0.635156 0.734375 0.126562 0.414583
0 0.354687 0.610417 0.043750 0.141667
0 0.380469 0.613542 0.039062 0.131250
0 0.416406 0.603125 0.035937 0.122917
0 0.454688 0.606250 0.043750 0.145833
0 0.399219 0.597917 0.039062 0.125000
0 0.217969 0.559375 0.039062 0.052083
0 0.407813 0.651042 0.043750 0.068750
0 0.477344 0.566667 0.029687 0.045833
0 0.590625 0.596875 0.040625 0.064583
