0 0.072000 0.597598 0.112000 0.408408
0 0.143000 0.597598 0.098000 0.366366
0 0.217000 0.605105 0.094000 0.345345
0 0.288000 0.591592 0.108000 0.396396
0 0.381000 0.543544 0.106000 0.396396
0 0.447000 0.542042 0.106000 0.387387
0 0.421000 0.642643 0.110000 0.414414
0 0.507000 0.650150 0.110000 0.411411
0 0.591000 0.636637 0.118000 0.438438
0 0.695000 0.566066 0.098000 0.369369
0 0.769000 0.552553 0.102000 0.384384
0 0.843000 0.539039 0.110000 0.405405
0 0.915000 0.548048 0.102000 0.381381
0 0.526000 0.555556 0.092000 0.348348
0 0.591000 0.415916 0.062000 0.117117
0 0.975000 0.650150 0.046000 0.201201
