0 0.065714 0.638095 0.040000 0.068571
0 0.105714 0.638095 0.040000 0.068571
0 0.322857 0.636190 0.085714 0.140952
0 0.371429 0.641905 0.057143 0.095238
0 0.734286 0.646667 0.325714 0.535238
0 0.907143 0.640952 0.185714 0.394286
0 0.127143 0.637143 0.031429 0.055238
0 0.232857 0.638095 0.031429 0.053333
0 0.267143 0.642857 0.025714 0.043810
0 0.252857 0.640952 0.025714 0.040000
0 0.190000 0.638095 0.025714 0.041905
0 0.170000 0.640000 0.025714 0.045714
0 0.148571 0.639048 0.022857 0.036190
0 0.442857 0.638095 0.022857 0.041905
0 0.470000 0.637143 0.025714 0.043810
0 0.487143 0.636190 0.020000 0.038095
0 0.557143 0.638095 0.034286 0.057143
0 0.578571 0.635238 0.037143 0.059048
