0 0.045522 0.281250 0.091045 0.285985
0 0.094030 0.279356 0.089552 0.282197
0 0.141791 0.278409 0.086567 0.272727
0 0.189552 0.268939 0.089552 0.284091
0 0.238806 0.280303 0.083582 0.265152
0 0.288060 0.278409 0.086567 0.272727
0 0.335821 0.283144 0.092537 0.285985
0 0.389552 0.280303 0.092537 0.287879
0 0.441045 0.290720 0.091045 0.285985
0 0.024627 0.858902 0.040299 0.123106
0 0.176119 0.872159 0.053731 0.172348
0 0.226119 0.883523 0.058209 0.179924
0 0.241791 0.893939 0.065672 0.208333
0 0.280597 0.883523 0.062687 0.195076
0 0.308209 0.899621 0.058209 0.181818
0 0.326119 0.903409 0.058209 0.181818
0 0.347015 0.899621 0.061194 0.193182
0 0.391045 0.879735 0.059701 0.187500
0 0.405970 0.885417 0.047761 0.153409
0 0.458209 0.889205 0.068657 0.214015
0 0.107463 0.887311 0.068657 0.217803
0 0.618657 0.877841 0.052239 0.168561
0 0.534328 0.856061 0.023881 0.079545
0 0.552239 0.855114 0.032836 0.100379
0 0.565672 0.856061 0.032836 0.102273
0 0.586567 0.859848 0.035821 0.113636
0 0.644030 0.854167 0.034328 0.106061
0 0.672388 0.863636 0.028358 0.090909
0 0.703731 0.854167 0.031343 0.098485
0 0.773134 0.870265 0.050746 0.160985
0 0.858955 0.908144 0.055224 0.176136
0 0.924627 0.901515 0.058209 0.181818
0 0.955224 0.860795 0.038806 0.119318
0 0.987313 0.874053 0.025373 0.119318
0 0.058955 0.352273 0.055224 0.196970
0 0.125373 0.354167 0.062687 0.204545
0 0.188060 0.346591 0.056716 0.200758
0 0.244776 0.360795 0.062687 0.198864
0 0.303731 0.360795 0.067164 0.214015
0 0.365672 0.363636 0.065672 0.200758
0 0.437313 0.372159 0.077612 0.221591
0 0.074627 0.807765 0.044776 0.104167
0 0.135821 0.808712 0.029851 0.064394
