0 0.232777 0.751389 0.148225 0.491667
0 0.430063 0.733333 0.158664 0.522222
0 0.525052 0.697222 0.127349 0.422222
0 0.585595 0.526389 0.064718 0.219444
0 0.662839 0.500000 0.081420 0.272222
0 0.750522 0.634722 0.123173 0.402778
0 0.818372 0.680556 0.129436 0.427778
0 0.866388 0.666667 0.070981 0.227778
0 0.962422 0.594444 0.050104 0.166667
0 0.980167 0.594444 0.039666 0.166667
0 0.896660 0.587500 0.048017 0.158333
0 0.082463 0.688889 0.077244 0.250000
0 0.126305 0.720833 0.068894 0.225000
0 0.021921 0.669444 0.043841 0.200000
0 0.038622 0.577778 0.048017 0.161111
0 0.126305 0.572222 0.035491 0.122222
0 0.157620 0.579167 0.043841 0.147222
0 0.355950 0.579167 0.052192 0.175000
0 0.316284 0.591667 0.031315 0.105556
0 0.630480 0.506944 0.058455 0.197222
0 0.693111 0.520833 0.054280 0.186111
0 0.854906 0.516667 0.039666 0.066667
0 0.358038 0.718056 0.077244 0.119444
0 0.951983 0.738889 0.075157 0.088889
0 0.209812 0.534722 0.027140 0.047222
0 0.442589 0.426389 0.229645 0.097222
