0 0.112727 0.611717 0.090909 0.340599
0 0.233636 0.686649 0.107273 0.397820
0 0.215455 0.561308 0.067273 0.256131
0 0.259091 0.528610 0.056364 0.212534
0 0.307273 0.630790 0.087273 0.324251
0 0.358182 0.580381 0.072727 0.267030
0 0.370909 0.540872 0.065455 0.242507
0 0.510909 0.543597 0.069091 0.253406
0 0.550000 0.664850 0.107273 0.397820
0 0.697273 0.568120 0.070909 0.264305
0 0.723636 0.618529 0.087273 0.321526
0 0.879091 0.591281 0.078182 0.288828
0 0.067273 0.431880 0.029091 0.111717
0 0.090000 0.429155 0.030909 0.111717
0 0.413636 0.435967 0.027273 0.103542
0 0.447273 0.450954 0.029091 0.111717
0 0.470000 0.448229 0.030909 0.117166
0 0.580000 0.455041 0.029091 0.108992
0 0.612727 0.461853 0.029091 0.106267
0 0.634545 0.476839 0.018182 0.076294
0 0.740909 0.460490 0.027273 0.108992
0 0.785455 0.467302 0.032727 0.117166
0 0.854545 0.482289 0.021818 0.087193
0 0.915455 0.471390 0.030909 0.114441
0 0.940000 0.479564 0.032727 0.119891
0 0.823636 0.480926 0.036364 0.095368
0 0.485455 0.415531 0.963636 0.149864
