0 0.103723 0.450479 0.103191 0.376997
0 0.040957 0.449681 0.081915 0.365815
0 0.176596 0.451278 0.100000 0.369010
0 0.237766 0.437700 0.103191 0.383387
0 0.306383 0.442492 0.106383 0.392971
0 0.388298 0.445687 0.100000 0.367412
0 0.468617 0.464856 0.094681 0.348243
0 0.543617 0.456869 0.097872 0.364217
0 0.622340 0.451278 0.104255 0.381789
0 0.700000 0.451278 0.102128 0.375399
0 0.796809 0.458466 0.104255 0.383387
0 0.851596 0.468850 0.096809 0.353035
0 0.945745 0.455272 0.106383 0.389776
0 0.657979 0.385783 0.047872 0.180511
0 0.727128 0.388179 0.052128 0.191693
0 0.808511 0.389776 0.051064 0.191693
0 0.759043 0.394569 0.050000 0.182109
0 0.886702 0.403355 0.054255 0.199681
0 0.055851 0.310703 0.020213 0.039936
0 0.037234 0.306709 0.023404 0.047923
0 0.106383 0.301118 0.017021 0.033546
0 0.122340 0.312300 0.014894 0.023962
0 0.181915 0.307508 0.021277 0.043131
0 0.183511 0.283546 0.015957 0.017572
0 0.244681 0.315495 0.012766 0.023962
0 0.418085 0.317891 0.019149 0.031949
0 0.488830 0.320288 0.018085 0.033546
0 0.539362 0.313898 0.023404 0.046326
0 0.559574 0.332268 0.019149 0.038339
0 0.570213 0.321086 0.017021 0.047923
0 0.583511 0.315495 0.013830 0.036741
0 0.631915 0.317093 0.014894 0.033546
0 0.643617 0.325879 0.012766 0.025559
0 0.709043 0.305911 0.022340 0.046326
0 0.856383 0.327476 0.017021 0.035144
