0 0.030000 0.862040 0.060000 0.265886
0 0.117222 0.867893 0.065556 0.240803
0 0.496111 0.868729 0.067778 0.249164
0 0.723333 0.605351 0.077778 0.290970
0 0.896111 0.773411 0.098889 0.366221
0 0.964444 0.838629 0.071111 0.306020
0 0.965556 0.663880 0.068889 0.334448
0 0.916111 0.445652 0.085556 0.316054
0 0.422222 0.689799 0.073333 0.269231
0 0.100556 0.523411 0.076667 0.280936
0 0.538889 0.729933 0.071111 0.265886
0 0.608333 0.783445 0.074444 0.272575
0 0.783333 0.349498 0.068889 0.257525
0 0.230000 0.939799 0.068889 0.107023
0 0.301667 0.918896 0.092222 0.148829
0 0.271667 0.817726 0.076667 0.180602
0 0.346111 0.767559 0.085556 0.163880
0 0.441667 0.841973 0.076667 0.225753
0 0.177778 0.805184 0.097778 0.212375
0 0.143889 0.614548 0.058889 0.098662
0 0.176111 0.639632 0.043333 0.071906
0 0.206111 0.676421 0.045556 0.058528
0 0.241111 0.583612 0.104444 0.096990
0 0.056111 0.686455 0.070000 0.178930
0 0.781667 0.644649 0.072222 0.132107
0 0.927222 0.525920 0.061111 0.168896
0 0.966667 0.428094 0.055556 0.137124
0 0.219444 0.310201 0.430000 0.496656
0 0.607778 0.154682 0.768889 0.285953
