0 0.903333 0.694511 0.076667 0.135706
0 0.836250 0.739445 0.104167 0.185766
0 0.783333 0.712304 0.081667 0.144753
0 0.729583 0.704765 0.065833 0.117612
0 0.699583 0.731604 0.099167 0.176116
0 0.665000 0.741556 0.143333 0.252714
0 0.600833 0.700543 0.065000 0.116405
0 0.573750 0.695115 0.057500 0.103136
0 0.538750 0.716526 0.089167 0.159228
0 0.486667 0.715320 0.081667 0.144753
0 0.467500 0.705669 0.071667 0.127865
0 0.444583 0.701749 0.057500 0.101930
0 0.405833 0.701448 0.056667 0.101327
0 0.351667 0.755730 0.141667 0.252111
0 0.301667 0.740953 0.131667 0.234620
0 0.168333 0.750603 0.136667 0.241858
0 0.038333 0.698130 0.065000 0.116405
0 0.088750 0.690893 0.064167 0.115199
0 0.254583 0.691797 0.065833 0.118215
0 0.939167 0.692099 0.056667 0.099517
0 0.384167 0.648975 0.025000 0.036188
0 0.428750 0.645657 0.015833 0.022316
0 0.745417 0.651990 0.032500 0.025332
0 0.652917 0.642642 0.547500 0.035585
