0 0.403333 0.591409 0.101333 0.371628
0 0.542000 0.601898 0.084000 0.306693
0 0.482667 0.611389 0.058667 0.217782
0 0.293667 0.585415 0.091333 0.333666
0 0.258000 0.593906 0.064000 0.236763
0 0.214333 0.588911 0.076667 0.282717
0 0.155667 0.582917 0.072667 0.266733
0 0.099333 0.586414 0.069333 0.255744
0 0.071667 0.583916 0.062000 0.228771
0 0.047000 0.583417 0.062000 0.225774
0 0.331000 0.596903 0.068667 0.252747
0 0.357333 0.612388 0.048000 0.177822
0 0.428333 0.596903 0.076667 0.280719
0 0.595667 0.616883 0.066000 0.240759
0 0.625333 0.619880 0.041333 0.154845
0 0.647333 0.615385 0.058667 0.217782
0 0.680000 0.619880 0.053333 0.194805
0 0.707000 0.623876 0.043333 0.160839
0 0.719667 0.615884 0.035333 0.132867
0 0.736000 0.620380 0.030667 0.113886
0 0.559333 0.619381 0.041333 0.151848
0 0.754667 0.614386 0.044000 0.161838
0 0.778000 0.602398 0.084000 0.307692
0 0.805333 0.618382 0.032000 0.119880
0 0.816000 0.621878 0.032000 0.116883
0 0.827000 0.623377 0.030000 0.109890
0 0.853333 0.627872 0.024000 0.088911
0 0.866000 0.626374 0.024000 0.089910
0 0.880000 0.618382 0.038667 0.141858
0 0.897000 0.624875 0.032667 0.122877
0 0.922333 0.625375 0.023333 0.087912
0 0.959667 0.629371 0.014000 0.053946
0 0.974333 0.628372 0.012667 0.047952
0 0.840000 0.623377 0.022667 0.083916
