0 0.327697 0.358876 0.091182 0.148116
0 1.005779 0.356878 0.085188 0.138413
0 0.960830 0.349315 0.092894 0.151256
0 0.883134 0.353739 0.095034 0.154395
0 0.830479 0.351170 0.096747 0.157820
0 0.789170 0.354024 0.097175 0.157820
0 0.735873 0.354167 0.094178 0.152968
0 0.698844 0.357877 0.090325 0.147260
0 0.651755 0.358019 0.090325 0.146975
0 0.614084 0.355736 0.094606 0.153824
0 0.572346 0.357591 0.092466 0.150685
0 0.522688 0.361301 0.088185 0.144406
0 1.436002 0.572631 0.115154 0.188071
0 1.345676 0.584189 0.099743 0.162100
0 0.746575 0.578910 0.106164 0.173231
0 0.892765 0.582905 0.101455 0.165811
0 0.515411 0.582192 0.101884 0.166096
0 0.016695 0.510417 0.033390 0.099600
0 0.050300 0.512985 0.057791 0.095034
0 1.286601 0.584189 0.099743 0.162100
0 0.133562 0.595320 0.085616 0.139840
0 0.169949 0.598744 0.083048 0.135274
0 0.444563 0.543664 0.079195 0.063356
0 0.627140 0.548088 0.102740 0.107591
0 0.685788 0.522974 0.080479 0.109874
0 0.136130 0.510845 0.050514 0.043379
0 0.909889 0.301370 0.037243 0.033105
