0 0.049550 0.279000 0.099099 0.210000
0 0.111111 0.277000 0.108108 0.174000
0 0.127628 0.250000 0.099099 0.168000
0 0.166667 0.243000 0.099099 0.162000
0 0.238739 0.242000 0.111111 0.180000
0 0.358859 0.228000 0.087087 0.140000
0 0.400901 0.231000 0.075075 0.122000
0 0.304805 0.225000 0.087087 0.146000
0 0.261261 0.241000 0.102102 0.166000
0 0.280781 0.236000 0.087087 0.144000
0 1.154655 0.372000 0.183183 0.304000
0 1.244745 0.380000 0.273273 0.448000
0 0.930931 0.434000 0.270270 0.440000
0 0.716216 0.444000 0.243243 0.400000
0 0.581081 0.351000 0.159159 0.262000
0 0.483483 0.330000 0.132132 0.216000
0 0.546547 0.341000 0.150150 0.246000
0 0.481982 0.282000 0.117117 0.196000
0 1.064565 0.331000 0.171171 0.282000
0 1.403904 0.427000 0.195195 0.410000
0 1.361862 0.356000 0.195195 0.320000
0 1.364865 0.387000 0.189189 0.314000
0 0.839339 0.269000 0.093093 0.154000
0 0.782282 0.248000 0.093093 0.152000
0 0.426426 0.217000 0.060060 0.102000
0 0.081081 0.169000 0.030030 0.030000
0 0.034535 0.184000 0.039039 0.040000
0 0.063063 0.196000 0.024024 0.040000
0 0.609610 0.232000 0.048048 0.056000
0 0.555556 0.206000 0.048048 0.032000
0 0.540541 0.184000 0.042042 0.024000
0 0.569069 0.166000 0.033033 0.028000
0 0.596096 0.173000 0.033033 0.030000
0 0.639640 0.177000 0.054054 0.038000
0 0.695195 0.179000 0.051051 0.050000
0 0.750751 0.176000 0.030030 0.036000
0 0.807808 0.158000 0.030030 0.032000
0 0.873874 0.162000 0.036036 0.040000
0 0.978979 0.169000 0.048048 0.030000
0 0.998498 0.221000 0.057057 0.050000
0 1.015015 0.201000 0.060060 0.054000
0 1.312312 0.224000 0.048048 0.060000
0 1.340841 0.172000 0.045045 0.048000
0 1.177177 0.174000 0.048048 0.048000
0 1.132132 0.193000 0.048048 0.042000
0 1.163664 0.206000 0.057057 0.044000
0 1.441441 0.197000 0.060060 0.058000
0 0.456456 0.170000 0.042042 0.028000
