0 0.039535 0.490741 0.046512 0.074074
0 0.116279 0.467593 0.046512 0.074074
0 0.152326 0.454475 0.039535 0.069444
0 0.182558 0.442130 0.034884 0.057099
0 0.216279 0.431327 0.037209 0.063272
0 0.262791 0.413580 0.037209 0.061728
0 0.297674 0.406636 0.037209 0.060185
0 0.315116 0.401235 0.030233 0.052469
0 0.329070 0.390432 0.030233 0.052469
0 0.363953 0.378858 0.030233 0.054012
0 0.397674 0.371142 0.027907 0.047840
0 0.431395 0.360340 0.025581 0.041667
0 0.484884 0.337963 0.020930 0.037037
0 0.502326 0.334105 0.018605 0.029321
0 0.459302 0.352623 0.020930 0.035494
0 0.448837 0.357253 0.018605 0.032407
0 1.081395 0.337191 0.018605 0.032407
0 1.097674 0.337963 0.023256 0.040123
0 1.111628 0.347994 0.023256 0.038580
0 1.126744 0.356481 0.025581 0.046296
0 1.137209 0.362654 0.027907 0.049383
0 1.145349 0.371914 0.025581 0.043210
0 1.161628 0.380401 0.030233 0.047840
0 1.473256 0.542438 0.058140 0.094136
0 1.425581 0.515432 0.051163 0.083333
0 1.381395 0.489198 0.046512 0.074074
0 1.343023 0.469136 0.044186 0.070988
0 1.315116 0.452160 0.039535 0.064815
0 1.284884 0.436728 0.034884 0.061728
0 1.247674 0.421296 0.039535 0.064815
0 1.230233 0.412809 0.032558 0.057099
0 1.212791 0.392747 0.025581 0.041667
0 1.187209 0.386574 0.030233 0.050926
0 1.202326 0.394290 0.027907 0.050926
0 0.259302 0.316358 0.025581 0.015432
0 0.382558 0.318673 0.034884 0.020062
0 0.595349 0.322531 0.046512 0.021605
0 0.669767 0.316358 0.027907 0.018519
0 0.695349 0.317901 0.018605 0.015432
0 0.723256 0.315586 0.023256 0.016975
0 0.761628 0.320988 0.025581 0.018519
0 1.169767 0.322531 0.027907 0.021605
0 1.110465 0.316358 0.016279 0.021605
