0 0.101042 0.288194 0.077083 0.126389
0 0.159375 0.290278 0.072917 0.122222
0 0.187500 0.289583 0.054167 0.093056
0 0.863542 0.334028 0.177083 0.290278
0 0.969792 0.338194 0.185417 0.301389
0 1.110417 0.353472 0.204167 0.331944
0 0.741667 0.313889 0.162500 0.266667
0 0.668750 0.309028 0.150000 0.248611
0 0.576042 0.301389 0.139583 0.227778
0 0.527083 0.304861 0.116667 0.193056
0 0.217708 0.302778 0.060417 0.052778
0 0.278125 0.305556 0.072917 0.055556
0 0.314583 0.307639 0.054167 0.048611
0 0.363542 0.313194 0.068750 0.043056
0 0.417708 0.315972 0.052083 0.054167
0 0.462500 0.317361 0.058333 0.048611
0 0.528125 0.320139 0.056250 0.054167
0 0.602083 0.318750 0.079167 0.068056
0 0.705208 0.336806 0.085417 0.059722
0 0.818750 0.343056 0.095833 0.072222
0 0.950000 0.354861 0.079167 0.059722
0 1.097917 0.364583 0.087500 0.081944
0 1.256250 0.397917 0.125000 0.084722
0 1.468750 0.406944 0.058333 0.100000
