0 0.174213 0.410145 0.214567 0.388406
0 0.361220 0.334058 0.104331 0.186957
0 0.419291 0.290580 0.051181 0.094203
0 0.372047 0.286957 0.047244 0.084058
0 0.623031 0.298551 0.057087 0.101449
0 0.705709 0.294928 0.064961 0.117391
0 1.146654 0.355797 0.183071 0.331884
0 1.073819 0.312319 0.092520 0.169565
0 0.977362 0.307971 0.072835 0.134783
0 1.290354 0.290580 0.080709 0.149275
0 1.020669 0.281159 0.049213 0.086957
0 0.875000 0.316667 0.057087 0.076812
0 0.775591 0.313768 0.043307 0.053623
0 0.682087 0.313043 0.045276 0.049275
0 0.609252 0.316667 0.057087 0.039130
0 0.524606 0.320290 0.049213 0.060870
0 0.286417 0.319565 0.045276 0.068116
0 0.401575 0.315217 0.051181 0.065217
0 0.244094 0.322464 0.062992 0.050725
0 0.044291 0.292029 0.021654 0.039130
0 0.073819 0.347826 0.061024 0.081159
0 1.029528 0.245652 0.019685 0.027536
0 1.240157 0.239130 0.023622 0.026087
0 1.244094 0.256522 0.019685 0.028986
0 1.264764 0.252174 0.033465 0.017391
0 1.217520 0.261594 0.025591 0.024638
0 1.115157 0.236957 0.025591 0.030435
