0 0.129065 0.694158 0.063008 0.261168
0 0.073171 0.707904 0.056911 0.240550
0 0.021341 0.795533 0.042683 0.285223
0 0.978659 0.685567 0.042683 0.182131
0 0.947154 0.676976 0.036585 0.158076
0 0.929878 0.682131 0.034553 0.147766
0 0.914634 0.682131 0.036585 0.154639
0 0.876016 0.673540 0.040650 0.171821
0 0.897358 0.680412 0.034553 0.151203
0 0.750000 0.682131 0.036585 0.161512
0 0.722561 0.680412 0.046748 0.199313
0 0.696138 0.694158 0.042683 0.185567
0 0.675813 0.682131 0.034553 0.140893
0 0.647358 0.673540 0.042683 0.185567
0 0.575203 0.682131 0.036585 0.161512
0 0.597561 0.678694 0.032520 0.140893
0 0.622967 0.682131 0.034553 0.147766
0 0.049797 0.701031 0.063008 0.268041
0 0.028455 0.632302 0.024390 0.061856
0 0.011179 0.584192 0.022358 0.082474
0 0.241870 0.725086 0.060976 0.144330
0 0.332317 0.704467 0.042683 0.130584
