0 0.028723 0.279874 0.057447 0.286164
0 0.082447 0.298742 0.067021 0.245283
0 0.111170 0.296384 0.064894 0.234277
0 0.045213 0.265723 0.037234 0.138365
0 0.169681 0.290094 0.056383 0.209119
0 0.205319 0.295597 0.061702 0.223270
0 0.252660 0.278302 0.050000 0.182390
0 0.647872 0.315252 0.053191 0.193396
0 0.578191 0.316038 0.045745 0.169811
0 0.308511 0.274371 0.051064 0.183962
0 0.466489 0.565252 0.132979 0.482704
0 0.266489 0.239780 0.018085 0.055031
0 0.344149 0.207547 0.024468 0.059748
0 0.430851 0.220912 0.027660 0.064465
0 0.447340 0.226415 0.028723 0.081761
0 0.487234 0.194969 0.034043 0.056604
0 0.529787 0.196541 0.042553 0.047170
0 0.534574 0.234277 0.039362 0.062893
0 0.607979 0.246855 0.026596 0.044025
0 0.830851 0.408019 0.078723 0.193396
0 0.706383 0.432390 0.140426 0.220126
0 0.506383 0.316824 0.068085 0.130503
0 0.410106 0.221698 0.024468 0.034591
