0 0.188889 0.375000 0.257778 0.357500
0 0.318889 0.279375 0.104444 0.146250
0 0.507778 0.366250 0.224444 0.312500
0 0.558889 0.317500 0.224444 0.307500
0 0.761111 0.331250 0.220000 0.302500
0 0.686667 0.303750 0.200000 0.277500
0 0.841111 0.295000 0.188889 0.262500
0 0.931111 0.325625 0.186667 0.258750
0 1.064444 0.327500 0.146667 0.200000
0 1.153333 0.312500 0.142222 0.197500
0 1.238889 0.293125 0.144444 0.198750
0 1.287778 0.282500 0.144444 0.197500
0 1.355556 0.277500 0.137778 0.190000
0 1.402222 0.272500 0.133333 0.185000
0 1.455556 0.270625 0.128889 0.176250
0 1.520000 0.267500 0.120000 0.165000
0 1.614444 0.265625 0.113333 0.158750
0 1.747778 0.226250 0.060000 0.087500
0 1.172222 0.275000 0.157778 0.217500
0 0.026667 0.180000 0.053333 0.110000
0 0.082222 0.187500 0.066667 0.095000
0 0.064444 0.176250 0.075556 0.105000
0 0.341111 0.185625 0.077778 0.108750
0 0.363333 0.186875 0.060000 0.083750
0 0.383333 0.183750 0.060000 0.085000
0 0.441111 0.187500 0.055556 0.080000
0 0.497778 0.171875 0.075556 0.103750
0 0.254444 0.189375 0.055556 0.076250
0 0.232222 0.188750 0.068889 0.095000
0 0.294444 0.184375 0.060000 0.083750
0 0.156667 0.133750 0.082222 0.065000
0 0.644444 0.141875 0.048889 0.031250
0 0.745556 0.150000 0.051111 0.040000
0 0.785556 0.161250 0.033333 0.022500
0 0.745556 0.186875 0.055556 0.036250
0 0.905556 0.190625 0.060000 0.043750
0 0.924444 0.147500 0.044444 0.045000
0 0.880000 0.156875 0.031111 0.028750
0 0.974444 0.156250 0.028889 0.020000
0 1.018889 0.183750 0.051111 0.040000
0 1.021111 0.160000 0.033333 0.015000
0 1.062222 0.160000 0.035556 0.022500
0 1.114444 0.152500 0.033333 0.025000
0 1.144444 0.164375 0.022222 0.016250
0 1.091111 0.201875 0.062222 0.043750
0 1.133333 0.196875 0.040000 0.028750
0 1.248889 0.160000 0.026667 0.017500
0 1.272222 0.161875 0.028889 0.026250
0 1.575556 0.204375 0.031111 0.033750
0 0.541111 0.143750 0.037778 0.030000
0 0.598889 0.155625 0.033333 0.031250
