0 0.161007 0.621875 0.141686 0.618750
0 0.579625 0.369792 0.037471 0.168750
0 0.900468 0.488542 0.096019 0.422917
0 0.775761 0.486458 0.087822 0.381250
0 0.670960 0.370833 0.028103 0.120833
0 0.699063 0.346875 0.016393 0.077083
0 0.718384 0.351042 0.015222 0.072917
0 0.733607 0.343750 0.017564 0.083333
0 0.615340 0.364583 0.022248 0.104167
0 0.536300 0.348958 0.014052 0.064583
0 0.524005 0.355208 0.012881 0.056250
0 0.957845 0.312500 0.014052 0.062500
0 0.973653 0.314583 0.012881 0.054167
0 0.833138 0.341667 0.017564 0.075000
0 0.439696 0.336458 0.024590 0.068750
0 0.042155 0.381250 0.067916 0.212500
0 0.193794 0.387500 0.055035 0.204167
