0 0.048159 0.379699 0.096317 0.214286
0 0.150142 0.367481 0.141643 0.234962
0 0.239377 0.371241 0.138810 0.223684
0 0.349858 0.362782 0.138810 0.229323
0 0.440510 0.356203 0.150142 0.242481
0 0.549575 0.363722 0.135977 0.219925
0 0.644476 0.357143 0.133144 0.221805
0 0.736544 0.359962 0.130312 0.212406
0 0.827195 0.367481 0.124646 0.208647
0 0.939093 0.364662 0.133144 0.221805
0 1.045326 0.370301 0.141643 0.229323
0 1.121813 0.357143 0.147309 0.244361
0 1.209632 0.366541 0.158640 0.259398
0 1.342776 0.381579 0.158640 0.255639
0 1.437677 0.367481 0.138810 0.234962
0 0.271955 0.274436 0.062323 0.045113
0 0.490085 0.275376 0.062323 0.054511
0 0.603399 0.275376 0.039660 0.035714
0 0.688385 0.265977 0.039660 0.054511
0 0.791785 0.276316 0.048159 0.045113
0 0.885269 0.260338 0.053824 0.050752
0 0.988669 0.276316 0.050992 0.041353
0 1.083569 0.270677 0.053824 0.041353
0 1.250708 0.253759 0.059490 0.045113
0 1.300283 0.275376 0.050992 0.043233
0 1.385269 0.258459 0.050992 0.046992
