0 0.114130 0.258571 0.097826 0.160000
0 0.800000 0.435000 0.226087 0.367143
0 0.903261 0.363571 0.102174 0.164286
0 0.982609 0.344286 0.073913 0.117143
0 1.054348 0.335714 0.078261 0.125714
0 1.095652 0.322143 0.065217 0.110000
0 1.122826 0.316429 0.067391 0.110000
0 1.152174 0.307857 0.056522 0.090000
0 1.181522 0.299286 0.054348 0.090000
0 1.211957 0.292143 0.050000 0.081429
0 1.230435 0.285000 0.047826 0.075714
0 1.305435 0.427857 0.206522 0.332857
0 1.373913 0.378571 0.121739 0.200000
0 1.407609 0.348571 0.093478 0.154286
0 0.183696 0.217857 0.089130 0.078571
0 0.263043 0.269286 0.095652 0.112857
0 0.282609 0.245000 0.056522 0.070000
0 0.343478 0.240000 0.056522 0.060000
0 0.406522 0.240714 0.056522 0.052857
0 0.447826 0.235714 0.056522 0.051429
0 0.505435 0.241429 0.063043 0.051429
0 0.550000 0.240714 0.034783 0.044286
0 0.598913 0.238571 0.063043 0.037143
0 0.640217 0.240000 0.032609 0.037143
0 0.663043 0.242857 0.021739 0.037143
0 0.706522 0.234286 0.021739 0.042857
0 0.741304 0.238571 0.034783 0.040000
0 0.759783 0.241429 0.028261 0.034286
0 0.804348 0.235714 0.047826 0.040000
0 0.880435 0.274286 0.026087 0.031429
0 0.898913 0.275000 0.028261 0.032857
0 0.956522 0.272857 0.030435 0.042857
0 1.016304 0.274286 0.028261 0.057143
0 0.058696 0.190714 0.108696 0.078571
0 0.411957 0.208571 0.050000 0.054286
0 0.491304 0.213571 0.078261 0.061429
0 1.435870 0.272857 0.158696 0.068571
