0 0.170960 0.470000 0.093677 0.163333
0 0.268150 0.537500 0.194379 0.338333
0 0.423888 0.465833 0.060890 0.105000
0 0.463700 0.452500 0.051522 0.088333
0 0.521077 0.475000 0.081967 0.143333
0 0.482436 0.434167 0.037471 0.065000
0 0.577283 0.448333 0.049180 0.086667
0 0.645199 0.460000 0.063232 0.110000
0 0.604215 0.455000 0.042155 0.073333
0 0.757611 0.543333 0.185012 0.326667
0 0.920375 0.566667 0.154567 0.270000
0 0.805621 0.479167 0.088993 0.155000
0 1.033958 0.478333 0.077283 0.140000
0 1.303279 0.530000 0.152225 0.266667
0 1.359485 0.521667 0.091335 0.206667
0 1.174473 0.460000 0.058548 0.106667
0 0.851288 0.435833 0.030445 0.058333
0 0.693208 0.447500 0.042155 0.075000
0 0.663934 0.464167 0.058548 0.105000
0 0.710773 0.453333 0.039813 0.073333
0 0.665105 0.191667 0.051522 0.053333
0 1.129977 0.172500 0.194379 0.171667
0 0.946136 0.445833 0.032787 0.075000
0 0.911007 0.429167 0.065574 0.045000
0 1.211944 0.449167 0.039813 0.058333
0 1.370023 0.393333 0.065574 0.083333
0 1.071429 0.446667 0.058548 0.053333
0 1.001171 0.438333 0.053864 0.056667
0 0.278689 0.350000 0.552693 0.056667
0 1.079625 0.336667 0.604215 0.043333
