0 0.465333 0.413000 0.184000 0.338000
0 0.593333 0.401000 0.120000 0.222000
0 0.661333 0.379000 0.058667 0.106000
0 0.693333 0.373000 0.032000 0.066000
0 0.017333 0.368000 0.034667 0.092000
0 0.026667 0.367000 0.048000 0.090000
0 0.060000 0.368000 0.040000 0.076000
0 0.082667 0.363000 0.037333 0.074000
0 0.108000 0.367000 0.034667 0.070000
0 0.138667 0.364000 0.037333 0.072000
0 0.176000 0.363000 0.037333 0.070000
0 1.289333 0.371000 0.029333 0.058000
0 1.073333 0.389000 0.082667 0.090000
0 0.320000 0.360000 0.240000 0.088000
0 0.917333 0.367000 0.197333 0.050000
