0 0.171809 0.500799 0.132979 0.490415
0 0.622340 0.373802 0.053191 0.198083
0 0.656915 0.318690 0.035106 0.132588
0 0.679255 0.318690 0.032979 0.123003
0 0.023936 0.398562 0.039362 0.087859
0 0.036702 0.374601 0.028723 0.065495
0 0.084043 0.383387 0.038298 0.067093
0 0.065957 0.369010 0.036170 0.060703
0 0.237234 0.395367 0.048936 0.062300
0 0.235106 0.362620 0.029787 0.057508
0 0.273936 0.710863 0.230851 0.568690
0 0.326596 0.431310 0.070213 0.118211
0 0.412766 0.545527 0.078723 0.349840
0 0.615957 0.705272 0.121277 0.579872
0 0.703723 0.581470 0.073404 0.421725
0 0.818085 0.599042 0.114894 0.453674
0 0.730851 0.410543 0.059574 0.127796
0 0.904787 0.432109 0.079787 0.123003
0 0.974468 0.432109 0.046809 0.107029
0 0.285638 0.350639 0.154255 0.078275
0 0.511170 0.350639 0.152128 0.119808
0 0.832447 0.343450 0.311702 0.099042
