0 0.155096 0.383300 0.106352 0.356137
0 0.242984 0.356137 0.090103 0.297787
0 0.311669 0.314889 0.059084 0.199195
0 0.109306 0.262575 0.038405 0.134809
0 0.290251 0.264588 0.033973 0.118712
0 0.376662 0.272636 0.038405 0.134809
0 0.395864 0.298793 0.047267 0.162978
0 0.509601 0.266600 0.044313 0.146881
0 0.549483 0.266600 0.053176 0.175050
0 0.636632 0.228370 0.023634 0.082495
0 0.649188 0.225352 0.019202 0.068410
0 0.084934 1.027163 0.090103 0.303823
0 0.127031 1.013078 0.091581 0.311871
0 0.183161 1.022133 0.091581 0.305835
0 0.234121 0.995976 0.101920 0.342052
0 0.332349 0.944668 0.132939 0.444668
0 0.344165 0.998994 0.106352 0.352113
0 0.395126 1.045272 0.113737 0.376258
0 0.420975 0.996982 0.088626 0.299799
0 0.476366 0.997988 0.098966 0.329980
0 0.506647 1.002012 0.094535 0.313883
0 0.563516 1.014085 0.081241 0.273642
0 0.589365 1.002012 0.085672 0.289738
0 0.641802 1.002012 0.090103 0.305835
0 0.677991 0.977867 0.094535 0.317907
0 0.040620 0.903421 0.060561 0.201207
0 0.061300 1.097586 0.051699 0.191147
0 0.155835 0.827968 0.220089 0.102616
0 0.558346 0.826962 0.280650 0.096579
