0 0.021429 0.836607 0.042857 0.158929
0 0.046429 0.814286 0.045238 0.167857
0 0.055357 0.917857 0.039286 0.146429
0 0.066667 0.905357 0.042857 0.160714
0 0.100595 0.901786 0.041667 0.153571
0 0.119048 0.912500 0.035714 0.132143
0 0.138095 0.889286 0.045238 0.167857
0 0.170238 0.874107 0.035714 0.133929
0 0.185714 0.885714 0.040476 0.153571
0 0.213095 0.870536 0.047619 0.176786
0 0.229762 0.880357 0.042857 0.160714
0 0.259524 0.891964 0.047619 0.173214
0 0.294048 0.891964 0.047619 0.176786
0 0.335119 0.933036 0.029762 0.112500
0 0.305357 0.945536 0.025000 0.094643
0 0.371429 0.935714 0.030952 0.117857
0 0.391071 0.888393 0.046429 0.169643
0 0.416071 0.894643 0.041667 0.153571
0 0.363095 0.803571 0.033333 0.121429
0 0.429167 0.812500 0.032143 0.117857
0 0.616071 0.762500 0.029762 0.114286
0 0.632738 0.758036 0.029762 0.108929
0 0.575000 0.738393 0.023810 0.091071
0 0.707738 0.775893 0.032143 0.123214
0 0.735119 0.758036 0.032143 0.123214
0 0.775000 0.757143 0.028571 0.107143
0 0.798214 0.750893 0.025000 0.094643
0 0.846429 0.751786 0.028571 0.110714
0 0.885714 0.783036 0.040476 0.151786
0 0.908929 0.775893 0.041667 0.158929
0 0.948810 0.791964 0.030952 0.116071
0 0.979167 0.766964 0.034524 0.130357
0 0.958333 0.760714 0.028571 0.107143
0 0.935119 0.738393 0.041667 0.158929
0 0.906548 0.891964 0.027381 0.105357
0 0.789881 0.929464 0.034524 0.130357
0 0.742262 0.934821 0.032143 0.119643
0 0.688095 0.927679 0.030952 0.119643
0 0.712500 0.943750 0.025000 0.098214
0 0.775000 0.869643 0.040476 0.146429
0 0.735714 0.850893 0.035714 0.130357
0 0.937500 0.926786 0.034524 0.132143
0 0.954167 0.941964 0.029762 0.112500
0 0.195833 0.783929 0.032143 0.100000
0 0.226786 0.780357 0.039286 0.085714
0 0.162500 0.800893 0.051190 0.066071
0 0.107738 0.807143 0.034524 0.089286
0 0.173214 0.925893 0.060714 0.116071
0 0.255357 0.918750 0.036905 0.108929
0 0.300000 0.800000 0.047619 0.089286
0 0.329762 0.777679 0.038095 0.058929
0 0.339286 0.816964 0.042857 0.073214
0 0.326786 0.866071 0.027381 0.057143
0 0.352976 0.867857 0.039286 0.057143
0 0.423214 0.966964 0.051190 0.066071
0 0.421429 0.931250 0.035714 0.066071
0 0.452381 0.954464 0.033333 0.080357
0 0.446429 0.891964 0.021429 0.055357
0 0.389881 0.780357 0.034524 0.046429
0 0.379762 0.811607 0.023810 0.051786
0 0.383333 0.726786 0.016667 0.071429
0 0.402381 0.762500 0.016667 0.075000
0 0.410119 0.722321 0.022619 0.044643
0 0.420238 0.745536 0.023810 0.037500
0 0.486905 0.703571 0.019048 0.050000
0 0.477381 0.716071 0.026190 0.064286
0 0.455357 0.731250 0.034524 0.069643
0 0.455952 0.813393 0.023810 0.076786
0 0.474405 0.891964 0.025000 0.058929
0 0.510714 0.812500 0.026190 0.067857
0 0.530357 0.698214 0.022619 0.050000
0 0.537500 0.715179 0.025000 0.066071
0 0.573810 0.666964 0.021429 0.041071
0 0.538095 0.660714 0.026190 0.078571
0 0.619048 0.667857 0.021429 0.050000
0 0.538690 0.948214 0.039286 0.071429
0 0.597619 0.942857 0.038095 0.092857
0 0.629762 0.960714 0.021429 0.060714
0 0.653571 0.955357 0.026190 0.075000
0 0.655357 0.908929 0.020238 0.032143
0 0.623214 0.900893 0.022619 0.062500
0 0.601190 0.841071 0.035714 0.064286
0 0.555952 0.831250 0.030952 0.073214
0 0.535714 0.777679 0.026190 0.073214
0 0.576786 0.773214 0.022619 0.060714
0 0.597619 0.786607 0.035714 0.069643
0 0.620238 0.794643 0.016667 0.042857
0 0.642857 0.880357 0.016667 0.057143
0 0.669048 0.874107 0.014286 0.069643
0 0.677381 0.821429 0.023810 0.042857
0 0.660714 0.785714 0.028571 0.075000
0 0.683929 0.799107 0.027381 0.076786
0 0.666071 0.698214 0.029762 0.067857
0 0.833333 0.907143 0.033333 0.092857
0 0.850000 0.893750 0.019048 0.048214
0 0.870238 0.956250 0.045238 0.069643
0 0.869048 0.900000 0.026190 0.046429
0 0.804167 0.811607 0.044048 0.080357
0 0.826786 0.804464 0.020238 0.055357
0 0.834524 0.821429 0.014286 0.053571
0 0.855952 0.858929 0.040476 0.071429
0 0.817857 0.352679 0.271429 0.505357
0 0.600595 0.428571 0.167857 0.439286
0 0.835714 0.655357 0.300000 0.092857
0 0.071429 0.493750 0.135714 0.119643
0 0.188095 0.383036 0.092857 0.105357
