0 0.057000 0.764062 0.114000 0.446875
0 0.097000 0.740625 0.126000 0.487500
0 0.138000 0.750000 0.120000 0.462500
0 0.175000 0.732812 0.122000 0.471875
0 0.241000 0.778125 0.102000 0.387500
0 0.230000 0.737500 0.112000 0.437500
0 0.294000 0.732812 0.124000 0.478125
0 0.327000 0.759375 0.122000 0.468750
0 0.374000 0.732812 0.124000 0.484375
0 0.434000 0.753125 0.124000 0.475000
0 0.449000 0.709375 0.130000 0.493750
0 0.518000 0.757812 0.116000 0.453125
0 0.568000 0.729688 0.132000 0.509375
0 0.623000 0.754687 0.126000 0.478125
0 0.722000 0.739062 0.124000 0.478125
0 0.805000 0.732812 0.126000 0.484375
0 0.912000 0.751563 0.124000 0.471875
0 0.770000 0.548438 0.052000 0.078125
0 0.679000 0.548438 0.070000 0.134375
0 0.520000 0.535937 0.096000 0.128125
