0 0.016563 0.569561 0.033125 0.130719
0 0.067812 0.611111 0.064375 0.236228
0 0.151250 0.699346 0.118750 0.435107
0 0.171875 0.610644 0.066250 0.244631
0 0.236875 0.609244 0.067500 0.247432
0 0.269688 0.605509 0.074375 0.271709
0 0.355625 0.588235 0.051250 0.186741
0 0.473125 0.644258 0.106250 0.386555
0 0.554375 0.585434 0.046250 0.169935
0 0.524375 0.583100 0.045000 0.167134
0 0.430312 0.577031 0.043125 0.158730
0 0.415938 0.558357 0.034375 0.126984
0 0.295938 0.596639 0.051875 0.190476
0 0.316563 0.565359 0.031875 0.118581
0 0.207187 0.584500 0.028125 0.104575
0 0.378750 0.565359 0.032500 0.118581
0 0.595000 0.542951 0.016250 0.062558
0 0.743125 0.544818 0.025000 0.090570
0 0.765625 0.542951 0.025000 0.092437
0 0.780312 0.547152 0.025625 0.095238
0 0.862812 0.547152 0.031875 0.115780
0 0.889687 0.556956 0.035625 0.131653
0 0.924687 0.549953 0.033125 0.121382
0 0.941875 0.551354 0.033750 0.124183
0 0.991563 0.541083 0.016875 0.109244
0 0.044062 0.575630 0.016875 0.090570
0 0.086563 0.571895 0.010625 0.077498
0 0.183438 0.534080 0.016875 0.061625
0 0.201875 0.522876 0.011250 0.031746
0 0.215625 0.531746 0.017500 0.032680
0 0.219375 0.516807 0.011250 0.023343
0 0.255937 0.516807 0.013125 0.028945
0 0.335625 0.518674 0.012500 0.027077
0 0.401562 0.579832 0.019375 0.110177
0 0.513750 0.515406 0.015000 0.028011
0 0.519687 0.500934 0.013125 0.030812
0 0.535312 0.516807 0.015625 0.042017
0 0.619375 0.544351 0.017500 0.063492
0 0.635312 0.550420 0.023125 0.058824
0 0.647188 0.566293 0.025625 0.084967
0 0.667188 0.562092 0.021875 0.087768
0 0.672188 0.526144 0.011875 0.027077
0 0.688125 0.565826 0.013750 0.093371
0 0.715938 0.571429 0.036875 0.087768
0 0.736563 0.570028 0.018125 0.092437
0 0.718750 0.533613 0.008750 0.025210
0 0.792813 0.556022 0.025625 0.090570
0 0.806562 0.543417 0.013125 0.048553
0 0.830937 0.564426 0.024375 0.086835
0 0.822187 0.528945 0.009375 0.021475
0 0.852500 0.547152 0.018750 0.070962
0 0.968437 0.563959 0.016875 0.069094
0 0.984688 0.558824 0.014375 0.049486
0 0.973125 0.525210 0.011250 0.021475
0 0.991563 0.502334 0.011875 0.020542
0 0.910937 0.568161 0.021875 0.055089
0 0.689688 0.512138 0.043125 0.055089
0 0.495000 0.499533 0.030000 0.039216
0 0.861563 0.503735 0.040625 0.040149
