0 0.040971 0.461187 0.081942 0.305936
0 0.081942 0.511416 0.063733 0.232877
0 0.119120 0.441781 0.092564 0.340183
0 0.265554 0.521689 0.069803 0.262557
0 0.306525 0.431507 0.091047 0.333333
0 0.409712 0.433790 0.130501 0.484018
0 0.514416 0.447489 0.078907 0.292237
0 0.616844 0.430365 0.089530 0.326484
0 0.679059 0.486301 0.053111 0.200913
0 0.666161 0.455479 0.066768 0.253425
0 0.748862 0.480594 0.047041 0.171233
0 0.776176 0.490868 0.050076 0.182648
0 0.811077 0.414384 0.080425 0.299087
0 0.736722 0.413242 0.074355 0.278539
0 0.915781 0.425799 0.107739 0.394977
0 0.978756 0.520548 0.042489 0.228311
0 0.214719 0.495434 0.050076 0.182648
0 0.172231 0.500000 0.050076 0.187215
0 0.195751 0.444064 0.075873 0.276256
0 0.242033 0.438356 0.080425 0.296804
0 0.261760 0.236301 0.047041 0.175799
0 0.135812 0.279680 0.040971 0.148402
0 0.535660 0.432648 0.078907 0.294521
0 0.362671 0.433790 0.078907 0.296804
0 0.202580 0.205479 0.025797 0.095890
0 0.223824 0.163242 0.050076 0.189498
0 0.312595 0.244292 0.024279 0.095890
0 0.330804 0.251142 0.030349 0.114155
0 0.355842 0.212329 0.037936 0.136986
0 0.366464 0.178082 0.022762 0.091324
0 0.445372 0.221461 0.019727 0.077626
0 0.464340 0.247717 0.036419 0.134703
0 0.687405 0.221461 0.036419 0.132420
0 0.750379 0.219178 0.034901 0.127854
0 0.492413 0.187215 0.044006 0.164384
0 0.531866 0.210046 0.022762 0.082192
0 0.419575 0.101598 0.028832 0.107306
0 0.599393 0.103881 0.039454 0.143836
0 0.631259 0.163242 0.039454 0.143836
0 0.688923 0.087900 0.030349 0.116438
0 0.749621 0.101598 0.039454 0.148402
0 0.947648 0.094749 0.040971 0.152968
0 0.694234 0.340183 0.028832 0.109589
0 0.831563 0.415525 0.072838 0.273973
0 0.070561 0.326484 0.034901 0.063927
0 0.176024 0.320776 0.021244 0.061644
0 0.041730 0.281963 0.022762 0.052511
0 0.015933 0.270548 0.028832 0.047945
0 0.762519 0.267123 0.025797 0.054795
0 0.838392 0.221461 0.047041 0.095890
0 0.799697 0.142694 0.033384 0.084475
0 0.836115 0.152968 0.033384 0.068493
0 0.782246 0.130137 0.016692 0.082192
0 0.528073 0.157534 0.024279 0.031963
0 0.579666 0.229452 0.024279 0.070776
0 0.597876 0.221461 0.024279 0.073059
0 0.575114 0.212329 0.024279 0.105023
0 0.560698 0.124429 0.044006 0.116438
0 0.907436 0.197489 0.033384 0.047945
0 0.930956 0.192922 0.028832 0.066210
0 0.956753 0.214612 0.028832 0.063927
0 0.963581 0.270548 0.018209 0.047945
0 0.989378 0.302511 0.018209 0.034247
0 0.979514 0.186073 0.019727 0.057078
0 0.548558 0.261416 0.013657 0.052511
0 0.560698 0.286530 0.022762 0.075342
0 0.651745 0.289954 0.019727 0.063927
0 0.649469 0.232877 0.027314 0.036530
0 0.676024 0.260274 0.022762 0.041096
0 0.713202 0.302511 0.021244 0.038813
