0 0.029752 0.827103 0.059504 0.289720
0 0.051240 0.757009 0.056198 0.261682
0 0.117355 0.820872 0.066116 0.302181
0 0.152893 0.836449 0.061157 0.283489
0 0.182645 0.738318 0.047934 0.230530
0 0.208264 0.750779 0.052893 0.249221
0 0.246281 0.797508 0.056198 0.261682
0 0.269421 0.892523 0.042975 0.196262
0 0.362810 0.862928 0.051240 0.242991
0 0.330579 0.738318 0.046281 0.218069
0 0.284298 0.708723 0.046281 0.214953
0 0.473554 0.892523 0.044628 0.202492
0 0.462810 0.758567 0.046281 0.214953
0 0.523140 0.633956 0.041322 0.196262
0 0.500826 0.601246 0.033058 0.149533
0 0.420661 0.619938 0.031405 0.155763
0 0.451240 0.646417 0.036364 0.165109
0 0.387603 0.593458 0.031405 0.152648
0 0.339669 0.585670 0.024793 0.118380
0 0.310744 0.577882 0.023140 0.109034
0 0.128099 0.677570 0.038017 0.177570
0 0.074380 0.680685 0.036364 0.177570
0 0.556198 0.443925 0.018182 0.084112
0 0.673554 0.788162 0.054545 0.249221
0 0.633058 0.728972 0.056198 0.261682
0 0.714876 0.746106 0.054545 0.252336
0 0.758678 0.679128 0.049587 0.230530
0 0.824793 0.764798 0.046281 0.214953
0 0.955372 0.797508 0.062810 0.286604
0 0.785124 0.602804 0.036364 0.165109
0 0.732231 0.593458 0.026446 0.127726
0 0.693388 0.640187 0.028099 0.140187
0 0.685124 0.580997 0.021488 0.109034
0 0.583471 0.554517 0.026446 0.124611
0 0.888430 0.591900 0.028099 0.130841
0 0.861983 0.679128 0.034711 0.168224
0 0.840496 0.630841 0.021488 0.109034
0 0.902479 0.554517 0.023140 0.105919
0 0.364463 0.710280 0.051240 0.143302
0 0.780165 0.883178 0.089256 0.190031
0 0.828926 0.922118 0.107438 0.130841
0 0.909091 0.883178 0.042975 0.208723
0 0.933058 0.833333 0.028099 0.152648
0 0.898347 0.757009 0.054545 0.180685
0 0.928926 0.654206 0.029752 0.130841
0 0.974380 0.627726 0.021488 0.071651
0 0.961983 0.604361 0.023140 0.068536
0 0.983471 0.595016 0.026446 0.068536
0 0.938017 0.585670 0.024793 0.080997
0 0.990083 0.549844 0.016529 0.065421
0 0.957025 0.542056 0.019835 0.062305
0 0.155372 0.557632 0.290909 0.099688
0 0.379339 0.464174 0.335537 0.099688
0 0.707438 0.470405 0.294215 0.137072
