0 0.146667 0.471667 0.062222 0.113333
0 0.240000 0.465833 0.066667 0.125000
0 0.304444 0.462500 0.048889 0.091667
0 0.465556 0.500000 0.091111 0.170000
0 0.571111 0.487500 0.088889 0.165000
0 0.638889 0.520000 0.126667 0.236667
0 0.690000 0.495000 0.100000 0.186667
0 0.723333 0.500833 0.113333 0.211667
0 0.783333 0.493333 0.104444 0.193333
0 0.827778 0.504167 0.122222 0.225000
0 0.876667 0.495833 0.113333 0.208333
0 0.928889 0.511667 0.124444 0.230000
0 0.966667 0.505000 0.115556 0.216667
0 1.038889 0.511667 0.122222 0.230000
0 1.167778 0.469167 0.064444 0.121667
0 1.068889 0.506667 0.115556 0.213333
