0 0.088300 0.504412 0.048565 0.079412
0 0.151214 0.507353 0.046358 0.079412
0 0.246137 0.494118 0.041943 0.070588
0 0.330022 0.485294 0.037528 0.061765
0 0.417219 0.478676 0.039735 0.066176
0 0.547461 0.467647 0.030905 0.055882
0 0.629139 0.454412 0.030905 0.055882
0 0.706402 0.437500 0.039735 0.066176
0 0.764901 0.438235 0.028698 0.050000
0 0.810155 0.423529 0.035320 0.061765
0 0.857616 0.422794 0.033113 0.057353
0 0.910596 0.416176 0.028698 0.050000
0 0.945916 0.407353 0.033113 0.055882
0 1.006623 0.398529 0.026490 0.044118
0 1.047461 0.386765 0.033113 0.052941
0 1.097130 0.391912 0.026490 0.048529
0 1.082781 0.378676 0.028698 0.048529
0 1.115894 0.372794 0.028698 0.045588
0 1.142384 0.368382 0.028698 0.045588
0 1.175497 0.358824 0.019868 0.035294
0 1.197572 0.352206 0.024283 0.039706
0 1.217439 0.350000 0.019868 0.035294
0 1.240618 0.336765 0.017660 0.032353
0 1.254967 0.325000 0.019868 0.032353
0 1.349890 0.293382 0.019868 0.036765
0 1.324503 0.302206 0.017660 0.033824
0 1.291391 0.298529 0.022075 0.035294
0 0.187638 0.320588 0.375276 0.117647
0 0.802428 0.344853 0.836645 0.054412
0 0.759382 0.247059 0.719647 0.061765
0 0.791391 0.294853 0.814570 0.045588
0 1.211921 0.250000 0.203091 0.076471
0 0.853201 0.188971 0.456954 0.060294
0 1.215232 0.200000 0.231788 0.052941
0 1.398455 0.233088 0.178808 0.060294
0 0.921634 0.583088 1.154525 0.151471
0 0.352097 0.178676 0.342163 0.022059
0 0.243929 0.141176 0.280353 0.052941
0 0.473510 0.138235 0.267108 0.050000
0 0.700883 0.143382 0.200883 0.054412
0 0.902870 0.138971 0.207506 0.045588
0 1.087196 0.133824 0.178808 0.058824
0 1.217439 0.114706 0.108168 0.029412
0 0.048565 0.139706 0.088300 0.050000
