0 0.336830 0.507853 0.081585 0.153578
0 0.262238 0.498255 0.048951 0.089005
0 0.214452 0.499127 0.051282 0.094241
0 0.424242 0.484293 0.041958 0.082024
0 0.498834 0.500000 0.037296 0.071553
0 0.589744 0.507853 0.074592 0.139616
0 0.459207 0.493019 0.027972 0.054101
0 0.477855 0.492147 0.027972 0.052356
0 0.721445 0.510471 0.067599 0.127400
0 0.792541 0.506108 0.046620 0.083770
0 1.053613 0.504363 0.046620 0.090750
0 1.086247 0.501745 0.046620 0.089005
0 1.111888 0.508726 0.051282 0.099476
0 1.131702 0.509599 0.062937 0.118674
0 1.189977 0.506981 0.048951 0.089005
0 1.235431 0.502618 0.037296 0.073298
