0 0.307407 0.539444 0.048889 0.090000
0 0.324444 0.536111 0.041481 0.078889
0 0.746667 0.597778 0.091852 0.168889
0 0.674815 0.547222 0.057778 0.105556
0 0.618519 0.547778 0.048889 0.091111
0 0.583704 0.552778 0.053333 0.096667
0 0.562222 0.550000 0.048889 0.093333
0 0.788889 0.555000 0.048889 0.092222
0 0.827407 0.593889 0.096296 0.176667
0 0.883704 0.586111 0.099259 0.183333
0 0.940741 0.585000 0.080000 0.147778
0 0.961481 0.589444 0.082963 0.152222
0 1.031111 0.563333 0.068148 0.124444
0 1.128889 0.568333 0.068148 0.125556
0 1.157778 0.553889 0.051852 0.098889
0 1.216296 0.540556 0.035556 0.065556
0 0.017037 0.498889 0.028148 0.035556
0 0.151111 0.500556 0.020741 0.023333
0 0.238519 0.498889 0.014815 0.022222
0 0.224444 0.493889 0.019259 0.018889
0 0.302222 0.497778 0.020741 0.020000
0 0.351852 0.499444 0.016296 0.018889
0 0.364444 0.498333 0.011852 0.016667
0 0.477037 0.503333 0.023704 0.024444
0 0.454074 0.503333 0.022222 0.026667
0 0.860000 0.512222 0.034074 0.033333
0 1.051111 0.514444 0.022222 0.020000
0 0.421481 0.502778 0.022222 0.023333
