0 2.072034 0.263000 0.093220 0.162000
0 1.597458 0.258000 0.203390 0.236000
0 1.188559 0.264000 0.063559 0.080000
0 0.883475 0.264000 0.122881 0.148000
0 0.775424 0.259000 0.161017 0.186000
0 0.750000 0.265000 0.194915 0.230000
0 0.434322 0.258000 0.131356 0.152000
0 0.256356 0.261000 0.148305 0.170000
0 0.080508 0.255000 0.161017 0.202000
0 0.523305 0.252000 0.055085 0.064000
0 0.576271 0.252000 0.050847 0.064000
0 1.756356 0.258000 0.080508 0.072000
0 1.832627 0.262000 0.072034 0.068000
0 1.883475 0.260000 0.063559 0.064000
0 0.245763 0.249000 0.296610 0.082000
