0 0.016667 0.667031 0.033333 0.207424
0 0.057246 0.674672 0.053623 0.200873
0 0.269565 0.665939 0.034783 0.135371
0 0.312319 0.674672 0.056522 0.209607
0 0.368116 0.655022 0.040580 0.157205
0 0.503623 0.665939 0.039130 0.148472
0 0.567391 0.658297 0.027536 0.106987
0 0.594203 0.683406 0.046377 0.170306
0 0.744203 0.671397 0.024638 0.093886
0 0.777536 0.664847 0.036232 0.133188
0 0.883333 0.656114 0.024638 0.098253
0 0.979710 0.686681 0.023188 0.050218
0 0.950725 0.676856 0.028986 0.056769
0 0.877536 0.670306 0.030435 0.048035
0 0.860145 0.708515 0.027536 0.067686
0 0.834783 0.710699 0.031884 0.067686
0 0.752174 0.712882 0.031884 0.085153
0 0.778986 0.693231 0.027536 0.041485
0 0.718841 0.691048 0.026087 0.037118
0 0.700725 0.667031 0.018841 0.028384
0 0.655072 0.686681 0.020290 0.028384
0 0.667391 0.706332 0.018841 0.063319
0 0.531159 0.692140 0.024638 0.052402
0 0.519565 0.658297 0.018841 0.028384
0 0.547101 0.658297 0.013043 0.032751
0 0.168841 0.604803 0.036232 0.078603
0 0.330435 0.660480 0.266667 0.111354
