0 0.450000 0.585507 0.176000 0.631884
0 0.508000 0.456522 0.084000 0.304348
0 0.297000 0.518841 0.130000 0.463768
0 0.399000 0.440580 0.066000 0.231884
0 0.339000 0.424638 0.054000 0.194203
0 0.232000 0.476812 0.100000 0.356522
0 0.177000 0.446377 0.074000 0.260870
0 0.140000 0.437681 0.064000 0.231884
0 0.113000 0.424638 0.050000 0.176812
0 0.089000 0.408696 0.046000 0.162319
0 0.565000 0.389855 0.042000 0.147826
0 0.595000 0.417391 0.062000 0.226087
0 0.636000 0.481159 0.104000 0.376812
0 0.676000 0.388406 0.040000 0.139130
0 0.706000 0.373913 0.032000 0.115942
0 0.732000 0.436232 0.084000 0.304348
0 0.766000 0.408696 0.056000 0.208696
0 0.795000 0.375362 0.038000 0.142029
0 0.840000 0.524638 0.140000 0.498551
0 0.885000 0.450725 0.090000 0.321739
0 0.975000 0.369565 0.030000 0.107246
0 0.041000 0.379710 0.082000 0.162319
