0 0.039000 0.441333 0.070000 0.237333
0 0.168000 0.454667 0.088000 0.285333
0 0.221000 0.428000 0.070000 0.237333
0 0.318000 0.464000 0.104000 0.336000
0 0.368000 0.422667 0.064000 0.216000
0 0.489000 0.449333 0.094000 0.306667
0 0.654000 0.437333 0.084000 0.277333
0 0.798000 0.490667 0.120000 0.389333
0 0.516000 0.316000 0.024000 0.045333
0 0.586000 0.332000 0.036000 0.056000
0 0.612000 0.324000 0.028000 0.045333
0 0.935000 0.342667 0.042000 0.114667
0 0.876000 0.333333 0.040000 0.058667
0 0.856000 0.306667 0.024000 0.048000
0 0.761000 0.321333 0.026000 0.040000
0 0.745000 0.332000 0.026000 0.040000
0 0.729000 0.317333 0.022000 0.037333
0 0.708000 0.321333 0.028000 0.040000
0 0.687000 0.324000 0.026000 0.050667
0 0.987000 0.353333 0.026000 0.098667
