0 0.055000 0.762868 0.058000 0.268382
0 0.107000 0.672794 0.050000 0.235294
0 0.144000 0.625000 0.044000 0.205882
0 0.178000 0.568015 0.040000 0.187500
0 0.207000 0.534926 0.038000 0.172794
0 0.231000 0.503676 0.034000 0.161765
0 0.288000 0.599265 0.048000 0.220588
0 0.386000 0.593750 0.044000 0.202206
0 0.428000 0.680147 0.048000 0.227941
0 0.458000 0.525735 0.036000 0.161765
0 0.572000 0.529412 0.040000 0.176471
0 0.591000 0.667279 0.050000 0.231618
0 0.671000 0.593750 0.042000 0.187500
0 0.763000 0.602941 0.042000 0.191176
0 0.780000 0.494485 0.032000 0.150735
0 0.795000 0.536765 0.034000 0.161765
0 0.820000 0.571691 0.040000 0.187500
0 0.852000 0.619485 0.044000 0.209559
0 0.896000 0.694853 0.048000 0.213235
0 0.962000 0.764706 0.056000 0.250000
0 0.208000 0.358456 0.040000 0.099265
0 0.925000 0.365809 0.134000 0.106618
