0 0.886667 0.438830 0.026667 0.106383
0 0.795833 0.452128 0.031667 0.132979
0 0.697500 0.482713 0.031667 0.130319
0 0.948333 0.804521 0.090000 0.353723
0 0.687500 0.747340 0.091667 0.361702
0 0.615833 0.635638 0.051667 0.202128
0 0.559167 0.625000 0.051667 0.202128
0 0.526667 0.643617 0.063333 0.250000
0 0.501667 0.614362 0.050000 0.196809
0 0.465833 0.658245 0.051667 0.199468
0 0.432500 0.695479 0.058333 0.236702
0 0.378333 0.652926 0.050000 0.199468
0 0.400833 0.623670 0.048333 0.194149
0 0.360833 0.646277 0.051667 0.207447
0 0.340833 0.636968 0.048333 0.194149
0 0.312500 0.622340 0.048333 0.196809
0 0.281667 0.618351 0.050000 0.194149
0 0.263333 0.662234 0.053333 0.212766
0 0.241667 0.640957 0.046667 0.191489
0 0.228333 0.632979 0.046667 0.191489
0 0.199167 0.627660 0.051667 0.202128
0 0.172500 0.680851 0.058333 0.234043
0 0.157500 0.652926 0.058333 0.231383
0 0.136667 0.650266 0.050000 0.204787
0 0.118333 0.634309 0.056667 0.226064
0 0.106667 0.628989 0.056667 0.220745
0 0.090000 0.675532 0.060000 0.234043
0 0.072500 0.667553 0.055000 0.218085
0 0.055833 0.663564 0.051667 0.210106
0 0.029167 0.644947 0.058333 0.231383
0 0.029167 0.851064 0.058333 0.271277
0 0.081667 0.519947 0.036667 0.061170
0 0.160000 0.503989 0.023333 0.029255
0 0.182500 0.526596 0.018333 0.042553
0 0.255833 0.514628 0.021667 0.045213
0 0.350833 0.511968 0.025000 0.039894
0 0.426667 0.538564 0.023333 0.050532
0 0.439167 0.514628 0.018333 0.039894
0 0.457500 0.518617 0.021667 0.037234
0 0.450000 0.554521 0.020000 0.055851
0 0.972500 0.394947 0.025000 0.066489
0 0.499167 0.212766 0.988333 0.361702
