0 0.361250 0.481667 0.137500 0.226667
0 0.137500 0.541667 0.185000 0.300000
0 0.091250 0.519167 0.177500 0.291667
0 0.473750 0.628333 0.367500 0.603333
0 0.776250 0.585000 0.222500 0.363333
0 0.937500 0.590833 0.125000 0.295000
0 0.580000 0.436667 0.070000 0.116667
0 0.888750 0.452500 0.077500 0.131667
0 0.972500 0.195833 0.055000 0.151667
0 0.928750 0.198333 0.092500 0.156667
0 0.860000 0.200833 0.095000 0.155000
0 0.793750 0.203333 0.097500 0.160000
0 0.662500 0.204167 0.090000 0.151667
0 0.586250 0.205000 0.092500 0.156667
0 0.486250 0.210000 0.087500 0.143333
0 0.411250 0.217500 0.082500 0.135000
0 0.340000 0.218333 0.085000 0.143333
0 0.268750 0.228333 0.077500 0.126667
0 0.163750 0.219167 0.087500 0.148333
0 0.081250 0.233333 0.077500 0.130000
0 0.275000 0.532500 0.085000 0.051667
0 0.268750 0.415000 0.047500 0.036667
0 0.812500 0.415000 0.065000 0.060000
0 0.045000 0.144167 0.045000 0.031667
0 0.097500 0.144167 0.035000 0.038333
0 0.210000 0.120833 0.050000 0.031667
0 0.246250 0.112500 0.037500 0.028333
0 0.252500 0.144167 0.045000 0.035000
0 0.286250 0.125000 0.052500 0.036667
0 0.328750 0.129167 0.042500 0.025000
0 0.677500 0.118333 0.060000 0.033333
0 0.210000 0.180000 0.055000 0.036667
0 0.097500 0.177500 0.040000 0.031667
