0 0.060204 0.865123 0.075510 0.253406
0 0.107143 0.758856 0.091837 0.307902
0 0.139796 0.659401 0.075510 0.256131
0 0.202041 0.794278 0.106122 0.351499
0 0.309184 0.831063 0.091837 0.305177
0 0.368367 0.811989 0.100000 0.332425
0 0.474490 0.866485 0.075510 0.245232
0 0.455102 0.579019 0.073469 0.247956
0 0.487755 0.411444 0.073469 0.239782
0 0.541837 0.378747 0.067347 0.223433
0 0.578571 0.271117 0.059184 0.198910
0 0.610204 0.246594 0.061224 0.209809
0 0.015306 0.532698 0.030612 0.079019
0 0.108163 0.538147 0.036735 0.089918
0 0.082653 0.547684 0.042857 0.059946
0 0.429592 0.292916 0.067347 0.155313
0 0.813265 0.213896 0.059184 0.128065
0 0.502041 0.174387 0.979592 0.332425
