0 0.057500 0.783835 0.095000 0.357143
0 0.127500 0.781955 0.095000 0.345865
0 0.026250 0.678571 0.052500 0.206767
0 0.187500 0.716165 0.055000 0.214286
0 0.217500 0.733083 0.060000 0.233083
0 0.246250 0.759398 0.052500 0.195489
0 0.276250 0.663534 0.032500 0.116541
0 0.295000 0.712406 0.030000 0.124060
0 0.330000 0.676692 0.035000 0.142857
0 0.357500 0.704887 0.025000 0.093985
0 0.408750 0.699248 0.027500 0.112782
0 0.438750 0.689850 0.037500 0.139098
0 0.461250 0.665414 0.027500 0.112782
0 0.503750 0.725564 0.057500 0.210526
0 0.553750 0.736842 0.067500 0.248120
0 0.588750 0.654135 0.017500 0.075188
0 0.630000 0.646617 0.020000 0.075188
0 0.633750 0.798872 0.052500 0.191729
0 0.698750 0.751880 0.082500 0.300752
0 0.733750 0.663534 0.027500 0.109023
0 0.760000 0.686090 0.015000 0.056391
0 0.773750 0.656015 0.022500 0.078947
0 0.810000 0.678571 0.035000 0.139098
0 0.823750 0.697368 0.037500 0.146617
0 0.896250 0.667293 0.032500 0.116541
0 0.916250 0.650376 0.027500 0.097744
0 0.965000 0.631579 0.020000 0.082707
0 0.987500 0.635338 0.020000 0.082707
0 0.591250 0.637218 0.737500 0.131579
