0 1.249269 0.327148 0.305556 0.498047
0 1.035819 0.395508 0.326023 0.531250
0 0.895468 0.345215 0.296784 0.485352
0 0.702485 0.286133 0.229532 0.375000
0 0.535819 0.297363 0.191520 0.315430
0 0.461988 0.299316 0.195906 0.321289
0 0.338450 0.281738 0.179825 0.293945
0 0.180556 0.268555 0.147661 0.242188
0 0.267544 0.250488 0.131579 0.217773
0 0.410088 0.330078 0.100877 0.164062
0 0.619152 0.270508 0.162281 0.267578
0 1.301170 0.267090 0.137427 0.227539
0 0.400585 0.165527 0.046784 0.038086
0 0.416667 0.152344 0.032164 0.029297
0 0.516082 0.136230 0.046784 0.038086
0 0.584064 0.144531 0.042398 0.039062
0 0.790936 0.128418 0.058480 0.034180
0 0.812135 0.155273 0.062865 0.041016
0 0.934211 0.122070 0.040936 0.042969
0 1.008772 0.109375 0.070175 0.048828
