0 0.043243 0.296316 0.086486 0.175789
0 0.192793 0.272632 0.133333 0.189474
0 0.226126 0.234737 0.102703 0.147368
0 0.414414 0.373684 0.198198 0.284211
0 0.172072 0.385263 0.236036 0.336842
0 0.606306 0.363684 0.228829 0.325263
0 0.477477 0.206316 0.079279 0.115789
0 0.505405 0.210526 0.077477 0.113684
0 0.659459 0.347368 0.158559 0.229474
0 0.842342 0.337368 0.203604 0.291579
0 0.901802 0.182105 0.066667 0.094737
0 1.018919 0.344737 0.214414 0.308421
0 1.274775 0.351053 0.200000 0.287368
0 1.488288 0.356842 0.230631 0.328421
0 0.693694 0.055789 0.028829 0.044211
0 0.710811 0.059474 0.027027 0.041053
0 0.245946 0.120526 0.023423 0.034737
0 0.290090 0.117368 0.018018 0.028421
0 0.868468 0.111579 0.018018 0.029474
0 0.084685 0.195789 0.075676 0.035789
0 0.176577 0.153158 0.039640 0.026316
0 0.377477 0.157368 0.073874 0.030526
0 0.379279 0.189474 0.063063 0.033684
0 0.668468 0.190526 0.090090 0.075789
0 0.912613 0.044737 0.048649 0.032632
0 1.163964 0.022632 0.057658 0.041053
0 1.424324 0.031579 0.041441 0.058947
