0 0.114000 0.817187 0.080000 0.309375
0 0.212000 0.762500 0.056000 0.225000
0 0.258000 0.725000 0.048000 0.181250
0 0.096000 0.726562 0.052000 0.203125
0 0.332000 0.798438 0.080000 0.309375
0 0.384000 0.745313 0.060000 0.228125
0 0.505000 0.695312 0.034000 0.140625
0 0.550000 0.753125 0.060000 0.231250
0 0.595000 0.781250 0.074000 0.287500
0 0.705000 0.698438 0.038000 0.146875
0 0.766000 0.734375 0.060000 0.237500
0 0.841000 0.743750 0.066000 0.256250
0 0.950000 0.704688 0.044000 0.171875
0 0.866000 0.681250 0.032000 0.125000
0 0.076000 0.704688 0.044000 0.165625
0 0.270000 0.707812 0.044000 0.171875
0 0.407000 0.718750 0.050000 0.200000
0 0.953000 0.681250 0.030000 0.125000
0 0.409000 0.637500 0.018000 0.062500
0 0.610000 0.653125 0.060000 0.118750
0 0.130000 0.951562 0.160000 0.084375
0 0.229000 0.879687 0.086000 0.053125
0 0.345000 0.945312 0.146000 0.059375
0 0.568000 0.937500 0.096000 0.056250
