0 0.267000 0.632787 0.066000 0.262295
0 0.188000 0.626230 0.076000 0.308197
0 0.129000 0.629508 0.078000 0.314754
0 0.065000 0.649180 0.078000 0.314754
0 0.317000 0.613115 0.066000 0.268852
0 0.381000 0.618033 0.062000 0.259016
0 0.448000 0.618033 0.068000 0.278689
0 0.515000 0.606557 0.070000 0.281967
0 0.579000 0.606557 0.070000 0.281967
0 0.635000 0.608197 0.070000 0.291803
0 0.693000 0.621311 0.070000 0.278689
0 0.740000 0.611475 0.076000 0.311475
0 0.794000 0.624590 0.068000 0.272131
0 0.862000 0.619672 0.076000 0.301639
0 0.927000 0.640984 0.074000 0.304918
