0 0.944549 0.076875 0.035714 0.061250
0 0.913534 0.078125 0.033835 0.058750
0 0.881579 0.081250 0.030075 0.052500
0 1.033835 0.197500 0.037594 0.060000
0 1.079887 0.196875 0.035714 0.058750
0 1.435150 0.201875 0.039474 0.063750
0 1.483083 0.196875 0.030075 0.051250
0 0.421053 0.240625 0.026316 0.043750
0 0.451128 0.237500 0.026316 0.042500
0 0.465226 0.243125 0.020677 0.033750
0 0.473684 0.236875 0.026316 0.043750
0 0.488722 0.237500 0.026316 0.045000
0 0.666353 0.091250 0.028195 0.050000
0 0.651316 0.095000 0.024436 0.042500
0 0.075188 0.155625 0.022556 0.041250
0 0.057331 0.156875 0.020677 0.033750
0 0.197368 0.266875 0.026316 0.046250
0 0.313910 0.354375 0.026316 0.043750
0 0.344925 0.349375 0.031955 0.051250
0 0.369361 0.354375 0.028195 0.048750
0 0.365602 0.418125 0.031955 0.056250
0 0.382519 0.418750 0.031955 0.052500
0 0.337406 0.421875 0.035714 0.058750
0 0.320489 0.407500 0.013158 0.025000
0 0.298872 0.424375 0.026316 0.046250
0 0.251880 0.421250 0.026316 0.047500
0 0.277256 0.423125 0.031955 0.051250
0 0.296053 0.405625 0.031955 0.053750
0 0.209586 0.429375 0.020677 0.033750
0 0.192669 0.420625 0.028195 0.046250
0 0.172932 0.420625 0.033835 0.053750
0 0.469925 0.419375 0.033835 0.053750
0 0.503759 0.416875 0.026316 0.046250
0 0.521617 0.412500 0.028195 0.047500
0 0.552632 0.408125 0.026316 0.046250
0 0.640038 0.413125 0.024436 0.043750
0 0.651316 0.414375 0.028195 0.046250
0 0.671992 0.414375 0.028195 0.048750
0 0.710526 0.407500 0.026316 0.047500
0 0.602444 0.352500 0.035714 0.060000
0 0.413534 0.350625 0.033835 0.053750
0 0.777256 0.349375 0.031955 0.056250
0 0.804511 0.349375 0.033835 0.058750
0 0.880639 0.345000 0.039474 0.065000
0 0.906955 0.340000 0.031955 0.055000
0 0.920113 0.346250 0.035714 0.060000
0 0.965226 0.345000 0.035714 0.057500
0 0.954887 0.344375 0.030075 0.048750
0 1.167293 0.341875 0.045113 0.073750
0 1.186090 0.345000 0.037594 0.062500
0 1.148496 0.346250 0.037594 0.065000
0 1.113722 0.343750 0.031955 0.055000
0 1.086466 0.346250 0.037594 0.062500
0 1.071429 0.343125 0.037594 0.063750
0 1.062030 0.330625 0.015038 0.023750
0 1.041353 0.347500 0.033835 0.055000
0 1.228383 0.340625 0.039474 0.068750
0 1.260338 0.344375 0.039474 0.063750
0 1.282895 0.340000 0.043233 0.070000
0 1.367481 0.332500 0.028195 0.047500
0 1.451128 0.333125 0.033835 0.056250
0 1.428571 0.323125 0.026316 0.046250
0 1.461466 0.335625 0.035714 0.061250
0 1.489662 0.333125 0.028195 0.066250
0 1.483083 0.330625 0.037594 0.063750
0 1.488722 0.422500 0.030075 0.072500
0 1.478383 0.423125 0.043233 0.073750
0 1.428571 0.424375 0.041353 0.068750
0 1.375940 0.443750 0.037594 0.065000
0 1.311090 0.421875 0.039474 0.066250
0 1.275376 0.418750 0.035714 0.057500
0 1.144737 0.421875 0.037594 0.063750
0 1.119361 0.423125 0.039474 0.063750
0 1.078008 0.420625 0.031955 0.053750
0 1.007519 0.420000 0.037594 0.065000
0 0.953947 0.413125 0.031955 0.053750
0 0.924812 0.420625 0.037594 0.061250
0 0.904135 0.419375 0.033835 0.056250
0 0.826128 0.412500 0.031955 0.052500
0 0.850564 0.413750 0.020677 0.037500
0 0.639098 0.098750 0.018797 0.035000
0 0.604323 0.099375 0.020677 0.033750
0 1.371241 0.090000 0.035714 0.060000
0 1.498120 0.202500 0.007519 0.047500
0 1.437030 0.366250 0.028195 0.035000
0 1.407895 0.358125 0.026316 0.041250
0 1.381579 0.359375 0.026316 0.038750
0 1.369361 0.370000 0.020677 0.030000
0 1.344925 0.363750 0.024436 0.030000
0 1.320489 0.361250 0.031955 0.035000
0 1.310150 0.368750 0.026316 0.027500
0 1.389098 0.320625 0.041353 0.038750
0 1.233083 0.442500 0.052632 0.067500
0 1.140038 0.477500 0.058271 0.072500
0 1.125940 0.352500 0.030075 0.050000
0 1.015038 0.179375 0.018797 0.026250
0 1.011278 0.075000 0.045113 0.042500
0 1.030075 0.365000 0.026316 0.027500
0 1.020677 0.376250 0.033835 0.035000
0 0.981203 0.359375 0.037594 0.038750
0 0.859962 0.367500 0.020677 0.025000
0 0.875000 0.365000 0.028195 0.037500
0 0.836466 0.359375 0.033835 0.028750
0 0.832707 0.337500 0.030075 0.027500
0 0.825188 0.321250 0.022556 0.027500
0 0.756579 0.323750 0.031955 0.032500
0 0.855263 0.328750 0.022556 0.027500
0 0.987782 0.399375 0.024436 0.033750
0 0.978383 0.441875 0.050752 0.053750
0 0.922932 0.487500 0.090226 0.060000
0 0.884398 0.487500 0.088346 0.060000
0 0.811090 0.483750 0.084586 0.050000
0 0.745301 0.490000 0.080827 0.050000
0 0.678571 0.488750 0.071429 0.052500
0 0.641917 0.482500 0.073308 0.070000
0 0.578947 0.493750 0.078947 0.047500
0 0.501880 0.487500 0.082707 0.045000
0 0.488722 0.481250 0.071429 0.035000
0 0.439850 0.487500 0.063910 0.052500
0 0.407895 0.488125 0.045113 0.051250
0 0.379699 0.489375 0.056391 0.048750
0 0.345865 0.480625 0.082707 0.068750
0 0.332707 0.435625 0.060150 0.053750
0 0.246241 0.478125 0.071429 0.048750
0 0.212406 0.466250 0.086466 0.062500
0 0.432331 0.443125 0.045113 0.026250
0 0.413534 0.443125 0.045113 0.031250
0 0.486842 0.448750 0.045113 0.035000
0 0.521617 0.447500 0.028195 0.030000
0 0.540414 0.446875 0.031955 0.033750
0 0.546992 0.447500 0.037594 0.037500
0 0.566729 0.436250 0.020677 0.027500
0 0.573308 0.446250 0.030075 0.030000
0 0.595865 0.446875 0.037594 0.031250
0 0.600564 0.429375 0.028195 0.028750
0 0.566729 0.410625 0.028195 0.041250
0 0.616541 0.425625 0.015038 0.021250
0 0.643797 0.445000 0.039474 0.025000
0 0.622180 0.448750 0.033835 0.032500
0 0.708647 0.448125 0.037594 0.033750
0 0.743421 0.448125 0.035714 0.038750
0 0.759398 0.450000 0.037594 0.035000
0 0.789474 0.443125 0.041353 0.038750
0 0.837406 0.445625 0.043233 0.033750
0 0.881579 0.443125 0.048872 0.033750
0 0.878759 0.426250 0.035714 0.035000
0 1.039474 0.435625 0.052632 0.038750
0 0.706767 0.218125 0.026316 0.033750
0 0.733083 0.211875 0.033835 0.038750
0 0.751880 0.212500 0.022556 0.065000
0 0.626880 0.085625 0.028195 0.028750
0 0.254699 0.268750 0.028195 0.042500
0 0.300752 0.263750 0.030075 0.060000
0 0.406015 0.221250 0.026316 0.027500
0 0.520677 0.222500 0.033835 0.030000
0 0.083647 0.362500 0.024436 0.022500
0 0.072368 0.361875 0.024436 0.023750
0 0.104323 0.357500 0.024436 0.025000
0 0.168233 0.353750 0.016917 0.022500
0 0.140977 0.355000 0.011278 0.015000
0 0.126880 0.354375 0.016917 0.016250
0 0.191729 0.356875 0.026316 0.023750
0 0.221805 0.356875 0.026316 0.031250
0 0.242481 0.352500 0.026316 0.027500
0 0.267857 0.358125 0.016917 0.023750
0 0.250000 0.340625 0.018797 0.018750
0 0.232143 0.336250 0.016917 0.017500
0 0.216165 0.335000 0.022556 0.022500
0 0.286654 0.360000 0.020677 0.027500
0 0.270677 0.336250 0.026316 0.020000
0 0.441729 0.346875 0.026316 0.023750
0 0.468045 0.355000 0.018797 0.030000
0 0.460526 0.336250 0.022556 0.025000
0 0.545113 0.340625 0.033835 0.041250
0 0.644737 0.350000 0.033835 0.027500
0 0.723684 0.351875 0.037594 0.028750
0 0.744361 0.408750 0.030075 0.037500
0 0.420113 0.424375 0.043233 0.023750
0 0.331767 0.337500 0.020677 0.020000
0 0.931391 0.364375 0.035714 0.033750
0 1.481203 0.257500 0.041353 0.050000
0 1.429511 0.543750 0.035714 0.140000
0 1.381579 0.549375 0.033835 0.158750
0 1.319549 0.547500 0.041353 0.147500
0 1.283835 0.550625 0.026316 0.118750
0 1.250000 0.563750 0.033835 0.100000
0 1.486842 0.560000 0.026316 0.160000
0 0.156015 0.355000 0.296992 0.055000
