0 0.235000 0.409091 0.095000 0.167273
0 0.293750 0.411818 0.112500 0.198182
0 0.368750 0.426364 0.127500 0.230909
0 0.446250 0.399091 0.077500 0.140000
0 0.496250 0.444545 0.152500 0.270909
0 0.530000 0.405455 0.090000 0.163636
0 0.591250 0.394545 0.072500 0.134545
0 0.632500 0.414545 0.100000 0.181818
0 0.671250 0.400000 0.077500 0.141818
0 0.726250 0.456364 0.182500 0.323636
0 0.770000 0.404545 0.090000 0.161818
0 0.815000 0.394545 0.065000 0.116364
0 0.795000 0.385455 0.060000 0.109091
0 0.878750 0.410000 0.107500 0.190909
0 0.951250 0.500000 0.237500 0.421818
0 1.128750 0.451818 0.177500 0.314545
0 1.038750 0.418182 0.117500 0.207273
0 1.251250 0.394545 0.087500 0.160000
0 1.301250 0.434545 0.147500 0.265455
0 1.342500 0.413636 0.065000 0.205455
0 1.217500 0.387273 0.060000 0.109091
0 0.908750 0.555455 0.067500 0.074545
0 1.003750 0.335455 0.047500 0.052727
0 0.980000 0.331818 0.040000 0.030909
0 1.155000 0.329091 0.030000 0.047273
0 1.285000 0.335455 0.025000 0.027273
0 1.358750 0.336364 0.027500 0.036364
0 1.248750 0.340909 0.012500 0.023636
0 0.362500 0.271818 0.035000 0.038182
0 0.015000 0.305455 0.015000 0.021818
0 0.045000 0.295455 0.025000 0.023636
0 0.073750 0.300909 0.032500 0.030909
0 0.113750 0.299091 0.032500 0.023636
0 0.168750 0.309091 0.027500 0.036364
0 0.201250 0.307273 0.022500 0.025455
0 0.206250 0.300000 0.022500 0.021818
0 0.213750 0.290909 0.027500 0.018182
0 0.247500 0.304545 0.040000 0.027273
0 0.298750 0.306364 0.032500 0.030909
0 0.330000 0.302727 0.025000 0.027273
0 0.343750 0.306364 0.027500 0.023636
0 0.345000 0.296364 0.015000 0.021818
0 0.362500 0.301818 0.015000 0.018182
0 0.380000 0.311818 0.020000 0.020000
0 0.397500 0.306364 0.020000 0.020000
0 0.408750 0.304545 0.012500 0.020000
0 0.426250 0.304545 0.022500 0.020000
0 0.452500 0.308182 0.025000 0.023636
0 0.455000 0.299091 0.025000 0.020000
0 0.492500 0.300909 0.015000 0.020000
0 0.508750 0.308182 0.012500 0.023636
0 0.517500 0.309091 0.020000 0.018182
0 0.522500 0.300909 0.010000 0.023636
0 0.542500 0.310909 0.020000 0.021818
0 0.542500 0.300909 0.010000 0.023636
0 0.568750 0.310909 0.022500 0.018182
0 0.593750 0.310909 0.012500 0.014545
0 0.582500 0.300000 0.010000 0.018182
0 0.625000 0.310909 0.010000 0.014545
0 0.613750 0.302727 0.017500 0.020000
0 0.642500 0.309091 0.015000 0.014545
0 0.803750 0.319091 0.012500 0.016364
0 0.790000 0.311818 0.020000 0.020000
0 0.816250 0.310000 0.012500 0.012727
0 0.842500 0.317273 0.015000 0.020000
0 0.855000 0.313636 0.015000 0.016364
0 0.675000 0.315455 0.065000 0.041818
0 0.823750 0.309091 0.087500 0.025455
0 1.231250 0.330909 0.142500 0.029091
