0 0.082500 0.449438 0.165000 0.823970
0 0.437500 0.395131 0.125000 0.468165
0 0.505000 0.608614 0.105000 0.393258
0 0.592500 0.428839 0.100000 0.370787
0 0.725000 0.591760 0.115000 0.419476
0 0.696250 0.604869 0.097500 0.363296
0 0.810000 0.586142 0.120000 0.438202
0 0.893750 0.602996 0.107500 0.397004
0 0.955000 0.715356 0.035000 0.142322
0 0.653750 0.692884 0.052500 0.194757
0 0.636250 0.687266 0.052500 0.198502
0 0.975000 0.720974 0.025000 0.101124
0 0.985000 0.720974 0.025000 0.093633
0 0.681250 0.739700 0.017500 0.063670
0 0.688750 0.747191 0.012500 0.056180
0 0.346250 0.664794 0.072500 0.273408
0 0.377500 0.743446 0.020000 0.078652
0 0.256250 0.732210 0.022500 0.078652
0 0.230000 0.683521 0.050000 0.191011
0 0.173750 0.664794 0.067500 0.250936
0 0.147500 0.610487 0.095000 0.359551
0 0.037500 0.679775 0.055000 0.198502
0 0.053750 0.668539 0.057500 0.213483
0 0.066250 0.743446 0.017500 0.071161
0 0.195000 0.750936 0.010000 0.048689
0 0.212500 0.756554 0.005000 0.029963
0 0.203750 0.756554 0.002500 0.022472
0 0.285000 0.750936 0.010000 0.033708
0 0.296250 0.747191 0.007500 0.041199
0 0.571250 0.713483 0.067500 0.176030
0 0.798750 0.705993 0.042500 0.161049
0 0.846250 0.704120 0.052500 0.187266
0 0.882500 0.739700 0.025000 0.078652
0 0.925000 0.728464 0.020000 0.078652
0 0.940000 0.749064 0.010000 0.052434
0 0.943750 0.752809 0.012500 0.052434
0 0.738750 0.717228 0.027500 0.123596
0 0.615000 0.739700 0.010000 0.078652
0 0.458750 0.711610 0.017500 0.059925
0 0.422500 0.713483 0.025000 0.041199
0 0.132500 0.715356 0.035000 0.157303
0 0.172500 0.737828 0.010000 0.029963
0 0.473750 0.720974 0.007500 0.041199
0 0.081250 0.747191 0.057500 0.048689
0 0.168750 0.743446 0.027500 0.041199
0 0.358750 0.739700 0.112500 0.048689
0 0.522500 0.734082 0.025000 0.074906
0 0.773750 0.743446 0.057500 0.086142
0 0.913750 0.704120 0.052500 0.074906
0 0.988750 0.694757 0.017500 0.056180
