0 0.055657 0.780055 0.041971 0.161202
0 0.074818 0.637978 0.021898 0.090164
0 0.115876 0.609290 0.020073 0.081967
0 0.140511 0.689891 0.032847 0.117486
0 0.211679 0.786885 0.040146 0.153005
0 0.250000 0.710383 0.032847 0.125683
0 0.188869 0.644809 0.027372 0.103825
0 0.156022 0.587432 0.020073 0.081967
0 0.200730 0.558743 0.018248 0.073770
0 0.222628 0.606557 0.025547 0.092896
0 0.260949 0.576503 0.021898 0.081967
0 0.280109 0.550546 0.016423 0.068306
0 0.295620 0.651639 0.029197 0.112022
0 0.318431 0.603825 0.023723 0.087432
0 0.341241 0.577869 0.021898 0.079235
0 0.043796 0.509563 0.014599 0.051913
0 0.053832 0.512295 0.016423 0.062842
0 0.032847 0.482240 0.014599 0.051913
0 0.077555 0.480874 0.012774 0.054645
0 0.093978 0.478142 0.012774 0.054645
0 0.105839 0.482240 0.014599 0.051913
0 0.113139 0.476776 0.014599 0.057377
0 0.207117 0.374317 0.012774 0.049180
0 0.220803 0.377049 0.010949 0.043716
0 0.228102 0.372951 0.010949 0.046448
0 0.234489 0.370219 0.012774 0.046448
0 0.239964 0.378415 0.012774 0.046448
0 0.260036 0.372951 0.012774 0.051913
0 0.447080 0.601093 0.025547 0.098361
0 0.497263 0.596995 0.023723 0.084699
0 0.519161 0.599727 0.023723 0.090164
0 0.506387 0.588798 0.023723 0.095628
0 0.550182 0.603825 0.027372 0.098361
0 0.536496 0.605191 0.021898 0.090164
0 0.543796 0.586066 0.025547 0.095628
0 0.473540 0.590164 0.027372 0.103825
0 0.460766 0.591530 0.023723 0.095628
0 0.487226 0.595628 0.025547 0.092896
0 0.831204 0.770492 0.045620 0.169399
0 0.783759 0.706284 0.034672 0.128415
0 0.747263 0.668033 0.031022 0.112022
0 0.707117 0.621585 0.023723 0.095628
0 0.684307 0.592896 0.018248 0.076503
0 0.739051 0.564208 0.018248 0.073770
0 0.775547 0.591530 0.018248 0.073770
0 0.812044 0.624317 0.029197 0.106557
0 0.805657 0.573770 0.020073 0.081967
0 0.837591 0.591530 0.021898 0.084699
0 0.854015 0.648907 0.029197 0.112022
0 0.884124 0.621585 0.027372 0.101093
0 0.911496 0.715847 0.031022 0.120219
0 0.933394 0.655738 0.031022 0.114754
0 0.973540 0.763661 0.038321 0.150273
0 0.687956 0.484973 0.010949 0.046448
0 0.459854 0.504098 0.014599 0.057377
0 0.474453 0.459016 0.025547 0.092896
0 0.505474 0.502732 0.018248 0.071038
0 0.535584 0.441257 0.016423 0.068306
0 0.548358 0.508197 0.020073 0.071038
0 0.012774 0.702186 0.021898 0.142077
0 0.023723 0.504098 0.018248 0.040984
0 0.015511 0.474044 0.023723 0.040984
0 0.004562 0.489071 0.009124 0.027322
0 0.005474 0.513661 0.010949 0.027322
0 0.068431 0.497268 0.016423 0.038251
0 0.065693 0.467213 0.014599 0.032787
0 0.126825 0.490437 0.020073 0.040984
0 0.981752 0.685792 0.029197 0.109290
0 0.989964 0.502732 0.012774 0.043716
0 0.947080 0.495902 0.014599 0.046448
0 0.936131 0.493169 0.010949 0.035519
0 0.921533 0.487705 0.018248 0.046448
0 0.905109 0.487705 0.021898 0.051913
0 0.164234 0.240437 0.014599 0.021858
0 0.186131 0.243169 0.010949 0.016393
0 0.199818 0.241803 0.009124 0.013661
0 0.212591 0.243169 0.009124 0.016393
0 0.230839 0.247268 0.012774 0.035519
0 0.369526 0.226776 0.012774 0.021858
0 0.385949 0.234973 0.009124 0.027322
0 0.390511 0.234973 0.010949 0.021858
0 0.364964 0.233607 0.018248 0.030055
0 0.350365 0.230874 0.014599 0.030055
0 0.337591 0.225410 0.018248 0.024590
0 0.596715 0.224044 0.007299 0.021858
0 0.610401 0.229508 0.009124 0.021858
0 0.731752 0.307377 0.007299 0.040984
0 0.505474 0.542350 0.116788 0.068306
0 0.117701 0.315574 0.228102 0.161202
0 0.510949 0.315574 0.489051 0.161202
0 0.878650 0.312842 0.235401 0.172131
