0 0.545045 0.443000 0.267267 0.434000
0 0.414414 0.402000 0.198198 0.324000
0 0.312312 0.379000 0.162162 0.262000
0 0.717718 0.365000 0.132132 0.218000
0 0.914414 0.381000 0.159159 0.262000
0 1.193694 0.397000 0.219219 0.362000
0 1.402402 0.307000 0.072072 0.118000
0 1.444444 0.307000 0.066066 0.114000
0 1.472973 0.296000 0.057057 0.132000
0 1.354354 0.310000 0.072072 0.120000
0 1.324324 0.300000 0.078078 0.132000
0 1.303303 0.310000 0.072072 0.116000
0 1.084084 0.320000 0.060060 0.100000
0 1.052553 0.324000 0.057057 0.100000
0 1.013514 0.322000 0.063063 0.108000
0 0.815315 0.329000 0.057057 0.094000
0 0.866366 0.326000 0.063063 0.104000
0 0.780781 0.326000 0.060060 0.104000
0 0.018018 0.329000 0.036036 0.074000
0 0.084084 0.358000 0.090090 0.088000
0 0.258258 0.358000 0.054054 0.076000
0 0.639640 0.308000 0.030030 0.028000
0 0.842342 0.288000 0.021021 0.020000
0 0.846847 0.277000 0.024024 0.030000
0 0.807808 0.281000 0.024024 0.022000
0 0.938438 0.282000 0.027027 0.016000
0 0.930931 0.272000 0.024024 0.024000
0 0.954955 0.275000 0.030030 0.030000
0 1.112613 0.270000 0.033033 0.044000
0 1.255255 0.265000 0.042042 0.038000
0 1.282282 0.263000 0.030030 0.034000
0 1.228228 0.265000 0.030030 0.034000
0 1.138138 0.275000 0.048048 0.046000
0 1.451952 0.286000 0.093093 0.096000
0 1.439940 0.244000 0.027027 0.020000
0 1.382883 0.260000 0.033033 0.032000
0 0.744745 0.278000 0.018018 0.024000
0 0.809309 0.612000 0.423423 0.100000
0 1.352853 0.545000 0.255255 0.086000
0 1.034535 0.502000 0.159159 0.048000
0 0.635135 0.292000 0.117117 0.056000
0 0.804805 0.287000 0.156156 0.050000
0 1.064565 0.272000 0.135135 0.036000
