0 0.654567 0.479687 0.030445 0.053125
0 0.669789 0.476562 0.023419 0.043750
0 0.688525 0.478125 0.032787 0.056250
0 0.775176 0.470313 0.023419 0.043750
0 0.838407 0.464062 0.023419 0.040625
0 0.807963 0.463281 0.018735 0.035937
0 0.878220 0.480469 0.042155 0.067187
0 0.905152 0.478906 0.039813 0.067187
0 0.933255 0.464844 0.021077 0.035937
0 1.138173 0.471875 0.042155 0.068750
0 1.236534 0.485156 0.056206 0.095312
0 0.621780 0.464844 0.021077 0.035937
0 0.718970 0.472656 0.018735 0.029687
0 0.708431 0.471875 0.016393 0.031250
0 0.984778 0.461719 0.016393 0.029687
0 0.323185 0.475000 0.037471 0.040625
0 0.358314 0.478906 0.018735 0.029687
0 0.384075 0.476562 0.018735 0.037500
0 0.400468 0.478906 0.018735 0.035937
0 0.365340 0.459375 0.023419 0.025000
0 1.269321 0.500000 0.074941 0.078125
0 1.420375 0.468750 0.030445 0.043750
0 1.398126 0.464844 0.037471 0.045312
0 1.302108 0.460938 0.028103 0.028125
0 1.281030 0.460156 0.028103 0.026562
0 1.285714 0.446875 0.028103 0.034375
0 1.259953 0.453125 0.032787 0.037500
0 1.312646 0.454688 0.025761 0.034375
0 0.690867 0.453906 0.079625 0.032813
