0 0.935547 0.685039 0.084635 0.314961
0 0.787760 0.634843 0.067708 0.253937
0 0.613932 0.705709 0.089844 0.332677
0 0.626302 0.668307 0.078125 0.289370
0 0.639974 0.644685 0.071615 0.269685
0 0.482422 0.651575 0.074219 0.275591
0 0.302083 0.686024 0.080729 0.301181
0 0.235026 0.668307 0.074219 0.277559
0 0.184245 0.731299 0.092448 0.344488
0 0.069010 0.678150 0.075521 0.285433
0 0.978516 0.589567 0.042969 0.202756
0 0.955078 0.590551 0.050781 0.188976
0 0.879557 0.593504 0.058594 0.214567
0 0.852865 0.597441 0.049479 0.187008
0 0.832031 0.602362 0.044271 0.169291
0 0.791016 0.605315 0.058594 0.218504
0 0.765625 0.619094 0.046875 0.175197
0 0.751302 0.617126 0.046875 0.171260
0 0.738281 0.621063 0.044271 0.167323
0 0.719401 0.612205 0.048177 0.181102
0 0.701172 0.616142 0.055990 0.204724
0 0.682292 0.609252 0.052083 0.198819
0 0.662109 0.604331 0.050781 0.192913
0 0.573568 0.626969 0.053385 0.198819
0 0.552734 0.608268 0.058594 0.216535
0 0.520833 0.618110 0.049479 0.188976
0 0.507161 0.614173 0.048177 0.185039
0 0.437500 0.626969 0.057292 0.210630
0 0.444661 0.604331 0.061198 0.224409
0 0.391276 0.618110 0.063802 0.236220
0 0.370443 0.611220 0.058594 0.218504
0 0.356771 0.609252 0.052083 0.194882
0 0.343750 0.610236 0.046875 0.177165
0 0.299479 0.627953 0.062500 0.236220
0 0.092448 0.642717 0.059896 0.222441
0 0.014974 0.660433 0.029948 0.194882
0 0.020182 0.648622 0.040365 0.210630
0 0.026042 0.642717 0.052083 0.206693
0 0.136719 0.625984 0.052083 0.196850
0 0.268229 0.042323 0.036458 0.064961
0 0.332682 0.092520 0.027344 0.059055
0 0.368490 0.067913 0.023438 0.072835
0 0.986979 0.034449 0.023438 0.045276
0 0.983724 0.087598 0.024740 0.057087
0 0.815104 0.167323 0.026042 0.055118
0 0.692708 0.171260 0.020833 0.051181
0 0.664062 0.146654 0.018229 0.057087
0 0.639974 0.141732 0.029948 0.051181
0 0.613281 0.138780 0.026042 0.053150
0 0.693359 0.133858 0.014323 0.035433
0 0.708333 0.134843 0.015625 0.045276
0 0.728516 0.141732 0.016927 0.051181
0 0.743490 0.141732 0.020833 0.043307
0 0.758464 0.139764 0.019531 0.051181
0 0.771484 0.139764 0.014323 0.043307
0 0.785156 0.135827 0.018229 0.043307
0 0.800130 0.138780 0.019531 0.045276
0 0.791016 0.104331 0.022135 0.035433
0 0.766927 0.097441 0.018229 0.025591
0 0.751953 0.102362 0.014323 0.031496
0 0.735026 0.107283 0.014323 0.033465
0 0.714193 0.101378 0.009115 0.021654
0 0.695312 0.103346 0.018229 0.033465
0 0.675781 0.106299 0.023438 0.035433
0 0.667969 0.079724 0.018229 0.033465
0 0.683594 0.078740 0.015625 0.027559
0 0.705729 0.076772 0.010417 0.023622
0 0.723307 0.075787 0.009115 0.021654
0 0.741536 0.074803 0.011719 0.023622
0 0.761719 0.073819 0.010417 0.017717
0 0.777344 0.079724 0.013021 0.025591
0 0.767578 0.054134 0.014323 0.029528
0 0.750000 0.058071 0.023438 0.041339
0 0.731771 0.056102 0.013021 0.033465
0 0.714193 0.054134 0.014323 0.033465
0 0.703125 0.032480 0.018229 0.037402
0 0.693359 0.053150 0.011719 0.031496
0 0.682292 0.037402 0.020833 0.027559
0 0.677083 0.053150 0.018229 0.027559
0 0.656250 0.053150 0.018229 0.027559
0 0.661458 0.038386 0.018229 0.025591
0 0.673177 0.033465 0.018229 0.019685
0 0.544271 0.053150 0.033854 0.062992
0 0.486979 0.049213 0.031250 0.039370
0 0.476562 0.077756 0.018229 0.029528
0 0.501953 0.092520 0.019531 0.047244
0 0.534505 0.109252 0.029948 0.045276
0 0.537760 0.136811 0.023438 0.029528
0 0.541667 0.169291 0.023438 0.047244
0 0.501302 0.135827 0.015625 0.039370
0 0.490885 0.110236 0.015625 0.047244
0 0.464844 0.100394 0.023438 0.039370
0 0.475260 0.130906 0.020833 0.029528
0 0.485026 0.160433 0.022135 0.029528
0 0.460286 0.155512 0.022135 0.035433
0 0.434896 0.162402 0.018229 0.033465
0 0.426432 0.133858 0.024740 0.047244
0 0.405599 0.140748 0.019531 0.053150
0 0.380208 0.158465 0.015625 0.037402
0 0.359375 0.163386 0.018229 0.031496
0 0.322917 0.177165 0.023438 0.043307
0 0.294922 0.170276 0.019531 0.049213
0 0.264974 0.168307 0.022135 0.033465
0 0.208984 0.111220 0.024740 0.049213
0 0.188802 0.112205 0.026042 0.051181
0 0.171224 0.107283 0.019531 0.053150
0 0.136068 0.110236 0.024740 0.047244
0 0.164062 0.193898 0.026042 0.053150
0 0.126953 0.193898 0.029948 0.064961
0 0.080078 0.136811 0.022135 0.049213
0 0.065104 0.134843 0.023438 0.057087
0 0.041667 0.130906 0.020833 0.061024
0 0.130208 0.049213 0.028646 0.059055
0 0.087240 0.051181 0.036458 0.066929
0 0.065104 0.024606 0.031250 0.041339
0 0.059896 0.048228 0.020833 0.064961
0 0.046224 0.047244 0.024740 0.055118
0 0.016276 0.036417 0.019531 0.064961
0 0.005859 0.032480 0.011719 0.061024
0 0.263021 0.519685 0.026042 0.027559
0 0.264974 0.551181 0.016927 0.047244
0 0.322917 0.546260 0.023438 0.045276
0 0.332682 0.534449 0.016927 0.037402
0 0.934245 0.491142 0.019531 0.037402
0 0.906250 0.510827 0.023438 0.045276
0 0.903646 0.495079 0.015625 0.037402
0 0.960286 0.520669 0.016927 0.033465
0 0.972005 0.503937 0.019531 0.035433
0 0.810547 0.524606 0.016927 0.041339
0 0.818359 0.519685 0.014323 0.039370
0 0.801432 0.523622 0.016927 0.047244
0 0.764974 0.514764 0.024740 0.049213
0 0.759115 0.525591 0.018229 0.027559
0 0.728516 0.506890 0.019531 0.045276
0 0.714844 0.515748 0.013021 0.023622
0 0.689453 0.502953 0.011719 0.021654
0 0.647786 0.526575 0.016927 0.037402
0 0.610026 0.506890 0.016927 0.021654
0 0.590495 0.514764 0.024740 0.033465
0 0.383464 0.519685 0.014323 0.031496
0 0.188802 0.547244 0.023438 0.031496
0 0.206380 0.540354 0.019531 0.033465
0 0.190755 0.524606 0.022135 0.025591
0 0.177734 0.536417 0.022135 0.029528
0 0.106771 0.546260 0.018229 0.033465
0 0.111328 0.533465 0.024740 0.035433
0 0.026042 0.560039 0.013021 0.029528
0 0.043620 0.655512 0.032552 0.232283
0 0.809896 0.515748 0.377604 0.047244
0 0.461589 0.531496 0.123698 0.074803
