0 0.938048 0.689493 0.028786 0.110694
0 0.918023 0.683865 0.038798 0.140713
0 0.899875 0.697936 0.022528 0.082552
0 0.869837 0.680113 0.045056 0.170732
0 0.851064 0.693246 0.027534 0.103189
0 0.806008 0.672608 0.050063 0.189493
0 0.754693 0.680113 0.037547 0.136961
0 0.775344 0.703565 0.021277 0.082552
0 0.717772 0.659475 0.068836 0.253283
0 0.697747 0.681051 0.041302 0.153846
0 0.685232 0.695122 0.026283 0.099437
0 0.665832 0.705441 0.020025 0.075047
0 0.673967 0.707317 0.018773 0.075047
0 0.627034 0.695122 0.027534 0.106942
0 0.619524 0.709193 0.017522 0.063790
0 0.610763 0.707317 0.020025 0.075047
0 0.603254 0.701689 0.022528 0.082552
0 0.559449 0.631332 0.092616 0.339587
0 0.529412 0.709193 0.015019 0.056285
0 0.519399 0.710131 0.015019 0.054409
0 0.511890 0.704503 0.020025 0.076923
0 0.503755 0.702627 0.016270 0.061914
0 0.488110 0.683865 0.040050 0.151970
0 0.468711 0.707317 0.016270 0.063790
0 0.448060 0.662289 0.065081 0.236398
0 0.413016 0.701689 0.020025 0.078799
0 0.403630 0.712946 0.011264 0.045028
0 0.424906 0.707317 0.013767 0.048780
0 0.386108 0.703565 0.018773 0.071295
0 0.369212 0.672608 0.050063 0.185741
0 0.354819 0.696060 0.023780 0.090056
0 0.344180 0.703565 0.015019 0.056285
0 0.334793 0.697936 0.021277 0.078799
0 0.324155 0.679174 0.035044 0.131332
0 0.309762 0.696998 0.016270 0.065666
0 0.273467 0.582552 0.133917 0.493433
0 0.220901 0.633208 0.076345 0.283302
0 0.183354 0.669794 0.041302 0.153846
0 0.168335 0.674484 0.036295 0.133208
0 0.152065 0.682927 0.023780 0.093809
0 0.145181 0.690432 0.017522 0.063790
0 0.247184 0.692308 0.021277 0.082552
0 0.012516 0.652908 0.025031 0.172608
0 0.021277 0.661351 0.037547 0.140713
0 0.037547 0.673546 0.032541 0.120075
0 0.053191 0.678236 0.026283 0.103189
0 0.072591 0.688555 0.017522 0.071295
0 0.082603 0.696060 0.017522 0.067542
0 0.979975 0.690432 0.037547 0.116323
0 0.581352 0.625704 0.018773 0.136961
0 0.568836 0.714822 0.033792 0.090056
0 0.210263 0.693246 0.037547 0.174484
0 0.527534 0.792683 0.526909 0.121951
