0 0.560000 0.303455 0.082500 0.149393
0 0.630000 0.301587 0.075000 0.138189
0 0.686250 0.294118 0.075000 0.138189
0 0.739375 0.295051 0.071250 0.130719
0 0.793750 0.281046 0.077500 0.141923
0 0.850625 0.275910 0.078750 0.146592
0 0.916250 0.267507 0.072500 0.131653
0 1.308125 0.229692 0.061250 0.188609
0 0.299375 0.335201 0.018750 0.020542
0 0.325000 0.331933 0.017500 0.019608
0 0.345000 0.329599 0.017500 0.014939
0 1.084375 0.256303 0.026250 0.030812
0 1.215625 0.261905 0.076250 0.101774
0 1.285625 0.267974 0.066250 0.095238
