0 0.362669 0.338406 0.326886 0.601449
0 0.535783 0.373913 0.286267 0.524638
0 1.073501 0.379710 0.336557 0.620290
0 0.089942 0.228261 0.094778 0.178261
0 0.172147 0.220290 0.088975 0.162319
0 0.197292 0.218116 0.092843 0.172464
0 0.878143 0.205797 0.112186 0.205797
0 0.932302 0.199275 0.077369 0.146377
0 0.771760 0.207246 0.123791 0.226087
0 0.286267 0.133333 0.088975 0.072464
0 0.420696 0.146377 0.063830 0.057971
0 0.479691 0.150725 0.069632 0.052174
0 0.485493 0.192029 0.100580 0.068116
0 0.240812 0.152899 0.067698 0.039130
0 0.616054 0.176087 0.102515 0.117391
0 0.709865 0.161594 0.088975 0.068116
0 0.720503 0.136957 0.048356 0.047826
0 0.746615 0.125362 0.054159 0.042029
0 0.812379 0.128261 0.042553 0.053623
0 1.011605 0.158696 0.065764 0.076812
0 1.146035 0.159420 0.071567 0.069565
0 1.186654 0.144928 0.067698 0.107246
0 1.266925 0.165942 0.038685 0.036232
0 1.271760 0.190580 0.029014 0.056522
0 1.169246 0.152174 0.021277 0.069565
0 1.318182 0.189855 0.032882 0.086957
0 0.746615 0.465942 0.355899 0.566667
0 0.483559 0.163043 0.038685 0.039130
