0 0.254000 0.382667 0.084000 0.136000
0 0.322000 0.358000 0.040000 0.068000
0 0.273000 0.348000 0.046000 0.074667
0 0.016000 0.348667 0.032000 0.070667
0 0.028000 0.342000 0.036000 0.062667
0 0.383000 0.400667 0.142000 0.236000
0 0.481000 0.420000 0.086000 0.141333
0 0.474000 0.385333 0.120000 0.197333
0 0.544000 0.407333 0.116000 0.193333
0 0.675000 0.323333 0.026000 0.046667
0 0.647000 0.325333 0.026000 0.042667
0 0.600000 0.326667 0.016000 0.026667
0 0.588000 0.323333 0.020000 0.036000
0 0.558000 0.322667 0.020000 0.032000
0 0.766000 0.354667 0.044000 0.074667
0 0.792000 0.406000 0.124000 0.201333
0 0.944000 0.440000 0.080000 0.133333
0 0.907000 0.400667 0.106000 0.174667
0 0.854000 0.322667 0.048000 0.082667
0 0.883000 0.375333 0.118000 0.193333
0 0.984000 0.388667 0.108000 0.174667
0 1.008000 0.372000 0.108000 0.176000
0 1.054000 0.391333 0.132000 0.217333
0 1.124000 0.366000 0.112000 0.182667
0 1.213000 0.382000 0.114000 0.185333
0 1.262000 0.437333 0.112000 0.186667
0 1.411000 0.450667 0.094000 0.157333
0 1.454000 0.436667 0.092000 0.150667
0 1.327000 0.394000 0.134000 0.217333
0 0.079000 0.376667 0.034000 0.057333
0 0.428000 0.496667 0.144000 0.164000
0 0.451000 0.381333 0.046000 0.069333
0 0.845000 0.496667 0.238000 0.166667
0 1.195000 0.496667 0.146000 0.132000
0 1.400000 0.321333 0.080000 0.085333
0 1.459000 0.327333 0.038000 0.054667
0 0.916000 0.300000 0.036000 0.024000
0 0.725000 0.310667 0.022000 0.021333
0 0.736000 0.331333 0.044000 0.060000
0 0.321000 0.313333 0.026000 0.018667
0 0.173000 0.349333 0.062000 0.040000
0 0.184000 0.326000 0.064000 0.054667
0 0.111000 0.340667 0.038000 0.036000
0 0.075000 0.326667 0.050000 0.058667
