0 0.095833 0.355625 0.058333 0.108750
0 0.142500 0.346875 0.058333 0.111250
0 0.195833 0.350000 0.051667 0.095000
0 0.215833 0.344375 0.045000 0.086250
0 0.231667 0.343125 0.043333 0.083750
0 0.257500 0.350625 0.051667 0.096250
0 0.275833 0.343750 0.045000 0.085000
0 0.286667 0.343750 0.046667 0.085000
0 0.298333 0.353125 0.063333 0.116250
0 0.325833 0.346875 0.058333 0.106250
0 0.335000 0.343750 0.046667 0.090000
0 0.343333 0.343125 0.046667 0.086250
0 0.387500 0.358750 0.068333 0.125000
0 0.410000 0.353750 0.063333 0.115000
0 0.480000 0.355000 0.043333 0.082500
0 0.489167 0.347500 0.048333 0.092500
0 0.617500 0.366250 0.071667 0.130000
0 0.525833 0.354375 0.058333 0.106250
0 0.512500 0.352500 0.048333 0.090000
0 0.549167 0.351875 0.048333 0.091250
0 0.745000 0.358125 0.060000 0.108750
0 0.646667 0.320625 0.020000 0.038750
0 0.659167 0.320625 0.021667 0.038750
0 0.672500 0.317500 0.018333 0.035000
0 0.681667 0.321875 0.020000 0.041250
0 0.695833 0.316875 0.015000 0.031250
0 0.705833 0.315625 0.018333 0.033750
0 0.715000 0.318750 0.020000 0.040000
0 0.720833 0.317500 0.021667 0.040000
0 0.592500 0.350000 0.048333 0.092500
0 0.823333 0.346250 0.050000 0.095000
0 0.809167 0.343750 0.045000 0.085000
0 0.870833 0.346250 0.051667 0.097500
0 0.851667 0.348125 0.043333 0.081250
0 0.842500 0.344375 0.045000 0.081250
0 0.766667 0.349375 0.046667 0.088750
0 0.755833 0.348125 0.055000 0.101250
0 0.941667 0.359375 0.060000 0.113750
0 0.930833 0.351250 0.061667 0.112500
0 1.000833 0.341875 0.048333 0.088750
0 1.012500 0.350625 0.045000 0.081250
0 1.022500 0.350000 0.048333 0.090000
0 1.068333 0.361875 0.056667 0.103750
0 1.046667 0.360625 0.050000 0.093750
0 1.035833 0.355625 0.048333 0.088750
0 1.140000 0.366875 0.060000 0.113750
0 1.158333 0.360625 0.053333 0.101250
0 1.115000 0.361250 0.053333 0.100000
0 1.100000 0.356250 0.050000 0.095000
0 1.088333 0.352500 0.053333 0.097500
0 0.241667 0.369375 0.033333 0.038750
0 0.175833 0.305625 0.011667 0.016250
0 0.543333 0.298750 0.010000 0.017500
0 0.500833 0.306875 0.011667 0.018750
0 0.560833 0.297500 0.011667 0.015000
0 0.580000 0.298750 0.013333 0.015000
0 0.601667 0.298750 0.006667 0.010000
0 0.725833 0.304375 0.008333 0.021250
0 0.735833 0.299375 0.011667 0.013750
0 0.770833 0.304375 0.018333 0.018750
0 0.805833 0.308750 0.021667 0.027500
0 1.076667 0.309375 0.013333 0.021250
0 1.129167 0.311875 0.011667 0.021250
0 0.635833 0.304375 0.011667 0.016250
0 0.626667 0.301250 0.010000 0.015000
0 0.575000 0.299375 0.130000 0.046250
0 1.077500 0.315000 0.188333 0.047500
