0 0.023333 0.786783 0.046667 0.296758
0 0.075833 0.759352 0.085000 0.311721
0 0.115000 0.779302 0.086667 0.321696
0 0.041667 0.726933 0.040000 0.221945
0 0.017500 0.658354 0.035000 0.114713
0 0.175000 0.704489 0.063333 0.122195
0 0.246667 0.706983 0.053333 0.122195
0 0.310833 0.664589 0.055000 0.172070
0 0.401667 0.708229 0.060000 0.114713
0 0.325833 0.653367 0.048333 0.199501
0 0.257500 0.613466 0.065000 0.134663
0 0.185000 0.615960 0.070000 0.144638
0 0.395000 0.622195 0.053333 0.097257
0 0.456667 0.638404 0.060000 0.159601
0 0.488333 0.706983 0.073333 0.112219
0 0.520000 0.620948 0.056667 0.104738
0 0.570833 0.700748 0.045000 0.114713
0 0.584167 0.625935 0.045000 0.124688
0 0.641667 0.624688 0.050000 0.112219
0 0.637500 0.706983 0.075000 0.122195
0 0.711667 0.701995 0.060000 0.117207
0 0.710000 0.618454 0.056667 0.124688
0 0.770000 0.615960 0.056667 0.099751
0 0.782500 0.703242 0.065000 0.134663
0 0.847500 0.714464 0.065000 0.107232
0 0.840833 0.613466 0.068333 0.119701
0 0.931667 0.719451 0.103333 0.172070
