0 0.081333 0.662821 0.082667 0.387179
0 0.132667 0.661538 0.078667 0.374359
0 0.156667 0.653846 0.073333 0.343590
0 0.191333 0.655128 0.065333 0.305128
0 0.209333 0.674359 0.074667 0.358974
0 0.236000 0.660256 0.069333 0.330769
0 0.272000 0.665385 0.080000 0.376923
0 0.296000 0.650000 0.064000 0.305128
0 0.321333 0.675641 0.074667 0.356410
0 0.344667 0.647436 0.070667 0.335897
0 0.372000 0.674359 0.069333 0.328205
0 0.390000 0.665385 0.062667 0.300000
0 0.402667 0.641026 0.061333 0.297436
0 0.424667 0.670513 0.065333 0.315385
0 0.461333 0.664103 0.072000 0.343590
0 0.489333 0.646154 0.072000 0.343590
0 0.508000 0.635897 0.066667 0.312821
0 0.526667 0.658974 0.072000 0.338462
0 0.546000 0.641026 0.068000 0.328205
0 0.564000 0.614103 0.069333 0.330769
0 0.591333 0.667949 0.070667 0.335897
0 0.608667 0.634615 0.068000 0.325641
0 0.646667 0.658974 0.072000 0.338462
0 0.662000 0.637179 0.065333 0.315385
0 0.687333 0.653846 0.068000 0.328205
0 0.700667 0.623077 0.068000 0.317949
0 0.732000 0.646154 0.069333 0.333333
0 0.761333 0.625641 0.064000 0.302564
0 0.743333 0.614103 0.062667 0.300000
0 0.793333 0.638462 0.064000 0.307692
0 0.805333 0.602564 0.064000 0.307692
0 0.824667 0.597436 0.062667 0.302564
0 0.844667 0.623077 0.068000 0.317949
0 0.873333 0.584615 0.061333 0.297436
0 0.894667 0.615385 0.061333 0.292308
0 0.915333 0.588462 0.060000 0.289744
0 0.924000 0.555128 0.066667 0.320513
0 0.965333 0.546154 0.069333 0.323077
0 0.289333 0.466667 0.032000 0.056410
0 0.310000 0.488462 0.017333 0.058974
0 0.345333 0.470513 0.021333 0.074359
0 0.369333 0.483333 0.026667 0.069231
0 0.421333 0.482051 0.024000 0.056410
0 0.440000 0.515385 0.018667 0.082051
0 0.773333 0.458974 0.021333 0.061538
0 0.892667 0.439744 0.017333 0.048718
