0 0.085385 0.280055 0.069231 0.303279
0 0.176923 0.342896 0.067692 0.303279
0 0.238462 0.359290 0.064615 0.281421
0 0.302308 0.355191 0.066154 0.284153
0 0.336923 0.340164 0.067692 0.297814
0 0.388462 0.329235 0.072308 0.319672
0 0.424615 0.297814 0.067692 0.300546
0 0.453846 0.286885 0.058462 0.256831
0 0.477692 0.265027 0.056923 0.245902
0 0.492308 0.247268 0.052308 0.232240
0 0.755385 0.258197 0.018462 0.090164
0 0.742308 0.255464 0.020000 0.084699
0 0.730769 0.228142 0.009231 0.040984
0 0.770769 0.228142 0.015385 0.068306
0 0.809231 0.262295 0.018462 0.081967
0 0.826923 0.258197 0.020000 0.090164
0 0.803077 0.224044 0.009231 0.043716
0 0.853846 0.224044 0.015385 0.065574
0 0.833846 0.218579 0.009231 0.049180
0 0.842308 0.218579 0.010769 0.049180
0 0.860000 0.224044 0.009231 0.049180
0 0.885385 0.217213 0.010769 0.051913
0 0.713077 0.225410 0.007692 0.035519
0 0.708462 0.229508 0.007692 0.038251
0 0.703846 0.226776 0.007692 0.032787
0 0.693077 0.230874 0.007692 0.035519
0 0.680000 0.228142 0.009231 0.040984
0 0.613846 0.269126 0.021538 0.101093
0 0.596923 0.267760 0.021538 0.092896
0 0.621538 0.245902 0.009231 0.043716
0 0.720000 0.691257 0.018462 0.087432
0 0.703846 0.689891 0.020000 0.084699
0 0.534615 0.823770 0.029231 0.133880
0 0.856923 0.807377 0.033846 0.155738
0 0.919231 0.718579 0.016923 0.081967
0 0.951538 0.711749 0.016923 0.073770
0 0.963077 0.707650 0.018462 0.087432
0 0.974615 0.704918 0.016923 0.076503
0 0.460000 0.678962 0.015385 0.073770
0 0.323846 0.728142 0.032308 0.150273
0 0.290769 0.696721 0.009231 0.049180
0 0.284615 0.695355 0.009231 0.040984
0 0.275385 0.700820 0.009231 0.046448
0 0.265385 0.696721 0.007692 0.032787
0 0.261538 0.698087 0.006154 0.030055
0 0.256154 0.698087 0.004615 0.030055
0 0.245385 0.695355 0.004615 0.030055
0 0.238462 0.693989 0.009231 0.043716
0 0.233077 0.698087 0.007692 0.035519
0 0.227692 0.689891 0.006154 0.035519
0 0.223846 0.696721 0.007692 0.038251
0 0.220000 0.689891 0.006154 0.030055
0 0.211538 0.700820 0.007692 0.040984
0 0.185385 0.709016 0.016923 0.079235
0 0.170000 0.700820 0.013846 0.062842
0 0.154615 0.699454 0.010769 0.049180
0 0.097692 0.698087 0.013846 0.057377
0 0.007692 0.700820 0.015385 0.090164
0 0.354615 0.695355 0.004615 0.024590
0 0.363846 0.698087 0.004615 0.030055
0 0.367692 0.699454 0.009231 0.038251
0 0.381538 0.699454 0.006154 0.027322
0 0.071538 0.322404 0.130769 0.344262
0 0.486923 0.342896 0.010769 0.051913
0 0.987692 0.241803 0.009231 0.024590
0 0.980000 0.237705 0.018462 0.027322
0 0.967692 0.234973 0.012308 0.038251
0 0.947692 0.236339 0.003077 0.040984
0 0.950000 0.232240 0.007692 0.032787
0 0.943077 0.240437 0.012308 0.038251
0 0.911538 0.206284 0.013846 0.024590
0 0.877692 0.221311 0.007692 0.032787
0 0.762308 0.209016 0.007692 0.030055
0 0.750769 0.217213 0.006154 0.030055
0 0.816923 0.213115 0.009231 0.027322
0 0.575385 0.222678 0.012308 0.035519
0 0.518462 0.278689 0.021538 0.081967
0 0.508462 0.282787 0.016923 0.079235
0 0.533846 0.271858 0.024615 0.073770
0 0.547692 0.269126 0.015385 0.062842
0 0.558462 0.269126 0.012308 0.062842
0 0.568462 0.263661 0.016923 0.057377
0 0.568462 0.250000 0.013846 0.035519
0 0.580000 0.267760 0.018462 0.054645
0 0.935385 0.213115 0.012308 0.021858
0 0.530769 0.236339 0.009231 0.030055
0 0.958462 0.945355 0.064615 0.098361
0 0.953846 0.890710 0.043077 0.087432
0 0.973077 0.890710 0.026154 0.071038
0 0.976923 0.825137 0.021538 0.081967
0 0.924615 0.920765 0.043077 0.147541
0 0.870000 0.687158 0.050769 0.139344
0 0.958462 0.668033 0.012308 0.024590
0 0.677692 0.659836 0.016923 0.024590
0 0.693846 0.710383 0.009231 0.054645
0 0.686154 0.710383 0.012308 0.060109
0 0.675385 0.703552 0.015385 0.062842
0 0.663846 0.704918 0.013846 0.065574
0 0.660000 0.668033 0.015385 0.030055
0 0.647692 0.700820 0.006154 0.024590
0 0.647692 0.681694 0.009231 0.024590
0 0.646154 0.674863 0.012308 0.038251
0 0.640000 0.713115 0.021538 0.071038
0 0.628462 0.710383 0.016923 0.060109
0 0.636154 0.669399 0.013846 0.032787
0 0.618462 0.655738 0.015385 0.043716
0 0.617692 0.709016 0.010769 0.057377
0 0.616154 0.670765 0.004615 0.024590
0 0.609231 0.668033 0.009231 0.024590
0 0.606154 0.650273 0.012308 0.032787
0 0.606923 0.713115 0.016923 0.060109
0 0.599231 0.714481 0.013846 0.057377
0 0.596923 0.672131 0.012308 0.043716
0 0.589231 0.699454 0.009231 0.032787
0 0.582308 0.732240 0.016923 0.071038
0 0.580000 0.691257 0.009231 0.027322
0 0.579231 0.668033 0.010769 0.030055
0 0.570769 0.688525 0.009231 0.027322
0 0.566154 0.692623 0.012308 0.019126
0 0.570769 0.726776 0.021538 0.065574
0 0.537692 0.725410 0.026154 0.084699
0 0.517692 0.719945 0.020000 0.051913
0 0.510769 0.691257 0.009231 0.021858
0 0.504615 0.693989 0.006154 0.027322
0 0.503846 0.702186 0.007692 0.032787
0 0.531538 0.666667 0.016923 0.032787
0 0.540000 0.665301 0.012308 0.030055
0 0.557692 0.669399 0.013846 0.038251
0 0.555385 0.696721 0.015385 0.043716
0 0.546923 0.699454 0.007692 0.032787
0 0.523077 0.648907 0.018462 0.057377
0 0.476923 0.706284 0.009231 0.051913
0 0.482308 0.689891 0.010769 0.035519
0 0.489231 0.698087 0.009231 0.035519
0 0.490769 0.643443 0.009231 0.019126
0 0.492308 0.670765 0.012308 0.046448
0 0.483077 0.657104 0.006154 0.024590
0 0.476923 0.659836 0.012308 0.040984
0 0.470000 0.687158 0.016923 0.035519
0 0.453846 0.662568 0.012308 0.030055
0 0.436923 0.666667 0.012308 0.021858
0 0.071538 0.666667 0.013846 0.021858
0 0.018462 0.709016 0.018462 0.079235
0 0.026923 0.703552 0.010769 0.073770
0 0.036923 0.707650 0.009231 0.071038
0 0.046154 0.662568 0.012308 0.040984
0 0.141538 0.684426 0.006154 0.024590
0 0.131538 0.676230 0.007692 0.019126
0 0.130769 0.707650 0.009231 0.032787
0 0.110769 0.695355 0.006154 0.024590
0 0.064615 0.704918 0.015385 0.038251
0 0.816923 0.868852 0.095385 0.049180
0 0.642308 0.226776 0.053846 0.049180
0 0.541538 0.236339 0.070769 0.046448
0 0.966154 0.214481 0.064615 0.057377
0 0.903846 0.217213 0.026154 0.046448
0 0.072308 0.668033 0.144615 0.079235
0 0.420769 0.688525 0.096923 0.071038
