0 0.489437 0.467969 0.232394 0.382812
0 0.071596 0.500000 0.143192 0.306250
0 0.177230 0.401562 0.176056 0.284375
0 0.330986 0.390625 0.117371 0.190625
0 0.672535 0.465625 0.199531 0.328125
0 0.943662 0.464844 0.239437 0.389062
0 1.110329 0.477344 0.225352 0.370312
0 1.408451 0.455469 0.154930 0.251563
0 0.754695 0.397656 0.063380 0.104688
0 0.853286 0.468750 0.176056 0.290625
0 0.848592 0.439844 0.166667 0.273438
0 0.800469 0.428906 0.126761 0.204687
0 0.781690 0.402344 0.107981 0.176563
0 1.294601 0.424219 0.124413 0.207813
0 1.332160 0.400000 0.082160 0.134375
0 0.559859 0.465625 0.194836 0.321875
0 0.416667 0.327344 0.086854 0.073438
0 1.194836 0.400000 0.103286 0.106250
0 1.201878 0.350781 0.056338 0.064062
0 1.483568 0.403125 0.037559 0.131250
0 0.064554 0.323437 0.039906 0.031250
0 0.017606 0.338281 0.035211 0.035937
0 0.577465 0.348438 0.042254 0.065625
0 0.590376 0.343750 0.030516 0.028125
0 0.752347 0.350000 0.039906 0.028125
0 0.719484 0.341406 0.016432 0.026562
0 0.697183 0.345313 0.032864 0.046875
0 0.298122 0.402344 0.046948 0.060937
0 1.002347 0.336719 0.037559 0.026562
0 1.194836 0.255469 0.028169 0.035937
0 1.274648 0.261719 0.037559 0.029687
0 1.338028 0.251563 0.018779 0.018750
0 1.348592 0.250781 0.016432 0.017188
0 1.376761 0.255469 0.021127 0.023438
0 1.392019 0.255469 0.018779 0.023438
0 1.488263 0.253125 0.018779 0.028125
0 1.413146 0.258594 0.018779 0.014063
0 1.423709 0.257812 0.011737 0.015625
0 1.136150 0.256250 0.028169 0.021875
0 1.165493 0.257812 0.025822 0.021875
0 1.167840 0.243750 0.021127 0.015625
0 1.246479 0.254688 0.018779 0.025000
0 1.220657 0.253125 0.018779 0.018750
0 1.188967 0.324219 0.063380 0.026562
0 1.438967 0.247656 0.018779 0.020313
0 1.448357 0.249219 0.018779 0.014063
0 1.463615 0.251563 0.021127 0.018750
0 1.258216 0.250000 0.018779 0.015625
0 1.284038 0.254688 0.018779 0.015625
0 1.307512 0.253906 0.014085 0.010937
0 1.301643 0.244531 0.016432 0.014063
0 0.140845 0.429688 0.084507 0.053125
0 0.573944 0.303906 0.049296 0.029687
