0 0.042578 0.720139 0.085156 0.515278
0 0.109766 0.499306 0.038281 0.168056
0 0.306641 0.722222 0.125781 0.544444
0 0.346094 0.648611 0.090625 0.397222
0 0.621094 0.704167 0.118750 0.519444
0 0.458203 0.540972 0.042969 0.187500
0 0.489063 0.540972 0.042188 0.187500
0 0.472266 0.534722 0.042969 0.188889
0 0.439844 0.538889 0.043750 0.188889
0 0.421094 0.535417 0.042188 0.187500
0 0.403906 0.538889 0.042188 0.186111
0 0.377734 0.545139 0.044531 0.193056
0 0.507031 0.525000 0.042188 0.186111
0 0.527734 0.526389 0.036719 0.163889
0 0.552734 0.540972 0.038281 0.170833
0 0.581250 0.537500 0.035937 0.161111
0 0.662109 0.536111 0.038281 0.166667
0 0.694922 0.540278 0.036719 0.163889
0 0.737109 0.545139 0.036719 0.159722
0 0.717969 0.481250 0.026562 0.118056
0 0.749219 0.487500 0.029687 0.130556
0 0.768359 0.474306 0.027344 0.118056
0 0.776172 0.538194 0.039844 0.173611
0 0.842578 0.545139 0.039844 0.173611
0 0.870703 0.533333 0.033594 0.144444
0 0.897656 0.538194 0.035937 0.159722
0 0.924609 0.540278 0.036719 0.161111
0 0.958984 0.554167 0.038281 0.169444
0 0.986328 0.537500 0.027344 0.158333
0 0.980859 0.486806 0.025781 0.115278
0 0.883594 0.473611 0.026562 0.116667
0 0.372656 0.408333 0.018750 0.041667
0 0.384766 0.415278 0.014844 0.036111
0 0.398828 0.418056 0.014844 0.036111
0 0.415234 0.418750 0.011719 0.037500
0 0.425781 0.406944 0.010937 0.027778
0 0.439844 0.427083 0.014063 0.037500
0 0.458984 0.420139 0.017969 0.034722
0 0.486328 0.425000 0.016406 0.050000
0 0.523047 0.409722 0.017969 0.025000
0 0.543750 0.409722 0.012500 0.025000
0 0.565625 0.427778 0.020313 0.038889
0 0.593750 0.434722 0.014063 0.050000
0 0.586328 0.422917 0.011719 0.045833
0 0.616406 0.418056 0.010937 0.027778
0 0.625781 0.421528 0.012500 0.031944
0 0.647656 0.449306 0.017188 0.065278
0 0.793750 0.456250 0.020313 0.059722
0 0.809375 0.511111 0.026562 0.086111
0 0.812891 0.457639 0.017969 0.076389
0 0.792578 0.424306 0.010156 0.023611
0 0.834766 0.449306 0.028906 0.095833
0 0.915625 0.445139 0.012500 0.043056
0 0.937109 0.449306 0.021094 0.059722
0 0.160547 0.781944 0.177344 0.133333
0 0.459375 0.909722 0.301563 0.169444
0 0.221094 0.665278 0.106250 0.055556
0 0.563281 0.396528 0.009375 0.023611
