0 0.134106 0.401804 0.102649 0.158317
0 0.041391 0.325651 0.043046 0.070140
0 0.173841 0.336673 0.043046 0.068136
0 0.496689 0.436874 0.172185 0.260521
0 0.443709 0.387776 0.152318 0.226453
0 0.291391 0.331663 0.039735 0.066132
0 0.266556 0.329659 0.043046 0.062124
0 0.238411 0.337675 0.046358 0.074148
0 0.349338 0.326653 0.036424 0.056112
0 0.327815 0.328657 0.039735 0.064128
0 0.619205 0.330661 0.052980 0.080160
0 0.867550 0.461924 0.178808 0.270541
0 0.973510 0.415832 0.152318 0.230461
0 1.155629 0.352705 0.079470 0.124248
0 1.288079 0.365731 0.112583 0.166333
0 1.377483 0.460922 0.185430 0.276553
0 1.571192 0.396794 0.142384 0.208417
0 1.039735 0.335671 0.066225 0.098196
0 1.077815 0.337675 0.069536 0.102204
0 1.235099 0.317635 0.066225 0.102204
0 1.198675 0.318637 0.059603 0.092184
0 0.831126 0.336673 0.225166 0.088176
0 0.200331 0.333667 0.049669 0.070140
0 0.395695 0.321643 0.056291 0.058116
0 0.539735 0.321643 0.139073 0.086172
0 0.783113 0.327655 0.307947 0.086172
0 1.112583 0.333667 0.072848 0.118236
0 1.390728 0.345691 0.192053 0.158317
