0 0.294167 0.265556 0.071667 0.117778
0 0.861667 0.283333 0.070000 0.117778
0 1.021667 0.276667 0.060000 0.100000
0 1.419167 0.278333 0.068333 0.112222
0 0.293333 0.175556 0.060000 0.100000
0 0.369167 0.174444 0.061667 0.102222
0 0.322500 0.158889 0.055000 0.091111
0 0.422500 0.157778 0.058333 0.095556
0 0.470000 0.179444 0.060000 0.101111
0 0.514167 0.158889 0.055000 0.088889
0 0.569167 0.180000 0.061667 0.100000
0 0.612500 0.158889 0.051667 0.084444
0 0.708333 0.180556 0.060000 0.101111
0 0.724167 0.158889 0.055000 0.088889
0 0.828333 0.180556 0.060000 0.096667
0 0.818333 0.160000 0.046667 0.080000
0 0.933333 0.184444 0.053333 0.088889
0 0.916667 0.167222 0.050000 0.085556
0 1.044167 0.185556 0.055000 0.091111
0 1.033333 0.169444 0.050000 0.085556
0 1.170000 0.186111 0.056667 0.092222
0 1.149167 0.164444 0.051667 0.084444
0 0.226667 0.304444 0.060000 0.086667
0 0.339167 0.306111 0.038333 0.078889
0 0.545833 0.311111 0.061667 0.095556
0 0.604167 0.306111 0.055000 0.094444
0 0.665833 0.311667 0.055000 0.092222
0 1.240000 0.308333 0.050000 0.072222
0 1.262500 0.285000 0.051667 0.076667
0 1.344167 0.278333 0.048333 0.072222
0 0.076667 0.623333 0.146667 0.084444
0 0.324167 0.608333 0.155000 0.112222
0 0.484167 0.593889 0.111667 0.130000
0 0.647500 0.597778 0.121667 0.128889
0 0.838333 0.606111 0.133333 0.118889
0 0.970000 0.599444 0.130000 0.132222
0 1.134167 0.599444 0.121667 0.130000
0 1.291667 0.600556 0.133333 0.130000
0 1.407500 0.597778 0.105000 0.104444
0 1.477500 0.587222 0.038333 0.112222
0 0.749167 0.053333 1.498333 0.104444
