0 0.300417 0.556423 0.024167 0.085234
0 0.410417 0.566026 0.029167 0.106843
0 0.446667 0.554022 0.030000 0.109244
0 0.428333 0.544418 0.025000 0.090036
0 0.435833 0.497599 0.036667 0.130852
0 0.506667 0.495198 0.030000 0.104442
0 0.495417 0.507803 0.020833 0.076831
0 0.577917 0.492197 0.024167 0.088836
0 0.688750 0.497599 0.032500 0.114046
0 0.722917 0.497599 0.029167 0.106843
0 0.844167 0.487395 0.026667 0.093637
0 0.762500 0.432173 0.023333 0.081633
0 0.791667 0.441176 0.020000 0.070828
0 0.337500 0.522209 0.040000 0.084034
0 0.365000 0.522209 0.041667 0.084034
0 0.517083 0.496999 0.014167 0.067227
0 0.599583 0.481993 0.029167 0.063625
0 0.028333 0.591236 0.043333 0.099640
0 0.057083 0.511405 0.012500 0.024010
0 0.017917 0.555222 0.022500 0.032413
0 0.857083 0.427971 0.034167 0.039616
