0 0.047425 0.441667 0.094851 0.225758
0 0.264228 0.421212 0.111111 0.154545
0 0.780488 0.440152 0.140921 0.192424
0 0.911924 0.450758 0.143631 0.201515
0 0.967480 0.431061 0.124661 0.171212
0 1.048780 0.438636 0.146341 0.198485
0 1.066396 0.428030 0.111111 0.156061
0 1.237127 0.445455 0.138211 0.187879
0 1.299458 0.416667 0.100271 0.139394
0 1.481030 0.448485 0.138211 0.193939
0 0.869919 0.408333 0.081301 0.113636
0 0.428184 0.381061 0.070461 0.053030
0 0.411924 0.368182 0.037940 0.039394
0 0.635501 0.363636 0.046070 0.033333
0 0.704607 0.370455 0.043360 0.037879
0 0.827913 0.371970 0.051491 0.040909
