0 0.131528 0.478261 0.061896 0.113043
0 0.283366 0.497101 0.063830 0.121739
0 0.258221 0.468841 0.059961 0.111594
0 0.401354 0.463043 0.059961 0.108696
0 0.446809 0.486232 0.058027 0.108696
0 0.541586 0.449275 0.054159 0.104348
0 0.597679 0.478986 0.058027 0.105797
0 0.663443 0.436957 0.050290 0.097101
0 0.731141 0.466667 0.058027 0.107246
0 0.867505 0.454348 0.056093 0.105797
0 0.914894 0.413768 0.058027 0.108696
0 1.015474 0.431884 0.061896 0.113043
0 1.090909 0.406522 0.058027 0.111594
0 1.189555 0.425362 0.061896 0.114493
0 1.164410 0.284783 0.030948 0.059420
0 1.064797 0.279710 0.032882 0.060870
0 1.048356 0.282609 0.027079 0.055072
0 0.764990 0.276087 0.029014 0.056522
0 0.745648 0.273188 0.032882 0.062319
0 0.659574 0.291304 0.034816 0.066667
0 0.693424 0.280435 0.029014 0.053623
0 0.671180 0.276812 0.030948 0.057971
0 0.234043 0.350725 0.042553 0.078261
0 0.790135 0.353623 0.040619 0.075362
0 0.816248 0.360145 0.042553 0.082609
0 0.838491 0.370290 0.044487 0.082609
0 0.856867 0.371739 0.042553 0.079710
0 0.866538 0.381884 0.038685 0.071014
0 0.902321 0.350000 0.040619 0.073913
0 0.968085 0.358696 0.040619 0.079710
0 1.013540 0.366667 0.038685 0.075362
0 1.057060 0.389855 0.048356 0.092754
0 1.046422 0.383333 0.042553 0.082609
0 0.119923 0.365217 0.038685 0.069565
0 0.097679 0.323188 0.048356 0.086957
0 0.290135 0.124638 0.030948 0.060870
0 0.512573 0.221014 0.030948 0.059420
0 0.640232 0.276812 0.030948 0.057971
0 1.020309 0.096377 0.025145 0.044928
0 1.035783 0.097826 0.025145 0.047826
0 1.056093 0.100725 0.027079 0.050725
0 1.073501 0.102899 0.027079 0.049275
0 1.108317 0.097826 0.023211 0.047826
0 1.126692 0.094203 0.025145 0.049275
0 1.145068 0.097101 0.023211 0.046377
0 1.179884 0.094203 0.027079 0.049275
0 1.222437 0.092029 0.023211 0.047826
0 1.244681 0.092029 0.025145 0.044928
0 1.268859 0.090580 0.027079 0.050725
0 0.848162 0.106522 0.025145 0.047826
0 0.805609 0.104348 0.025145 0.046377
0 0.792070 0.106522 0.017408 0.036232
0 0.759188 0.107246 0.025145 0.049275
0 0.616054 0.104348 0.021277 0.037681
0 0.653772 0.104348 0.019342 0.040580
0 0.703095 0.105072 0.025145 0.047826
0 0.717602 0.106522 0.027079 0.050725
0 0.744681 0.107246 0.019342 0.040580
0 0.594778 0.110145 0.017408 0.031884
0 0.573501 0.105797 0.021277 0.037681
0 0.512573 0.113768 0.019342 0.039130
0 1.326886 0.087681 0.015474 0.044928
0 0.292070 0.371014 0.081238 0.040580
0 0.653772 0.262319 0.015474 0.028986
0 0.941006 0.255797 0.032882 0.044928
0 1.225338 0.253623 0.040619 0.046377
0 1.119923 0.252899 0.030948 0.044928
0 1.096712 0.255797 0.023211 0.042029
0 1.032882 0.255072 0.027079 0.046377
0 1.008704 0.256522 0.029014 0.043478
0 0.982592 0.257246 0.030948 0.036232
0 0.895551 0.252899 0.038685 0.044928
0 0.798839 0.256522 0.027079 0.037681
0 0.826886 0.253623 0.025145 0.040580
0 0.844294 0.252899 0.021277 0.039130
0 0.862669 0.253623 0.023211 0.037681
0 0.536750 0.103623 0.021277 0.021739
0 0.723404 0.276812 0.042553 0.055072
0 0.298839 0.200000 0.597679 0.284058
0 0.965184 0.139130 0.735010 0.095652
