0 0.252000 0.525526 0.168000 0.612613
0 0.476000 0.567568 0.176000 0.654655
0 0.718000 0.555556 0.212000 0.786787
0 0.616000 0.381381 0.100000 0.366366
0 0.650000 0.408408 0.092000 0.336336
0 0.854000 0.337838 0.080000 0.297297
0 0.304000 0.445946 0.108000 0.393393
0 0.365000 0.438438 0.086000 0.324324
0 0.399000 0.451952 0.102000 0.381381
0 0.073000 0.472973 0.106000 0.387387
0 0.063000 0.459459 0.090000 0.336336
0 0.161000 0.469970 0.106000 0.393393
0 0.023000 0.484985 0.046000 0.345345
0 0.818000 0.462462 0.088000 0.240240
0 0.549000 0.273273 0.014000 0.036036
0 0.537000 0.279279 0.046000 0.066066
0 0.277000 0.289790 0.030000 0.075075
0 0.165000 0.294294 0.034000 0.072072
0 0.192000 0.345345 0.040000 0.174174
