0 0.111694 0.516000 0.181409 0.298000
0 0.046477 0.417500 0.092954 0.179000
0 0.203898 0.429500 0.119940 0.197000
0 0.281109 0.458000 0.145427 0.238000
0 0.513493 0.531000 0.166417 0.272000
0 0.443028 0.397500 0.052474 0.085000
0 0.460270 0.383500 0.041979 0.071000
0 0.491004 0.410000 0.055472 0.090000
0 0.550225 0.413500 0.056972 0.093000
0 0.580210 0.410000 0.053973 0.088000
0 0.607946 0.435500 0.067466 0.111000
0 0.638681 0.421500 0.056972 0.095000
0 0.679160 0.447000 0.074963 0.122000
0 0.703148 0.429500 0.062969 0.105000
0 0.713643 0.415000 0.056972 0.094000
0 0.739880 0.405000 0.049475 0.080000
0 0.749625 0.396500 0.044978 0.073000
0 0.765367 0.387500 0.034483 0.057000
0 0.784858 0.471000 0.082459 0.138000
0 0.783358 0.445500 0.073463 0.121000
0 1.095952 0.524000 0.107946 0.178000
0 1.178411 0.505000 0.101949 0.168000
0 1.255622 0.494000 0.091454 0.148000
0 1.323088 0.486500 0.079460 0.133000
0 1.353823 0.469000 0.074963 0.122000
0 1.380060 0.458500 0.067466 0.111000
0 1.407796 0.453500 0.059970 0.099000
0 1.434783 0.445500 0.056972 0.093000
0 0.941529 0.499500 0.095952 0.157000
0 0.896552 0.462000 0.080960 0.132000
0 0.864318 0.436500 0.061469 0.101000
0 0.973013 0.454500 0.071964 0.117000
0 1.014993 0.481000 0.083958 0.138000
0 1.044228 0.448500 0.067466 0.109000
0 1.101949 0.464000 0.068966 0.114000
0 1.222639 0.453500 0.067466 0.109000
0 1.260870 0.446500 0.059970 0.097000
0 1.297601 0.436000 0.049475 0.084000
0 1.320840 0.430000 0.044978 0.074000
0 1.149175 0.413500 0.037481 0.061000
0 1.078711 0.409000 0.040480 0.066000
0 0.937031 0.418500 0.038981 0.067000
0 0.811094 0.396000 0.035982 0.060000
0 0.856072 0.422500 0.056972 0.093000
0 0.005247 0.351000 0.010495 0.068000
0 0.107946 0.351500 0.044978 0.069000
0 0.120690 0.370500 0.046477 0.099000
0 0.526237 0.374000 0.029985 0.030000
0 0.523988 0.360500 0.025487 0.025000
0 0.662669 0.384000 0.026987 0.032000
0 0.682909 0.373500 0.025487 0.023000
0 1.240630 0.401500 0.022489 0.025000
0 1.209145 0.402500 0.025487 0.029000
0 1.166417 0.428000 0.038981 0.042000
0 1.168666 0.409500 0.031484 0.031000
0 1.107196 0.394500 0.028486 0.031000
0 1.117691 0.413500 0.025487 0.041000
0 1.061469 0.400000 0.023988 0.040000
0 1.037481 0.391000 0.023988 0.028000
0 1.023238 0.385500 0.022489 0.033000
0 1.002249 0.400500 0.022489 0.031000
0 0.977511 0.395000 0.023988 0.032000
0 0.973013 0.383500 0.020990 0.029000
0 0.926537 0.395500 0.023988 0.033000
0 0.919040 0.388000 0.017991 0.030000
0 0.916792 0.376000 0.022489 0.022000
0 0.276612 0.222500 0.553223 0.185000
0 1.016492 0.281000 0.956522 0.174000
0 0.654423 0.371500 0.373313 0.063000
0 0.873313 0.377000 0.025487 0.036000
