0 0.076705 0.605505 0.039773 0.159021
0 0.287879 0.628440 0.056818 0.229358
0 0.347538 0.574924 0.024621 0.097859
0 0.329545 0.577982 0.022727 0.097859
0 0.320076 0.576453 0.022727 0.088685
0 0.401515 0.626911 0.045455 0.183486
0 0.462121 0.610092 0.041667 0.162080
0 0.494318 0.636086 0.056818 0.232416
0 0.555871 0.622324 0.047348 0.186544
0 0.536932 0.591743 0.024621 0.100917
0 0.576705 0.593272 0.024621 0.097859
0 0.694129 0.602446 0.035985 0.152905
0 0.161932 0.542813 0.013258 0.051988
0 0.443182 0.579511 0.018939 0.076453
0 0.420455 0.577982 0.018939 0.073394
0 0.599432 0.561162 0.013258 0.051988
0 0.981061 0.626911 0.037879 0.152905
0 0.121212 0.550459 0.022727 0.048930
0 0.314394 0.548930 0.011364 0.033639
0 0.652462 0.565749 0.077652 0.067278
0 0.843750 0.587156 0.270833 0.091743
0 0.375947 0.548930 0.028409 0.039755
