0 1.289579 0.446403 0.110220 0.190409
0 1.213427 0.458392 0.138277 0.239774
0 1.142285 0.450635 0.116232 0.198872
0 1.066132 0.456982 0.116232 0.200282
0 0.985972 0.454866 0.120240 0.210155
0 0.907816 0.454161 0.116232 0.203103
0 0.825651 0.458392 0.116232 0.203103
0 0.737475 0.458392 0.120240 0.208745
0 0.651303 0.460508 0.124248 0.218618
0 0.562124 0.459097 0.130261 0.227080
0 0.464930 0.458392 0.136273 0.234133
0 0.369739 0.459803 0.142285 0.245416
0 0.274549 0.476023 0.156313 0.269394
0 0.219439 0.471791 0.154309 0.266573
0 0.177355 0.470381 0.142285 0.249647
