0 0.714000 0.504505 0.192000 0.708709
0 0.343000 0.234234 0.034000 0.126126
0 0.023000 0.244745 0.038000 0.141141
0 0.124000 0.232733 0.028000 0.105105
0 0.153000 0.235736 0.022000 0.087087
0 0.188000 0.219219 0.028000 0.102102
0 0.227000 0.217718 0.018000 0.063063
0 0.447000 0.509009 0.102000 0.183183
0 0.592000 0.530030 0.104000 0.183183
0 0.544000 0.285285 0.044000 0.096096
0 0.109000 0.819820 0.214000 0.348348
0 0.279000 0.515015 0.134000 0.171171
0 0.096000 0.433934 0.064000 0.141141
0 0.038000 0.339339 0.040000 0.066066
0 0.167000 0.390390 0.050000 0.102102
0 0.200000 0.369369 0.036000 0.084084
0 0.191000 0.300300 0.042000 0.048048
0 0.212000 0.337838 0.024000 0.057057
0 0.326000 0.418919 0.056000 0.117117
0 0.423000 0.409910 0.086000 0.093093
0 0.443000 0.337838 0.050000 0.105105
0 0.374000 0.343844 0.052000 0.081081
0 0.315000 0.322823 0.054000 0.063063
0 0.276000 0.297297 0.036000 0.054054
0 0.869000 0.247748 0.030000 0.123123
0 0.838000 0.249249 0.028000 0.132132
0 0.762000 0.225225 0.048000 0.090090
0 0.806000 0.232733 0.032000 0.069069
0 0.446000 0.232733 0.404000 0.117117
