0 0.061247 0.135000 0.122494 0.192500
0 0.157016 0.081250 0.082405 0.112500
0 0.273942 0.138750 0.133630 0.182500
0 0.349666 0.113750 0.142539 0.195000
0 0.218263 0.080000 0.057906 0.082500
0 0.502227 0.106875 0.135857 0.188750
0 0.554566 0.098125 0.111359 0.156250
0 0.604677 0.108750 0.135857 0.187500
0 0.655902 0.083125 0.082405 0.116250
0 0.789532 0.121875 0.077951 0.108750
0 0.739421 0.051250 0.066815 0.095000
0 0.822940 0.092500 0.118040 0.165000
0 0.904232 0.108750 0.093541 0.127500
0 0.863029 0.088125 0.095768 0.131250
0 0.928731 0.076250 0.097996 0.137500
0 0.967706 0.101250 0.131403 0.182500
0 1.004454 0.111250 0.133630 0.182500
0 1.683742 0.085000 0.120267 0.165000
0 1.128062 0.278750 0.403118 0.555000
0 1.516704 0.281250 0.409800 0.560000
0 1.315145 0.080000 0.104677 0.147500
0 1.046771 0.019375 0.044543 0.031250
0 0.759465 0.064375 0.031180 0.038750
