0 0.163636 0.352853 0.327273 0.561562
0 0.370455 0.373874 0.350000 0.561562
0 0.550000 0.396396 0.300000 0.492492
0 0.904545 0.381381 0.336364 0.540541
0 1.040909 0.366366 0.227273 0.366366
0 1.143182 0.366366 0.231818 0.384384
0 1.277273 0.319820 0.145455 0.237237
0 1.340909 0.367868 0.209091 0.339339
0 0.675000 0.171171 0.059091 0.096096
0 1.190909 0.192192 0.072727 0.126126
0 1.284091 0.199700 0.077273 0.123123
0 1.347727 0.196697 0.077273 0.129129
0 1.429545 0.198198 0.068182 0.114114
0 0.697727 0.094595 0.050000 0.081081
0 0.750000 0.082583 0.045455 0.075075
0 1.397727 0.217718 0.068182 0.087087
0 1.361364 0.117117 0.050000 0.036036
0 1.429545 0.100601 0.050000 0.051051
0 1.261364 0.082583 0.059091 0.069069
0 1.211364 0.079580 0.040909 0.063063
0 1.131818 0.076577 0.054545 0.057057
0 0.963636 0.079580 0.090909 0.069069
0 0.886364 0.085586 0.054545 0.051051
0 0.384091 0.043544 0.750000 0.081081
0 1.154545 0.039039 0.700000 0.072072
