0 0.116541 0.404167 0.132832 0.218333
0 0.229323 0.408333 0.107769 0.173333
0 0.279449 0.406667 0.072682 0.116667
0 0.314536 0.409167 0.057644 0.098333
0 0.352130 0.409167 0.052632 0.088333
0 0.508772 0.439167 0.155388 0.255000
0 0.637845 0.404167 0.047619 0.078333
0 0.660401 0.402500 0.052632 0.088333
0 0.689223 0.402500 0.065163 0.105000
0 0.756892 0.402500 0.090226 0.151667
0 0.934837 0.415000 0.300752 0.490000
0 1.022556 0.399167 0.090226 0.145000
0 1.057644 0.402500 0.060150 0.098333
0 1.208020 0.395833 0.115288 0.191667
0 1.244361 0.404167 0.077694 0.131667
0 1.293233 0.438333 0.110276 0.183333
0 1.345865 0.404167 0.020050 0.035000
0 1.372180 0.405000 0.022556 0.036667
0 1.407268 0.400000 0.022556 0.040000
0 1.464912 0.393333 0.077694 0.170000
0 1.216792 0.605833 0.563910 0.111667
