0 0.059375 0.572967 0.068750 0.260766
0 0.138281 0.599282 0.089063 0.332536
0 0.247656 0.653110 0.117188 0.435407
0 0.360156 0.582536 0.073438 0.275120
0 0.322656 0.533493 0.042188 0.157895
0 0.446875 0.711722 0.150000 0.562201
0 0.505469 0.606459 0.079687 0.303828
0 0.578906 0.525120 0.029687 0.117225
0 0.618750 0.541866 0.056250 0.212919
0 0.656250 0.575359 0.065625 0.251196
0 0.760156 0.673445 0.120313 0.456938
0 0.913281 0.607656 0.089063 0.334928
0 0.827344 0.533493 0.051562 0.196172
0 0.957031 0.564593 0.076563 0.287081
