0 0.036667 0.665414 0.073333 0.288221
0 0.065000 0.681704 0.056667 0.215539
0 0.105000 0.675439 0.066667 0.248120
0 0.149167 0.705514 0.048333 0.182957
0 0.219167 0.710526 0.045000 0.167920
0 0.250000 0.675439 0.056667 0.213033
0 0.303333 0.671679 0.060000 0.220551
0 0.349167 0.691729 0.071667 0.260652
0 0.337500 0.659148 0.068333 0.255639
0 0.392500 0.827068 0.088333 0.330827
0 0.417500 0.677945 0.075000 0.283208
0 0.521667 0.783208 0.113333 0.423559
0 0.598333 0.685464 0.070000 0.263158
0 0.624167 0.744361 0.078333 0.285714
0 0.695833 0.728070 0.125000 0.458647
0 0.807500 0.790727 0.105000 0.383459
0 0.888333 0.733083 0.086667 0.318296
0 0.660000 0.713033 0.070000 0.263158
0 0.853333 0.611529 0.030000 0.075188
0 0.457500 0.583960 0.028333 0.040100
0 0.483333 0.645363 0.056667 0.077694
0 0.150833 0.580201 0.031667 0.052632
0 0.185833 0.576441 0.041667 0.060150
0 0.093333 0.550125 0.030000 0.062657
0 0.075000 0.528822 0.030000 0.045113
0 0.055833 0.522556 0.021667 0.042607
