0 0.296429 0.500000 0.228571 0.395000
0 0.548214 0.422500 0.060714 0.105000
0 0.778571 0.413750 0.042857 0.072500
0 0.801786 0.468750 0.103571 0.177500
0 0.882143 0.420000 0.042857 0.075000
0 0.930357 0.445000 0.060714 0.110000
0 0.980357 0.468750 0.125000 0.212500
0 1.041071 0.448750 0.067857 0.117500
0 1.080357 0.442500 0.053571 0.100000
0 1.107143 0.436250 0.050000 0.092500
0 1.126786 0.435000 0.053571 0.090000
0 1.169643 0.458750 0.060714 0.112500
0 1.183929 0.445000 0.060714 0.105000
0 1.198214 0.441250 0.053571 0.097500
0 1.217857 0.433750 0.050000 0.087500
0 1.235714 0.430000 0.050000 0.090000
0 0.666071 0.438750 0.053571 0.052500
0 0.367857 0.321250 0.735714 0.117500
0 0.808929 0.332500 0.560714 0.140000
