0 0.068548 0.681818 0.100806 0.512397
0 0.134073 0.659091 0.106855 0.533058
0 0.206653 0.685950 0.098790 0.504132
0 0.289315 0.694215 0.090726 0.454545
0 0.350806 0.690083 0.096774 0.495868
0 0.419355 0.688017 0.100806 0.508264
0 0.509073 0.665289 0.094758 0.487603
0 0.603831 0.652893 0.102823 0.528926
0 0.703629 0.634298 0.108871 0.541322
0 0.813508 0.640496 0.102823 0.528926
0 0.915323 0.638430 0.104839 0.524793
0 0.841734 0.533058 0.082661 0.421488
0 0.786290 0.537190 0.080645 0.404959
0 0.725806 0.526860 0.084677 0.433884
0 0.638105 0.506198 0.086694 0.442149
0 0.536290 0.543388 0.080645 0.400826
0 0.456653 0.543388 0.086694 0.433884
0 0.387097 0.549587 0.084677 0.421488
0 0.313508 0.533058 0.086694 0.438017
0 0.244960 0.539256 0.082661 0.417355
0 0.179435 0.543388 0.080645 0.409091
0 0.670363 0.338843 0.038306 0.132231
