0 0.211584 0.380833 0.215130 0.375000
0 0.412530 0.398333 0.281324 0.483333
0 0.334515 0.347500 0.215130 0.368333
0 0.541371 0.392500 0.146572 0.251667
0 0.786052 0.390000 0.328605 0.566667
0 1.048463 0.376667 0.144208 0.250000
0 1.160757 0.393333 0.066194 0.113333
0 0.955083 0.382500 0.080378 0.138333
0 0.901891 0.391667 0.054374 0.096667
0 1.232861 0.395000 0.044917 0.083333
0 1.268322 0.400000 0.059102 0.100000
0 0.639480 0.388333 0.092199 0.163333
0 0.697400 0.396667 0.099291 0.176667
0 0.598109 0.380000 0.104019 0.180000
0 0.068558 0.354167 0.132388 0.095000
