0 0.020000 0.477333 0.040000 0.234667
0 0.019000 0.432000 0.038000 0.154667
0 0.092000 0.457333 0.052000 0.168000
0 0.104000 0.501333 0.076000 0.245333
0 0.192000 0.488000 0.060000 0.202667
0 0.230000 0.518667 0.072000 0.242667
0 0.278000 0.506667 0.072000 0.240000
0 0.301000 0.470667 0.058000 0.189333
0 0.348000 0.458667 0.048000 0.160000
0 0.387000 0.482667 0.062000 0.202667
0 0.415000 0.556000 0.094000 0.312000
0 0.475000 0.488000 0.066000 0.224000
0 0.455000 0.468000 0.050000 0.168000
0 0.531000 0.473333 0.062000 0.200000
0 0.592000 0.534667 0.084000 0.274667
0 0.636000 0.586667 0.104000 0.341333
0 0.622000 0.502667 0.056000 0.184000
0 0.779000 0.512000 0.066000 0.218667
0 0.799000 0.537333 0.078000 0.253333
0 0.843000 0.568000 0.094000 0.314667
0 0.937000 0.637333 0.126000 0.416000
0 0.716000 0.406667 0.024000 0.088000
0 0.915000 0.422667 0.026000 0.088000
0 0.177000 0.368000 0.314000 0.101333
0 0.443000 0.384000 0.154000 0.074667
0 0.605000 0.392000 0.114000 0.058667
0 0.767000 0.400000 0.054000 0.069333
0 0.820000 0.400000 0.036000 0.080000
0 0.965000 0.414667 0.066000 0.093333
0 0.882000 0.396000 0.056000 0.061333
