0 0.046111 0.431667 0.092222 0.556667
0 0.081111 0.589167 0.162222 0.708333
0 0.142222 0.358333 0.108889 0.400000
0 0.258889 0.329167 0.088889 0.325000
0 0.092778 0.126667 0.018889 0.073333
0 0.355000 0.355000 0.083333 0.310000
0 0.642778 0.685833 0.167778 0.615000
0 0.838333 0.721667 0.147778 0.543333
0 0.803333 0.427500 0.066667 0.245000
0 0.953889 0.530833 0.083333 0.305000
0 0.569444 0.415833 0.096667 0.355000
0 0.457778 0.622500 0.137778 0.505000
0 0.407222 0.316667 0.067778 0.250000
0 0.466667 0.334167 0.055556 0.208333
0 0.932222 0.463333 0.053333 0.200000
0 0.876111 0.421667 0.052222 0.196667
0 0.980000 0.494167 0.040000 0.208333
0 0.447222 0.773333 0.267778 0.433333
0 0.722778 0.421667 0.070000 0.193333
0 0.725000 0.347500 0.032222 0.128333
0 0.750556 0.345000 0.025556 0.136667
0 0.521111 0.294167 0.055556 0.138333
0 0.550556 0.228333 0.023333 0.063333
0 0.510000 0.231667 0.017778 0.046667
0 0.490556 0.370833 0.054444 0.161667
0 0.601111 0.324167 0.031111 0.098333
0 0.962778 0.370000 0.063333 0.100000
