0 0.241206 0.452500 0.085427 0.138333
0 0.322864 0.450000 0.082915 0.136667
0 0.381910 0.451667 0.085427 0.143333
0 0.442211 0.451667 0.085427 0.140000
0 0.492462 0.455000 0.080402 0.133333
0 0.551508 0.452500 0.087940 0.148333
0 0.625628 0.444167 0.085427 0.141667
0 0.688442 0.451667 0.080402 0.133333
0 0.753769 0.445833 0.085427 0.138333
0 0.816583 0.450000 0.085427 0.140000
0 0.880653 0.440000 0.082915 0.133333
0 0.944724 0.447500 0.080402 0.135000
0 1.005025 0.445833 0.080402 0.135000
0 1.067839 0.443333 0.085427 0.136667
0 1.116834 0.445833 0.082915 0.138333
0 1.178392 0.443333 0.085427 0.143333
0 1.261307 0.440833 0.085427 0.138333
0 0.248744 0.485000 0.065327 0.103333
0 0.321608 0.487500 0.065327 0.118333
0 0.390704 0.488333 0.062814 0.093333
0 0.477387 0.483333 0.065327 0.110000
0 0.542714 0.490833 0.065327 0.108333
0 0.620603 0.484167 0.070352 0.101667
0 0.685930 0.489167 0.055276 0.111667
0 0.743719 0.485833 0.060302 0.098333
0 0.791457 0.488333 0.055276 0.090000
0 0.849246 0.495000 0.060302 0.086667
0 0.894472 0.487500 0.060302 0.098333
0 0.952261 0.487500 0.065327 0.098333
0 1.017588 0.480000 0.065327 0.106667
0 1.108040 0.488333 0.075377 0.096667
0 1.201005 0.481667 0.055276 0.100000
0 1.286432 0.483333 0.070352 0.093333
