0 0.384040 0.283961 0.059850 0.099836
0 0.517456 0.296236 0.072319 0.121113
0 0.614713 0.313421 0.057357 0.096563
0 0.668329 0.307692 0.074813 0.124386
0 0.753117 0.307692 0.079800 0.127660
0 0.947631 0.402619 0.139651 0.225859
0 0.642145 0.469722 0.177057 0.284779
0 0.790524 0.292962 0.044888 0.075286
0 0.879052 0.300327 0.052369 0.086743
0 0.855362 0.292144 0.044888 0.076923
0 0.905237 0.301964 0.044888 0.070376
0 0.913965 0.260229 0.037406 0.065466
0 1.000000 0.324059 0.084788 0.134206
0 1.114713 0.339607 0.079800 0.129296
0 1.076060 0.309329 0.067332 0.108020
0 1.187032 0.279051 0.084788 0.139116
0 1.280549 0.428805 0.167082 0.271686
0 1.396509 0.320786 0.054863 0.091653
0 1.289277 0.279869 0.059850 0.055646
0 0.532419 0.234861 0.062344 0.034370
0 1.395262 0.247954 0.127182 0.040917
0 1.260599 0.228314 0.102244 0.031097
