0 0.146973 0.883464 0.047852 0.157552
0 0.135742 0.874349 0.042969 0.141927
0 0.181641 0.863932 0.044922 0.149740
0 0.339844 0.814453 0.017578 0.055990
0 0.323730 0.813151 0.014648 0.048177
0 0.477051 0.850260 0.022461 0.072917
0 0.633301 0.883464 0.038086 0.123698
0 0.656250 0.886068 0.033203 0.110677
0 0.663574 0.881510 0.034180 0.111979
0 0.695312 0.886068 0.035156 0.113281
0 0.724609 0.893229 0.033203 0.109375
0 0.732422 0.855469 0.019531 0.067708
0 0.763672 0.873047 0.025391 0.087240
0 0.895996 0.925781 0.038086 0.127604
