0 0.085000 0.822335 0.030000 0.131980
0 0.116429 0.819797 0.024286 0.111675
0 0.127857 0.818528 0.027143 0.124365
0 0.177857 0.826142 0.018571 0.088832
0 0.299286 0.823604 0.032857 0.149746
0 0.350714 0.837563 0.024286 0.111675
0 0.494286 0.799492 0.014286 0.071066
0 0.040000 0.804569 0.011429 0.050761
0 0.572143 0.781726 0.012857 0.055838
0 0.585714 0.786802 0.011429 0.055838
0 0.594286 0.790609 0.008571 0.043147
0 0.637857 0.779188 0.012857 0.055838
0 0.647143 0.777919 0.008571 0.043147
0 0.657857 0.782995 0.010000 0.043147
0 0.974286 0.804569 0.017143 0.081218
0 0.957143 0.793147 0.020000 0.088832
0 0.930000 0.785533 0.017143 0.083756
0 0.904286 0.790609 0.017143 0.083756
0 0.214286 0.813452 0.022857 0.098985
