0 0.125000 0.605016 0.102000 0.388715
0 0.303000 0.583072 0.102000 0.401254
0 0.333000 0.532915 0.074000 0.294671
0 0.398000 0.547022 0.060000 0.228840
0 0.428000 0.543887 0.060000 0.235110
0 0.471000 0.573668 0.074000 0.294671
0 0.525000 0.568966 0.090000 0.341693
0 0.610000 0.592476 0.092000 0.357367
0 0.697000 0.575235 0.066000 0.253918
0 0.726000 0.575235 0.060000 0.235110
0 0.770000 0.534483 0.048000 0.184953
0 0.810000 0.551724 0.048000 0.181818
0 0.866000 0.587774 0.048000 0.191223
0 0.946000 0.561129 0.048000 0.188088
0 0.454000 0.543887 0.060000 0.228840
0 0.788000 0.528213 0.032000 0.128527
0 0.047000 0.611285 0.038000 0.056426
0 0.664000 0.498433 0.052000 0.125392
