0 0.151875 0.732184 0.086250 0.393103
0 0.308750 0.732184 0.097500 0.439080
0 0.391250 0.710345 0.057500 0.266667
0 0.492500 0.736782 0.110000 0.494253
0 0.546250 0.687356 0.032500 0.151724
0 0.563750 0.695402 0.050000 0.222989
0 0.623125 0.695402 0.068750 0.310345
0 0.661875 0.687356 0.048750 0.225287
0 0.687500 0.689655 0.035000 0.165517
0 0.764375 0.700000 0.061250 0.273563
0 0.798125 0.733333 0.108750 0.496552
0 0.594375 0.700000 0.021250 0.098851
0 0.856875 0.704598 0.031250 0.103448
0 0.882500 0.704598 0.020000 0.098851
