0 0.143125 0.572233 0.131250 0.484053
0 0.238750 0.589118 0.120000 0.446529
0 0.330000 0.572233 0.120000 0.446529
0 0.439375 0.556285 0.128750 0.474672
0 0.544375 0.576923 0.123750 0.452158
0 0.673125 0.554409 0.106250 0.392120
0 0.880000 0.551595 0.127500 0.465291
0 0.196250 0.720450 0.110000 0.431520
0 0.332500 0.752345 0.152500 0.356473
0 0.534375 0.762664 0.136250 0.384615
0 0.441875 0.593809 0.108750 0.354597
0 0.663125 0.714822 0.108750 0.405253
0 0.856875 0.689493 0.213750 0.497186
0 0.484375 0.362101 0.113750 0.135084
0 0.650000 0.351782 0.122500 0.125704
0 0.783125 0.436210 0.061250 0.227017
0 0.952500 0.439024 0.052500 0.176360
0 0.735000 0.444653 0.045000 0.090056
0 0.111250 0.357411 0.035000 0.088180
