0 0.107500 0.508065 0.015000 0.059140
0 0.216875 0.447133 0.016250 0.062724
0 0.232500 0.447133 0.017500 0.066308
0 0.244375 0.396953 0.016250 0.055556
0 0.021250 0.262545 0.015000 0.055556
0 0.041875 0.261649 0.013750 0.053763
0 0.318125 0.332437 0.016250 0.059140
0 0.480625 0.172939 0.013750 0.051971
0 0.537500 0.325269 0.012500 0.048387
0 0.572500 0.256272 0.015000 0.057348
0 0.447500 0.943548 0.020000 0.069892
0 0.493125 0.901434 0.018750 0.068100
0 0.503125 0.905914 0.016250 0.062724
0 0.346250 0.696237 0.017500 0.062724
0 0.600000 0.698029 0.017500 0.062724
0 0.582500 0.655914 0.015000 0.053763
0 0.635000 0.649642 0.012500 0.048387
0 0.696875 0.603943 0.016250 0.057348
0 0.840000 0.657706 0.017500 0.060932
0 0.652500 0.494624 0.012500 0.046595
0 0.665000 0.477599 0.012500 0.048387
0 0.647500 0.488351 0.015000 0.055556
0 0.963125 0.343190 0.016250 0.059140
0 0.839375 0.432796 0.013750 0.051971
0 0.853125 0.431004 0.016250 0.062724
0 0.726250 0.136201 0.015000 0.053763
0 0.655625 0.139785 0.013750 0.046595
0 0.904375 0.319892 0.013750 0.051971
0 0.151875 0.612903 0.018750 0.071685
0 0.197500 0.670251 0.015000 0.057348
0 0.668125 0.250000 0.013750 0.048387
0 0.679375 0.223118 0.011250 0.044803
0 0.711250 0.192652 0.010000 0.037634
0 0.735000 0.219534 0.007500 0.026882
0 0.741250 0.181004 0.010000 0.035842
0 0.811875 0.117384 0.013750 0.048387
0 0.861875 0.137097 0.013750 0.051971
0 0.619375 0.648746 0.026250 0.039427
