0 0.200000 0.575000 0.106667 0.365625
0 0.128333 0.612500 0.096667 0.334375
0 0.097222 0.815625 0.105556 0.362500
0 0.220556 0.441406 0.083333 0.289062
0 0.256667 0.414844 0.077778 0.270313
0 0.286111 0.397656 0.078889 0.270313
0 0.335556 0.407031 0.073333 0.251563
0 0.415000 0.421875 0.078889 0.275000
0 0.502222 0.489844 0.102222 0.354687
0 0.528333 0.324219 0.058889 0.204687
0 0.478333 0.208594 0.045556 0.160938
0 0.441667 0.194531 0.036667 0.129688
0 0.357778 0.163281 0.053333 0.182812
0 0.381667 0.187500 0.038889 0.134375
0 0.326667 0.184375 0.051111 0.175000
0 0.696111 0.103125 0.041111 0.140625
0 0.764444 0.074219 0.040000 0.139063
0 0.712778 0.078906 0.036667 0.126562
0 0.790556 0.064062 0.034444 0.121875
0 0.838889 0.064062 0.037778 0.128125
0 0.897222 0.067187 0.038889 0.134375
0 0.925556 0.072656 0.042222 0.145313
0 0.963889 0.060156 0.032222 0.114062
0 0.060000 0.275000 0.051111 0.175000
0 0.176667 0.236719 0.042222 0.148438
0 0.218333 0.225781 0.041111 0.145313
0 0.261667 0.203906 0.043333 0.148438
0 0.291111 0.170313 0.051111 0.178125
0 0.456667 0.189062 0.042222 0.150000
0 0.411667 0.632031 0.176667 0.126562
0 0.628889 0.529687 0.180000 0.109375
0 0.119444 0.428125 0.054444 0.078125
0 0.104444 0.357812 0.057778 0.078125
0 0.146111 0.365625 0.038889 0.078125
0 0.178889 0.333594 0.035556 0.064062
0 0.253333 0.255469 0.037778 0.079687
0 0.042222 0.488281 0.068889 0.098437
0 0.056667 0.445312 0.044444 0.078125
0 0.015000 0.374219 0.030000 0.067187
0 0.048889 0.347656 0.064444 0.095312
0 0.013889 0.278906 0.023333 0.073438
0 0.095000 0.239063 0.030000 0.059375
0 0.127778 0.272656 0.064444 0.079687
0 0.144444 0.248438 0.035556 0.068750
0 0.128889 0.194531 0.026667 0.042188
0 0.111667 0.213281 0.030000 0.045312
0 0.191111 0.178906 0.020000 0.060937
0 0.211667 0.130469 0.027778 0.042188
