0 0.140000 0.445833 0.231111 0.421667
0 0.267778 0.445833 0.215556 0.398333
0 0.412222 0.446667 0.211111 0.386667
0 0.524444 0.464167 0.200000 0.371667
0 0.631111 0.447500 0.204444 0.378333
0 0.696667 0.475833 0.215556 0.395000
0 0.807778 0.438333 0.237778 0.436667
0 0.915556 0.487500 0.248889 0.461667
0 1.044444 0.484167 0.257778 0.471667
0 1.153333 0.495833 0.271111 0.501667
0 1.213333 0.487500 0.240000 0.508333
0 0.502222 0.270000 0.075556 0.076667
0 0.205556 0.295833 0.042222 0.041667
0 0.744444 0.279167 0.057778 0.055000
0 0.586667 0.290833 0.040000 0.068333
