0 0.150833 0.618750 0.135000 0.492500
0 0.068333 0.557500 0.083333 0.310000
0 0.354167 0.501250 0.058333 0.217500
0 0.792500 0.506250 0.078333 0.287500
0 0.842500 0.565000 0.085000 0.310000
0 0.902500 0.475000 0.061667 0.225000
0 0.929167 0.481250 0.065000 0.237500
0 0.708333 0.465000 0.040000 0.150000
0 0.547500 0.465000 0.035000 0.135000
0 0.492500 0.463750 0.041667 0.152500
0 0.460833 0.458750 0.028333 0.112500
0 0.435000 0.458750 0.030000 0.112500
0 0.425000 0.461250 0.033333 0.127500
0 0.410000 0.458750 0.030000 0.112500
0 0.444167 0.688750 0.128333 0.472500
0 0.239167 0.455000 0.025000 0.090000
0 0.010000 0.455000 0.020000 0.080000
0 0.305000 0.492500 0.040000 0.115000
0 0.363333 0.547500 0.063333 0.170000
0 0.950000 0.488750 0.040000 0.102500
