0 1.261905 0.355000 0.117794 0.193333
0 1.015038 0.421667 0.215539 0.350000
0 1.095238 0.349167 0.080201 0.135000
0 0.936090 0.348333 0.087719 0.146667
0 0.894737 0.343333 0.085213 0.136667
0 0.828321 0.361667 0.117794 0.196667
0 0.773183 0.344167 0.092732 0.151667
0 0.739348 0.341667 0.080201 0.133333
0 0.724311 0.330000 0.070175 0.116667
0 0.636591 0.362500 0.120301 0.198333
0 0.592732 0.348333 0.092732 0.153333
0 0.392231 0.358333 0.117794 0.193333
0 0.187970 0.368333 0.120301 0.196667
0 0.238095 0.348333 0.095238 0.156667
0 0.274436 0.343333 0.092732 0.153333
0 0.303258 0.331667 0.075188 0.123333
0 0.340852 0.320833 0.070175 0.118333
0 0.011278 0.309167 0.022556 0.041667
0 0.117794 0.315000 0.040100 0.043333
0 0.518797 0.305000 0.105263 0.040000
0 0.676692 0.305000 0.090226 0.036667
0 1.159148 0.300833 0.107769 0.028333
0 1.390977 0.300000 0.210526 0.033333
