0 0.029000 0.395695 0.058000 0.321192
0 0.141000 0.408940 0.054000 0.228477
0 0.063000 0.337748 0.034000 0.139073
0 0.205000 0.412252 0.102000 0.413907
0 0.241000 0.367550 0.066000 0.264901
0 0.284000 0.387417 0.056000 0.231788
0 0.333000 0.384106 0.058000 0.245033
0 0.379000 0.360927 0.066000 0.271523
0 0.403000 0.380795 0.046000 0.192053
0 0.420000 0.355960 0.044000 0.188742
0 0.446000 0.367550 0.040000 0.172185
0 0.472000 0.355960 0.044000 0.175497
0 0.494000 0.355960 0.036000 0.155629
0 0.519000 0.349338 0.034000 0.149007
0 0.533000 0.362583 0.038000 0.155629
0 0.904000 0.456954 0.056000 0.225166
0 0.938000 0.476821 0.052000 0.218543
0 0.969000 0.470199 0.062000 0.271523
0 0.717000 0.425497 0.086000 0.354305
0 0.915000 0.319536 0.026000 0.089404
0 0.962000 0.294702 0.028000 0.079470
0 0.605000 0.347682 0.122000 0.152318
0 0.769000 0.359272 0.074000 0.109272
0 0.850000 0.382450 0.088000 0.182119
