0 0.117778 0.618333 0.071111 0.130000
0 0.230000 0.627500 0.046667 0.091667
0 0.297778 0.627500 0.048889 0.095000
0 0.337778 0.601667 0.057778 0.110000
0 0.390000 0.629167 0.033333 0.061667
0 0.407778 0.600000 0.055556 0.100000
0 0.445556 0.600000 0.068889 0.126667
0 0.467778 0.588333 0.055556 0.100000
0 0.491111 0.590833 0.048889 0.088333
0 0.534444 0.590000 0.037778 0.070000
0 0.594444 0.590000 0.051111 0.096667
0 0.651111 0.599167 0.053333 0.101667
0 0.690000 0.617500 0.077778 0.141667
0 0.817778 0.591667 0.048889 0.090000
0 0.914444 0.590000 0.055556 0.106667
0 0.983333 0.594167 0.046667 0.091667
0 0.998889 0.624167 0.037778 0.075000
0 1.026667 0.595000 0.057778 0.106667
0 1.045556 0.590000 0.051111 0.093333
0 1.080000 0.600833 0.048889 0.095000
0 1.213333 0.589167 0.048889 0.091667
0 1.290000 0.590833 0.055556 0.105000
