0 0.023148 0.557509 0.046296 0.245226
0 0.062211 0.554470 0.065394 0.240885
0 0.129485 0.581380 0.145544 0.533420
0 0.185619 0.578125 0.176215 0.644965
0 0.313368 0.570530 0.155093 0.568142
0 0.234230 0.552300 0.063947 0.233941
0 0.254340 0.567925 0.056134 0.207031
0 0.365741 0.565104 0.124421 0.456597
0 0.442708 0.571832 0.190972 0.700087
0 0.536458 0.569661 0.156250 0.571615
0 0.502749 0.580729 0.118345 0.433160
0 0.630932 0.549913 0.114873 0.421875
0 0.655382 0.548611 0.071759 0.263021
0 0.693432 0.556207 0.068576 0.252170
0 0.741464 0.562717 0.124711 0.457899
0 0.810475 0.552083 0.116319 0.425347
0 0.852575 0.544705 0.072627 0.267361
0 0.893374 0.539497 0.071470 0.261285
0 0.863571 0.541016 0.070891 0.259983
0 0.943142 0.545139 0.067998 0.250000
0 0.921007 0.533854 0.075231 0.275174
0 0.964554 0.532986 0.070891 0.267361
0 0.975839 0.529731 0.048322 0.281684
0 0.250000 0.571615 0.023727 0.044271
0 0.220631 0.456814 0.027488 0.078559
0 0.251013 0.452040 0.020544 0.050781
0 0.271846 0.452257 0.015336 0.031250
0 0.573929 0.414280 0.024016 0.035156
0 0.580295 0.441623 0.022280 0.034288
0 0.553530 0.375000 0.012153 0.048611
0 0.667969 0.440755 0.019965 0.045573
0 0.679543 0.451389 0.014178 0.037326
0 0.709635 0.449219 0.025752 0.057292
0 0.760851 0.419271 0.028067 0.049479
0 0.944300 0.414062 0.018808 0.031250
