0 0.073958 0.559233 0.047917 0.205575
0 0.128125 0.531359 0.072917 0.296167
0 0.190625 0.571429 0.052083 0.209059
0 0.303125 0.547038 0.064583 0.271777
0 0.337500 0.555749 0.050000 0.205575
0 0.460417 0.554007 0.062500 0.257840
0 0.586458 0.554007 0.056250 0.229965
0 0.685417 0.538328 0.050000 0.205575
0 0.776042 0.541812 0.047917 0.198606
0 0.858333 0.543554 0.050000 0.209059
0 0.232292 0.590592 0.060417 0.261324
0 0.388542 0.581882 0.072917 0.236934
0 0.508333 0.580139 0.045833 0.177700
0 0.565625 0.574913 0.056250 0.195122
0 0.715625 0.581882 0.064583 0.195122
0 0.812500 0.567944 0.054167 0.146341
0 0.904167 0.567944 0.041667 0.174216
0 0.971875 0.567944 0.035417 0.153310
