0 0.961594 0.704989 0.047826 0.177874
0 0.805797 0.843818 0.063768 0.234273
0 0.910870 0.689805 0.047826 0.177874
0 0.865942 0.656182 0.047826 0.175705
0 0.814493 0.639913 0.040580 0.156182
0 0.791304 0.610629 0.043478 0.158351
0 0.746377 0.596529 0.043478 0.164859
0 0.722464 0.574837 0.042029 0.151844
0 0.704348 0.553145 0.040580 0.156182
0 0.642029 0.766811 0.057971 0.214751
0 0.639130 0.682213 0.043478 0.158351
0 0.569565 0.701735 0.046377 0.175705
0 0.236957 0.775488 0.065217 0.236443
0 0.537681 0.654013 0.052174 0.188720
0 0.504348 0.667028 0.052174 0.188720
0 0.484058 0.711497 0.049275 0.182213
0 0.434058 0.712581 0.050725 0.184382
0 0.465942 0.616052 0.042029 0.160521
0 0.369565 0.702820 0.049275 0.186551
0 0.324638 0.677874 0.046377 0.175705
0 0.407246 0.664859 0.049275 0.180043
0 0.976087 0.355748 0.036232 0.130152
0 0.938406 0.361171 0.030435 0.119306
0 0.903623 0.369848 0.030435 0.114967
0 0.859420 0.377440 0.034783 0.130152
0 0.837681 0.378525 0.028986 0.110629
0 0.806522 0.391540 0.033333 0.123644
0 0.781159 0.394794 0.031884 0.117137
0 0.754348 0.404555 0.036232 0.132321
0 0.733333 0.411063 0.031884 0.123644
0 0.722464 0.419740 0.033333 0.127983
0 0.697101 0.427332 0.028986 0.112798
0 0.884058 0.306941 0.031884 0.119306
0 0.858696 0.301518 0.030435 0.112798
0 0.836232 0.306941 0.023188 0.088937
0 0.796377 0.303688 0.027536 0.099783
0 0.819565 0.295011 0.030435 0.112798
0 0.803623 0.299349 0.027536 0.108460
0 0.768116 0.322126 0.026087 0.101952
0 0.737681 0.323210 0.023188 0.086768
0 0.705797 0.328633 0.023188 0.084599
0 0.685507 0.324295 0.023188 0.088937
0 0.645652 0.328633 0.027536 0.101952
0 0.619565 0.326464 0.030435 0.110629
0 0.593478 0.313449 0.027536 0.106291
0 0.576812 0.324295 0.031884 0.119306
0 0.450725 0.352495 0.034783 0.132321
0 0.488406 0.252711 0.031884 0.119306
0 0.286232 0.247289 0.027536 0.104121
0 0.268841 0.264642 0.030435 0.112798
0 0.233333 0.272234 0.028986 0.110629
0 0.213043 0.274403 0.026087 0.101952
0 0.290580 0.662690 0.047826 0.180043
0 0.268116 0.635575 0.043478 0.164859
0 0.232609 0.625813 0.047826 0.180043
0 0.181884 0.598698 0.050725 0.190889
0 0.169565 0.580260 0.043478 0.162690
0 0.147826 0.562907 0.046377 0.171367
0 0.133333 0.535792 0.049275 0.177874
0 0.614493 0.195228 0.034783 0.060738
0 0.290580 0.518438 0.033333 0.086768
0 0.270290 0.479393 0.036232 0.065076
0 0.405797 0.542299 0.034783 0.043384
0 0.373188 0.570499 0.044928 0.060738
0 0.342754 0.554230 0.021739 0.058568
0 0.400000 0.490239 0.031884 0.056399
0 0.343478 0.492408 0.043478 0.052061
0 0.363043 0.420824 0.036232 0.056399
0 0.475362 0.091106 0.350725 0.160521
0 0.083333 0.037961 0.056522 0.075922
0 0.208696 0.026030 0.182609 0.052061
0 0.839130 0.030369 0.313043 0.060738
0 0.223913 0.389371 0.239130 0.119306
