0 0.688889 0.584167 0.173333 0.321667
0 0.840000 0.635833 0.124444 0.228333
0 0.553333 0.621667 0.133333 0.243333
0 0.434444 0.658333 0.095556 0.180000
0 1.011111 0.506667 0.048889 0.090000
0 1.032222 0.507500 0.037778 0.071667
0 0.930000 0.503333 0.037778 0.073333
0 0.900000 0.506667 0.044444 0.080000
0 0.850000 0.509167 0.051111 0.098333
0 0.793333 0.512500 0.048889 0.095000
0 0.411111 0.536667 0.071111 0.130000
0 0.370000 0.525833 0.060000 0.108333
0 0.226667 0.528333 0.062222 0.120000
0 0.150000 0.528333 0.060000 0.113333
0 0.764444 0.506667 0.035556 0.066667
0 0.771111 0.475833 0.040000 0.078333
0 0.748889 0.468333 0.031111 0.056667
0 0.008889 0.531667 0.017778 0.150000
0 0.051111 0.546667 0.075556 0.066667
0 0.178889 0.533333 0.024444 0.060000
0 0.204444 0.534167 0.040000 0.061667
0 0.328889 0.480833 0.022222 0.025000
0 0.393333 0.471667 0.040000 0.046667
0 0.508889 0.537500 0.044444 0.055000
0 0.551111 0.482500 0.040000 0.035000
0 0.592222 0.495833 0.055556 0.058333
0 0.244444 0.475833 0.017778 0.025000
0 0.258889 0.505833 0.020000 0.028333
0 0.274444 0.509167 0.020000 0.021667
0 0.302222 0.499167 0.017778 0.025000
0 0.191111 0.480833 0.057778 0.035000
0 0.752222 0.428333 0.086667 0.056667
