0 0.508016 0.197289 0.074148 0.280120
0 0.725451 0.594880 0.521042 0.695783
0 0.341683 0.515060 0.310621 0.963855
0 0.113226 0.496988 0.222445 0.987952
0 0.582164 0.052711 0.066132 0.099398
0 0.157315 0.549699 0.074148 0.123494
0 0.077154 0.387048 0.054108 0.141566
0 0.208417 0.355422 0.076152 0.126506
0 0.192385 0.269578 0.068136 0.093373
0 0.206413 0.183735 0.064128 0.126506
0 0.281563 0.171687 0.070140 0.096386
0 0.326653 0.141566 0.044088 0.072289
0 0.300601 0.084337 0.072144 0.096386
0 0.373747 0.040663 0.046092 0.051205
0 0.233467 0.096386 0.042084 0.090361
0 0.212425 0.099398 0.084168 0.144578
0 0.142285 0.141566 0.064128 0.138554
0 0.134269 0.259036 0.052104 0.132530
0 0.680361 0.307229 0.050100 0.066265
0 0.675351 0.236446 0.084168 0.141566
0 0.664329 0.129518 0.074148 0.102410
0 0.600200 0.209337 0.074148 0.093373
0 0.598196 0.129518 0.070140 0.096386
0 0.771543 0.246988 0.076152 0.168675
0 0.757515 0.123494 0.064128 0.096386
0 0.790581 0.430723 0.062124 0.090361
0 0.846693 0.421687 0.062124 0.102410
0 0.937876 0.408133 0.060120 0.123494
0 0.984970 0.417169 0.026052 0.093373
0 0.958918 0.308735 0.074148 0.123494
0 0.910822 0.284639 0.054108 0.123494
0 0.834669 0.302711 0.038076 0.147590
0 0.823647 0.292169 0.080160 0.126506
0 0.795591 0.362952 0.060120 0.093373
0 0.834669 0.183735 0.054108 0.096386
0 0.901804 0.189759 0.068136 0.126506
0 0.873747 0.073795 0.096192 0.147590
0 0.957916 0.096386 0.076152 0.186747
0 0.812625 0.123494 0.050100 0.102410
0 0.693387 0.040663 0.060120 0.081325
0 0.768537 0.033133 0.082164 0.066265
