0 0.559685 0.433004 0.146396 0.228491
0 0.852477 0.462623 0.182432 0.282087
0 1.131757 0.475317 0.164414 0.253879
0 1.245495 0.454161 0.148649 0.225670
0 1.389640 0.438646 0.117117 0.183357
0 1.458333 0.421016 0.078829 0.122708
0 1.495495 0.416784 0.072072 0.111425
0 1.548423 0.412553 0.060811 0.097320
0 1.337838 0.430183 0.099099 0.155148
0 1.289414 0.446403 0.132883 0.204513
0 1.060811 0.442877 0.139640 0.217207
0 0.968468 0.454866 0.153153 0.235543
0 0.686937 0.430889 0.139640 0.215797
0 0.764640 0.412553 0.132883 0.204513
0 0.604730 0.411142 0.123874 0.190409
0 0.502252 0.393512 0.121622 0.188999
0 0.445946 0.385755 0.108108 0.167842
0 0.391892 0.411848 0.117117 0.183357
0 0.333333 0.381523 0.090090 0.139633
0 0.282658 0.392807 0.105856 0.162200
0 0.201577 0.380818 0.087838 0.135402
0 0.144144 0.372355 0.076577 0.118477
0 0.088964 0.365303 0.069820 0.110014
0 0.042793 0.359661 0.063063 0.101551
0 0.019144 0.353315 0.038288 0.094499
0 0.656532 0.315233 0.020270 0.032440
0 0.672297 0.313117 0.020270 0.033850
0 0.635135 0.315938 0.022523 0.036671
0 0.592342 0.314528 0.022523 0.036671
0 0.611486 0.315233 0.020270 0.035261
0 0.670045 0.241890 0.020270 0.029619
0 0.654279 0.245416 0.015766 0.025388
0 0.110360 0.211566 0.018018 0.031030
0 0.238739 0.371650 0.072072 0.114245
0 0.694820 0.313822 0.020270 0.035261
0 0.713964 0.312412 0.018018 0.032440
0 0.567568 0.315233 0.027027 0.040903
0 0.754505 0.292666 0.022523 0.015515
0 0.753378 0.303244 0.024775 0.014104
0 0.051802 0.217913 0.022523 0.021157
0 0.036036 0.201693 0.031532 0.039492
0 0.105856 0.203808 0.031532 0.038082
0 0.244369 0.238364 0.015766 0.016925
0 0.264640 0.240480 0.015766 0.015515
0 0.286036 0.239069 0.018018 0.018336
0 1.369369 0.363893 0.027027 0.025388
0 1.190315 0.365303 0.056306 0.062059
0 1.216216 0.352609 0.022523 0.028209
0 1.229730 0.355430 0.049550 0.053597
0 1.101351 0.349788 0.054054 0.047955
0 0.989865 0.332863 0.038288 0.022567
0 0.900901 0.424542 0.067568 0.217207
0 0.951577 0.346262 0.047297 0.057828
0 1.033784 0.348378 0.067568 0.059238
0 0.819820 0.338505 0.031532 0.025388
0 0.823198 0.343441 0.051802 0.052186
0 0.362613 0.327221 0.022523 0.016925
0 0.429054 0.394922 0.029279 0.149506
0 0.487613 0.322990 0.020270 0.016925
0 0.541667 0.320169 0.033784 0.028209
0 0.646396 0.342736 0.022523 0.031030
0 0.670045 0.339915 0.024775 0.025388
0 0.726351 0.336389 0.020270 0.035261
0 0.742117 0.347673 0.020270 0.029619
0 0.314189 0.332158 0.024775 0.015515
0 0.264640 0.334274 0.020270 0.028209
0 0.165541 0.330748 0.020270 0.018336
0 0.176802 0.326516 0.033784 0.035261
0 0.110360 0.324401 0.018018 0.016925
0 0.112613 0.311001 0.027027 0.015515
0 0.122748 0.365303 0.024775 0.098731
0 0.024775 0.312412 0.022523 0.023977
0 0.543919 0.299013 0.029279 0.016925
0 0.692568 0.299013 0.020270 0.014104
0 0.736486 0.306065 0.018018 0.016925
0 0.626126 0.307475 0.018018 0.025388
0 0.961712 0.246121 0.243243 0.063470
0 0.842342 0.291255 0.162162 0.046544
0 0.685811 0.259520 0.137387 0.039492
0 0.271396 0.245416 0.425676 0.056417
0 0.292793 0.294076 0.378378 0.038082
0 1.561937 0.298307 0.060811 0.128350
