0 0.452656 0.373846 0.351039 0.575385
0 1.071594 0.390000 0.337182 0.549231
0 0.054273 0.258462 0.103926 0.178462
0 0.153580 0.285385 0.099307 0.133846
0 0.241339 0.285385 0.145497 0.146154
0 0.648961 0.264615 0.143187 0.181538
0 0.770208 0.280769 0.136259 0.152308
0 0.921478 0.284615 0.170901 0.156923
0 1.191686 0.233846 0.106236 0.092308
0 0.015012 0.159231 0.025404 0.020000
0 0.083141 0.194615 0.087760 0.100000
0 0.129330 0.180000 0.083141 0.076923
0 0.160508 0.170000 0.053118 0.060000
0 0.206697 0.203846 0.099307 0.100000
0 0.200924 0.146154 0.046189 0.024615
0 0.239030 0.163846 0.048499 0.047692
0 0.281755 0.166154 0.064665 0.070769
0 0.300231 0.154615 0.041570 0.035385
0 0.325635 0.177692 0.064665 0.056923
0 0.096998 0.138462 0.050808 0.030769
0 0.079677 0.030769 0.039261 0.012308
0 0.077367 0.055385 0.062356 0.036923
0 0.094688 0.072308 0.027714 0.015385
0 0.028868 0.103846 0.057737 0.069231
0 0.043880 0.147692 0.032333 0.024615
0 0.053118 0.100769 0.041570 0.035385
0 0.068129 0.083846 0.030023 0.023077
0 0.088915 0.103077 0.039261 0.033846
0 0.138568 0.093077 0.073903 0.087692
0 0.168591 0.050769 0.041570 0.049231
0 0.205543 0.046154 0.050808 0.030769
0 0.243649 0.050769 0.039261 0.036923
0 0.190531 0.086923 0.043880 0.035385
0 0.225173 0.093077 0.090069 0.081538
0 0.275982 0.078462 0.043880 0.040000
0 0.310624 0.115385 0.085450 0.067692
0 0.338337 0.066923 0.053118 0.032308
0 0.351039 0.100769 0.046189 0.035385
0 0.384527 0.091538 0.043880 0.041538
0 0.368360 0.050000 0.053118 0.050769
0 0.451501 0.042308 0.039261 0.038462
0 0.487298 0.044615 0.036952 0.040000
0 0.534642 0.050769 0.057737 0.040000
0 0.699769 0.049231 0.060046 0.036923
0 0.762125 0.040769 0.073903 0.041538
0 0.921478 0.045385 0.055427 0.038462
0 1.002309 0.045385 0.073903 0.032308
0 1.060046 0.037692 0.055427 0.050769
0 1.206697 0.050000 0.131640 0.053846
0 1.278291 0.044615 0.048499 0.033846
0 0.585450 0.066923 0.057737 0.023077
0 0.554273 0.114615 0.087760 0.066154
0 0.443418 0.074615 0.060046 0.038462
0 0.490762 0.080769 0.039261 0.044615
0 0.526559 0.176923 0.060046 0.064615
0 0.541570 0.150769 0.048499 0.040000
0 0.581986 0.202308 0.106236 0.121538
0 0.580831 0.094615 0.030023 0.026154
0 0.609700 0.115385 0.069284 0.073846
0 0.643187 0.098462 0.039261 0.049231
0 0.681293 0.101538 0.046189 0.052308
0 0.645497 0.160769 0.048499 0.026154
0 0.658199 0.141538 0.046189 0.024615
0 0.696305 0.158462 0.053118 0.049231
0 0.732102 0.197692 0.087760 0.087692
0 0.772517 0.155385 0.057737 0.058462
0 0.795612 0.170769 0.039261 0.049231
0 0.832564 0.203846 0.094688 0.118462
0 0.921478 0.205385 0.101617 0.127692
0 0.712471 0.068462 0.034642 0.023077
0 0.729792 0.112308 0.092379 0.095385
0 0.766744 0.093077 0.036952 0.053846
0 0.795612 0.083846 0.053118 0.063077
0 0.822171 0.093846 0.046189 0.055385
0 0.859122 0.093846 0.050808 0.049231
0 0.892610 0.105385 0.071594 0.075385
0 0.931871 0.143846 0.039261 0.029231
0 0.928406 0.084615 0.050808 0.049231
0 0.960739 0.078462 0.032333 0.036923
0 0.980370 0.080000 0.057737 0.055385
0 1.018476 0.090769 0.050808 0.030769
0 1.036952 0.071538 0.041570 0.038462
0 1.077367 0.082308 0.043880 0.041538
0 1.117783 0.072308 0.046189 0.033846
0 1.173210 0.104615 0.138568 0.076923
0 1.190531 0.082308 0.030023 0.032308
0 1.221709 0.075385 0.046189 0.036923
0 1.243649 0.093077 0.080831 0.069231
0 1.292148 0.088462 0.039261 0.038462
0 1.309469 0.084615 0.032333 0.046154
0 1.330254 0.096154 0.106236 0.084615
0 1.130485 0.161538 0.034642 0.046154
0 1.187067 0.180000 0.120092 0.107692
0 1.214781 0.163846 0.055427 0.063077
0 1.239030 0.143846 0.053118 0.056923
0 1.266744 0.226923 0.048499 0.124615
0 1.282910 0.143846 0.043880 0.044615
0 1.349885 0.140000 0.048499 0.043077
0 1.379908 0.163077 0.043880 0.052308
0 1.407621 0.157692 0.043880 0.050769
0 1.340647 0.243077 0.150115 0.203077
0 1.431871 0.281538 0.133949 0.150769
0 1.441109 0.196923 0.106236 0.101538
0 1.405312 0.091538 0.048499 0.041538
0 1.433025 0.089231 0.039261 0.043077
0 1.448037 0.113077 0.096998 0.093846
