0 0.402655 0.857500 0.115044 0.108333
0 0.480088 0.865000 0.119469 0.110000
0 0.544248 0.870000 0.123894 0.113333
0 0.639381 0.863333 0.137168 0.126667
0 0.774336 0.830000 0.079646 0.076667
0 0.314159 0.823333 0.097345 0.093333
0 0.272124 0.632500 0.243363 0.225000
0 0.413717 0.666667 0.163717 0.156667
0 0.860619 0.653333 0.075221 0.073333
0 0.484513 0.661667 0.084071 0.076667
0 0.276549 0.405000 0.190265 0.180000
0 0.141593 0.387500 0.123894 0.115000
0 0.909292 0.391667 0.119469 0.113333
0 0.794248 0.369167 0.075221 0.068333
0 0.856195 0.369167 0.057522 0.055000
0 0.774336 0.369167 0.061947 0.061667
0 0.727876 0.370000 0.075221 0.073333
0 0.365044 0.387500 0.119469 0.108333
0 0.108407 0.376667 0.084071 0.083333
0 0.418142 0.356667 0.048673 0.043333
0 0.157080 0.120833 0.146018 0.138333
0 0.221239 0.129167 0.132743 0.121667
0 0.413717 0.137500 0.110619 0.105000
0 0.323009 0.136667 0.115044 0.110000
0 0.661504 0.133333 0.119469 0.110000
0 0.853982 0.120000 0.132743 0.123333
0 0.745575 0.126667 0.128319 0.123333
0 0.112832 0.873333 0.146018 0.076667
0 0.484513 0.796667 0.084071 0.036667
0 0.683628 0.812500 0.084071 0.041667
0 0.232301 0.855833 0.101770 0.048333
0 0.548673 0.665000 0.185841 0.153333
0 0.570796 0.605833 0.070796 0.025000
0 0.048673 0.463333 0.097345 0.070000
0 0.610619 0.448333 0.274336 0.096667
0 0.661504 0.349167 0.057522 0.051667
0 0.696903 0.355000 0.039823 0.046667
0 0.176991 0.368333 0.044248 0.066667
0 0.453540 0.351667 0.030973 0.036667
0 0.575221 0.382500 0.451327 0.235000
0 0.252212 0.085000 0.044248 0.033333
0 0.300885 0.075833 0.053097 0.025000
0 0.413717 0.076667 0.075221 0.023333
0 0.484513 0.080833 0.084071 0.031667
0 0.506637 0.107500 0.075221 0.041667
0 0.550885 0.087500 0.057522 0.028333
0 0.601770 0.078333 0.044248 0.026667
0 0.595133 0.104167 0.084071 0.035000
0 0.670354 0.071667 0.084071 0.033333
0 0.849558 0.152500 0.185841 0.108333
0 0.712389 0.152500 0.141593 0.088333
0 0.597345 0.150833 0.159292 0.101667
0 0.449115 0.150833 0.207965 0.098333
0 0.314159 0.168333 0.265487 0.110000
0 0.044248 0.366667 0.088496 0.063333
