0 0.319648 0.398482 0.123167 0.201139
0 0.637830 0.365275 0.096774 0.157495
0 0.080645 0.301708 0.038123 0.060721
0 0.841642 0.320683 0.052786 0.087287
0 0.397361 0.420304 0.173021 0.271347
0 0.728739 0.430740 0.190616 0.307400
0 1.284457 0.376660 0.105572 0.168880
0 1.381232 0.366224 0.070381 0.117647
0 1.065982 0.362429 0.079179 0.125237
0 1.017595 0.322581 0.052786 0.087287
0 0.910557 0.362429 0.085044 0.136622
0 1.143695 0.329222 0.052786 0.089184
0 1.215543 0.342505 0.055718 0.092979
0 0.804985 0.294118 0.049853 0.041746
0 0.470674 0.333017 0.073314 0.104364
0 1.190616 0.292220 0.041056 0.041746
0 1.260997 0.301708 0.041056 0.037951
0 1.372434 0.282732 0.117302 0.041746
