0 0.097656 0.769792 0.132812 0.439583
0 0.278906 0.777083 0.129688 0.429167
0 0.221875 0.704167 0.115625 0.375000
0 0.378906 0.717708 0.107813 0.352083
0 0.458594 0.788542 0.117188 0.381250
0 0.545312 0.832292 0.096875 0.314583
0 0.647656 0.778125 0.126562 0.418750
0 0.489063 0.681250 0.087500 0.291667
0 0.547656 0.673958 0.085938 0.285417
0 0.720313 0.619792 0.062500 0.210417
0 0.781250 0.717708 0.087500 0.289583
0 0.838281 0.692708 0.095312 0.314583
0 0.862500 0.642708 0.071875 0.239583
0 0.925781 0.643750 0.073438 0.237500
0 0.950781 0.671875 0.085938 0.285417
0 0.978125 0.639583 0.043750 0.216667
0 0.101562 0.452083 0.015625 0.054167
0 0.272656 0.453125 0.020313 0.068750
