0 0.083333 0.520755 0.166667 0.279245
0 0.216102 0.522642 0.166667 0.275472
0 0.340395 0.527358 0.166667 0.277358
0 0.459040 0.516038 0.177966 0.292453
0 0.598870 0.506604 0.186441 0.303774
0 0.745763 0.517925 0.175141 0.288679
0 0.902542 0.508491 0.189266 0.307547
0 1.060734 0.519811 0.166667 0.277358
0 1.217514 0.531132 0.163842 0.266038
0 1.360169 0.525472 0.166667 0.277358
0 0.525424 0.168868 0.084746 0.050943
0 0.659605 0.183019 0.064972 0.049057
0 0.768362 0.191509 0.067797 0.054717
0 0.840395 0.214151 0.064972 0.069811
0 0.905367 0.202830 0.076271 0.081132
0 0.985876 0.216038 0.073446 0.066038
0 1.008475 0.171698 0.084746 0.056604
0 1.096045 0.214151 0.084746 0.069811
0 1.135593 0.171698 0.073446 0.064151
0 1.221751 0.332075 0.115819 0.147170
0 1.121469 0.319811 0.112994 0.145283
0 1.048023 0.318868 0.107345 0.101887
0 0.942090 0.299057 0.104520 0.103774
0 0.820621 0.298113 0.104520 0.101887
0 0.706215 0.321698 0.101695 0.096226
0 0.733051 0.233019 0.081921 0.084906
0 0.542373 0.223585 0.067797 0.058491
0 0.635593 0.227358 0.073446 0.073585
0 0.612994 0.308491 0.101695 0.084906
0 0.522599 0.298113 0.079096 0.090566
0 0.440678 0.295283 0.084746 0.077358
0 0.449153 0.222642 0.090395 0.071698
0 0.337571 0.250000 0.070621 0.043396
0 0.343220 0.307547 0.104520 0.083019
