0 0.117333 0.524000 0.176000 0.324000
0 0.184000 0.549000 0.165333 0.306000
0 0.282667 0.533000 0.154667 0.282000
0 0.401333 0.520000 0.173333 0.320000
0 0.453333 0.552000 0.176000 0.324000
0 0.546667 0.529000 0.149333 0.274000
0 0.522667 0.527000 0.154667 0.282000
0 0.052000 0.513000 0.104000 0.282000
0 0.606667 0.504000 0.146667 0.276000
0 0.696000 0.545000 0.165333 0.306000
0 0.793333 0.529000 0.168000 0.314000
0 0.864000 0.522000 0.160000 0.296000
0 0.945333 0.523000 0.120000 0.226000
0 1.017333 0.556000 0.114667 0.212000
0 1.064000 0.548000 0.128000 0.236000
0 1.101333 0.574000 0.112000 0.204000
0 1.177333 0.540000 0.130667 0.244000
0 1.266667 0.548000 0.133333 0.248000
0 1.225333 0.537000 0.141333 0.258000
0 0.080000 0.385000 0.042667 0.046000
0 0.045333 0.386000 0.037333 0.052000
0 0.156000 0.414000 0.045333 0.056000
0 0.198667 0.387000 0.040000 0.042000
0 0.478667 0.374000 0.061333 0.060000
0 0.732000 0.389000 0.077333 0.054000
