0 0.106250 0.452500 0.202500 0.331667
0 0.293750 0.432500 0.152500 0.251667
0 0.415000 0.463333 0.205000 0.336667
0 0.536250 0.455833 0.147500 0.238333
0 0.630000 0.454167 0.155000 0.255000
0 0.741250 0.433333 0.172500 0.283333
0 0.800000 0.444167 0.145000 0.241667
0 0.872500 0.431667 0.150000 0.250000
0 0.953750 0.425833 0.137500 0.228333
0 1.038750 0.420833 0.152500 0.248333
0 1.180000 0.425833 0.155000 0.258333
0 1.137500 0.437500 0.140000 0.228333
0 1.332500 0.445000 0.155000 0.253333
0 1.428750 0.472500 0.142500 0.295000
