0 0.153146 0.367507 0.160596 0.205039
0 0.263245 0.362728 0.162252 0.209383
0 0.339404 0.365334 0.158940 0.205908
0 0.392384 0.363162 0.165563 0.213727
0 0.439570 0.322763 0.153974 0.197220
0 0.533940 0.360556 0.167219 0.213727
0 0.596026 0.341442 0.172185 0.222415
0 0.635762 0.362294 0.155629 0.201564
0 0.723510 0.357950 0.145695 0.189401
0 0.773179 0.367072 0.155629 0.202433
0 0.868377 0.354909 0.170530 0.219809
0 0.926325 0.358818 0.170530 0.220678
0 1.009934 0.343614 0.158940 0.204170
0 1.073675 0.361859 0.170530 0.218071
0 1.143212 0.366203 0.163907 0.211121
0 1.219371 0.361859 0.167219 0.216334
0 1.305464 0.359253 0.170530 0.221546
0 1.352649 0.359687 0.158940 0.206777
0 1.408940 0.318853 0.158940 0.203301
0 1.468543 0.360122 0.158940 0.205908
0 1.524007 0.341877 0.157285 0.202433
0 1.581954 0.364900 0.163907 0.211990
0 1.692881 0.356212 0.170530 0.220678
0 1.760762 0.366638 0.160596 0.208514
0 0.108444 0.273241 0.048013 0.044309
0 0.360927 0.226759 0.056291 0.031277
0 0.477649 0.234579 0.054636 0.033015
0 0.754139 0.244570 0.084437 0.037359
0 0.816225 0.222415 0.052980 0.038228
0 0.871689 0.230669 0.061258 0.032146
0 0.922185 0.221546 0.043046 0.029540
0 0.955298 0.235447 0.039735 0.033015
0 1.002483 0.224587 0.044702 0.025195
0 1.045530 0.233710 0.044702 0.029540
0 1.120861 0.225456 0.076159 0.047785
0 1.248344 0.238488 0.066225 0.033884
0 1.375828 0.226325 0.046358 0.047785
0 1.567053 0.213727 0.081126 0.041703
0 1.655629 0.250217 0.056291 0.053866
