0 0.089167 0.672581 0.075000 0.364516
0 0.120833 0.683871 0.075000 0.361290
0 0.165000 0.683871 0.086667 0.412903
0 0.294167 0.670968 0.068333 0.322581
0 0.332500 0.679032 0.068333 0.325806
0 0.380000 0.683871 0.076667 0.367742
0 0.430833 0.674194 0.085000 0.406452
0 0.485833 0.667742 0.065000 0.309677
0 0.542500 0.669355 0.068333 0.325806
0 0.591667 0.683871 0.073333 0.348387
0 0.667500 0.667742 0.085000 0.406452
0 0.754167 0.675806 0.061667 0.300000
0 0.830833 0.688710 0.068333 0.332258
0 0.869167 0.680645 0.058333 0.283871
0 0.931667 0.674194 0.083333 0.400000
0 0.954167 0.685484 0.061667 0.300000
0 0.682500 0.679032 0.061667 0.293548
0 0.808333 0.229032 0.273333 0.419355
