0 0.161994 0.291667 0.130841 0.216667
0 0.528037 0.311458 0.165109 0.277083
0 0.473520 0.280208 0.118380 0.193750
0 0.755452 0.363542 0.258567 0.427083
0 0.814642 0.284375 0.165109 0.272917
0 0.996885 0.282292 0.137072 0.222917
0 1.051402 0.335417 0.183801 0.300000
0 1.358255 0.293750 0.174455 0.283333
0 1.188474 0.234375 0.084112 0.143750
0 1.168224 0.229167 0.074766 0.120833
0 0.635514 0.193750 0.080997 0.133333
0 0.693146 0.203125 0.071651 0.118750
0 1.029595 0.156250 0.059190 0.050000
0 0.959502 0.151042 0.056075 0.052083
0 0.929907 0.182292 0.077882 0.056250
