0 0.030435 0.701735 0.060870 0.427332
0 0.138406 0.673536 0.134783 0.496746
0 0.207246 0.647505 0.127536 0.470716
0 0.296377 0.629067 0.105797 0.386117
0 0.368841 0.689805 0.128986 0.477223
0 0.436957 0.686551 0.128986 0.475054
0 0.531159 0.650759 0.120290 0.438178
0 0.600000 0.646421 0.121739 0.442516
0 0.626087 0.614967 0.089855 0.331887
0 0.649275 0.623644 0.072464 0.266811
0 0.759420 0.636659 0.104348 0.388286
0 0.810870 0.614967 0.100000 0.366594
0 0.883333 0.594360 0.082609 0.308026
0 0.901449 0.697397 0.052174 0.188720
0 0.898551 0.668113 0.060870 0.225597
0 0.976087 0.598698 0.047826 0.277657
0 0.842754 0.588937 0.073913 0.275488
0 0.828261 0.611714 0.082609 0.303688
0 0.560870 0.483731 0.043478 0.099783
0 0.644928 0.479393 0.020290 0.034707
