0 0.077148 0.667153 0.068359 0.248175
0 0.084473 0.665693 0.055664 0.207299
0 0.199219 0.689051 0.093750 0.347445
0 0.253906 0.666423 0.097656 0.357664
0 0.304688 0.672263 0.093750 0.345985
0 0.363770 0.670073 0.094727 0.347445
0 0.425293 0.669343 0.088867 0.328467
0 0.540039 0.679562 0.083984 0.305109
0 0.600586 0.675182 0.093750 0.343066
0 0.654297 0.685401 0.097656 0.354745
0 0.692383 0.680292 0.101562 0.370803
0 0.726562 0.696350 0.105469 0.385401
0 0.765625 0.669343 0.109375 0.401460
0 0.827148 0.667883 0.119141 0.433577
0 0.892578 0.654745 0.062500 0.232117
0 0.912598 0.660584 0.057617 0.211679
0 0.942871 0.658394 0.041992 0.157664
0 0.947266 0.651095 0.037109 0.140146
0 0.966797 0.490511 0.019531 0.072993
0 0.875000 0.663504 0.058594 0.214599
0 0.794922 0.670073 0.058594 0.216058
0 0.866699 0.384672 0.016602 0.059854
0 0.885742 0.381022 0.015625 0.058394
0 0.967773 0.477372 0.009766 0.035036
0 0.830566 0.390511 0.012695 0.045255
0 0.068359 0.407299 0.013672 0.052555
0 0.078125 0.403650 0.015625 0.056934
0 0.094727 0.402920 0.013672 0.052555
0 0.125488 0.406569 0.012695 0.048175
0 0.117188 0.410949 0.011719 0.042336
0 0.136719 0.403650 0.013672 0.051095
0 0.150391 0.405109 0.013672 0.051095
0 0.242188 0.414599 0.015625 0.061314
0 0.183594 0.437956 0.015625 0.058394
0 0.160645 0.404380 0.010742 0.043796
0 0.168457 0.405839 0.014648 0.052555
0 0.178711 0.411679 0.009766 0.035036
0 0.113281 0.404380 0.015625 0.058394
0 0.249512 0.406569 0.010742 0.042336
0 0.255371 0.410949 0.010742 0.042336
0 0.270996 0.407299 0.012695 0.049635
0 0.279785 0.408759 0.012695 0.046715
0 0.294922 0.400000 0.013672 0.052555
0 0.313965 0.400000 0.012695 0.049635
0 0.318359 0.398540 0.013672 0.055474
0 0.372070 0.399270 0.013672 0.054015
0 0.361328 0.403650 0.011719 0.045255
0 0.356445 0.399270 0.015625 0.056934
0 0.348145 0.401460 0.014648 0.052555
0 0.337891 0.402190 0.013672 0.051095
0 0.385254 0.400000 0.012695 0.049635
0 0.222656 0.408759 0.009766 0.040876
0 0.991699 0.489781 0.016602 0.065693
0 0.338867 0.535766 0.042969 0.072993
0 0.452637 0.551825 0.024414 0.061314
0 0.492676 0.558394 0.063477 0.100730
0 0.515137 0.559854 0.020508 0.033577
0 0.471680 0.558394 0.019531 0.030657
0 0.211426 0.775912 0.059570 0.214599
0 0.268555 0.766423 0.068359 0.230657
0 0.322266 0.764964 0.083984 0.236496
0 0.394043 0.765693 0.075195 0.267153
0 0.461426 0.775912 0.071289 0.235036
0 0.514648 0.781752 0.054688 0.243796
0 0.573242 0.797810 0.078125 0.235036
0 0.644043 0.781752 0.073242 0.258394
0 0.874023 0.479562 0.021484 0.033577
0 0.406738 0.564964 0.018555 0.026277
0 0.415039 0.555474 0.013672 0.027737
0 0.326172 0.552555 0.013672 0.024818
0 0.297363 0.551825 0.010742 0.023358
0 0.156250 0.674453 0.019531 0.052555
0 0.961914 0.377372 0.009766 0.018978
0 0.836914 0.391971 0.007812 0.027737
0 0.796387 0.361314 0.010742 0.024818
0 0.802246 0.368613 0.010742 0.021898
0 0.934082 0.399270 0.010742 0.024818
0 0.940918 0.396350 0.008789 0.027737
0 0.894043 0.387591 0.018555 0.054015
0 0.850098 0.389781 0.012695 0.040876
0 0.817383 0.372263 0.011719 0.037956
0 0.336914 0.403650 0.013672 0.042336
0 0.398438 0.401460 0.021484 0.052555
0 0.199707 0.406569 0.034180 0.048175
0 0.106934 0.405839 0.010742 0.055474
