0 0.068056 0.227788 0.061111 0.202268
0 0.018750 0.232514 0.037500 0.192817
0 0.242361 0.242911 0.026389 0.092628
0 0.373611 0.258034 0.011111 0.039698
0 0.460417 0.269376 0.012500 0.039698
0 0.716667 0.841210 0.030556 0.105860
0 0.770833 0.846881 0.027778 0.094518
0 0.916667 0.857278 0.038889 0.134216
0 0.938194 0.853497 0.029167 0.103970
0 0.956250 0.855388 0.029167 0.103970
0 0.968056 0.845936 0.022222 0.077505
0 0.981944 0.902647 0.036111 0.179584
0 0.883333 0.851607 0.036111 0.122873
0 0.865278 0.850662 0.038889 0.132325
0 0.833333 0.870510 0.041667 0.141777
0 0.900000 0.847826 0.025000 0.088847
0 0.164583 0.256144 0.093056 0.137996
0 0.982639 0.815690 0.015278 0.028355
0 0.850694 0.818526 0.018056 0.052930
0 0.358333 0.255198 0.025000 0.037807
