0 0.356643 0.523333 0.073427 0.117778
0 0.463287 0.503889 0.066434 0.105556
0 0.542832 0.538333 0.078671 0.123333
0 0.758741 0.457778 0.041958 0.064444
0 1.170455 0.452778 0.036713 0.056667
0 1.138986 0.449444 0.047203 0.072222
0 1.052448 0.451111 0.045455 0.073333
0 1.004371 0.456667 0.043706 0.068889
0 0.954545 0.461111 0.045455 0.073333
0 0.942308 0.493889 0.062937 0.096667
0 0.925699 0.493333 0.054196 0.086667
0 0.882867 0.492222 0.055944 0.086667
0 0.263986 0.557778 0.090909 0.140000
0 0.214161 0.532222 0.064685 0.102222
0 0.182692 0.511667 0.064685 0.103333
0 0.182692 0.570556 0.078671 0.123333
0 0.112762 0.566111 0.085664 0.136667
0 0.427448 0.470556 0.047203 0.076667
0 0.450175 0.485000 0.054196 0.085556
0 0.560315 0.495556 0.047203 0.073333
0 0.537587 0.486111 0.057692 0.090000
0 0.615385 0.506667 0.059441 0.095556
0 0.599650 0.488333 0.045455 0.072222
0 0.776224 0.442222 0.031469 0.051111
0 0.857517 0.453333 0.036713 0.057778
0 0.900350 0.448333 0.034965 0.056667
0 0.798951 0.440556 0.031469 0.052222
0 0.809441 0.442222 0.034965 0.053333
0 0.815559 0.437778 0.033217 0.055556
0 0.937937 0.411667 0.026224 0.041111
0 0.926573 0.412778 0.024476 0.038889
0 0.913462 0.412778 0.026224 0.041111
0 0.975524 0.412222 0.027972 0.044444
0 1.032343 0.441667 0.047203 0.074444
0 0.574301 0.465000 0.033217 0.036667
0 1.211538 0.453333 0.052448 0.053333
0 0.904720 0.420556 0.026224 0.016667
0 0.853147 0.421111 0.027972 0.022222
0 0.874126 0.413889 0.020979 0.023333
0 0.865385 0.401111 0.013986 0.017778
0 1.005245 0.392778 0.125874 0.052222
