0 0.130469 0.678824 0.098437 0.360000
0 0.196875 0.667059 0.090625 0.341176
0 0.244531 0.654118 0.095312 0.348235
0 0.285156 0.652941 0.089063 0.331765
0 0.314844 0.655294 0.089063 0.327059
0 0.350781 0.658824 0.085938 0.320000
0 0.390625 0.657647 0.084375 0.312941
0 0.446094 0.656471 0.079687 0.291765
0 0.525000 0.649412 0.084375 0.315294
0 0.480469 0.637647 0.079687 0.291765
0 0.578906 0.645882 0.082812 0.312941
0 0.626563 0.647059 0.081250 0.296471
0 0.668750 0.637647 0.081250 0.296471
0 0.711719 0.650588 0.073438 0.275294
0 0.770312 0.655294 0.078125 0.294118
0 0.821875 0.652941 0.084375 0.308235
0 0.878125 0.661176 0.087500 0.329412
0 0.911719 0.512941 0.014063 0.056471
0 0.423438 0.536471 0.031250 0.089412
0 0.504687 0.524706 0.028125 0.061176
0 0.560156 0.585882 0.032813 0.174118
0 0.738281 0.541176 0.039062 0.094118
0 0.792969 0.531765 0.039062 0.094118
0 0.167187 0.760000 0.093750 0.268235
0 0.242969 0.749412 0.085938 0.275294
0 0.279687 0.718824 0.053125 0.190588
0 0.318750 0.743529 0.065625 0.216471
0 0.365625 0.741176 0.056250 0.211765
0 0.406250 0.745882 0.081250 0.230588
0 0.470313 0.751765 0.062500 0.232941
0 0.528906 0.747059 0.067187 0.242353
0 0.583594 0.744706 0.060937 0.228235
0 0.655469 0.756471 0.095312 0.247059
0 0.732031 0.770588 0.082812 0.265882
0 0.814063 0.788235 0.084375 0.249412
0 0.890625 0.782353 0.090625 0.284706
0 0.438281 0.450588 0.023438 0.040000
0 0.628125 0.495294 0.068750 0.030588
