0 0.368617 0.052589 0.028723 0.105178
0 0.444681 0.049353 0.025532 0.098706
0 0.477660 0.054207 0.027660 0.101942
0 0.540957 0.057443 0.026596 0.101942
0 0.514362 0.150485 0.060638 0.229773
0 0.762234 0.107605 0.018085 0.066343
0 0.133511 0.112460 0.030851 0.114887
0 0.239362 0.141586 0.038298 0.147249
0 0.063298 0.159385 0.069149 0.257282
0 0.038298 0.169903 0.072340 0.268608
0 0.022872 0.219256 0.045745 0.292880
0 0.963298 0.105178 0.013830 0.055016
0 0.971809 0.100324 0.015957 0.064725
0 0.990426 0.104369 0.014894 0.056634
0 0.936702 0.108414 0.015957 0.061489
0 0.528191 0.029935 0.013830 0.056634
0 0.231383 0.223301 0.054255 0.135922
0 0.113298 0.088188 0.015957 0.037217
0 0.080319 0.085761 0.020213 0.045307
0 0.024468 0.213592 0.034043 0.135922
0 0.060638 0.345469 0.095745 0.147249
0 0.076596 0.481392 0.153191 0.315534
0 0.079787 0.665858 0.117021 0.419094
0 0.187234 0.338188 0.044681 0.203883
0 0.245745 0.466828 0.106383 0.322006
0 0.278723 0.379450 0.087234 0.234628
0 0.338298 0.295307 0.055319 0.111650
0 0.345745 0.379450 0.070213 0.215210
0 0.405851 0.321197 0.060638 0.186084
0 0.474468 0.330097 0.055319 0.168285
0 0.525532 0.326861 0.048936 0.168285
0 0.546277 0.374595 0.058511 0.231392
0 0.590957 0.423948 0.086170 0.161812
0 0.460638 0.442557 0.104255 0.241100
0 0.362766 0.585761 0.182979 0.394822
0 0.589894 0.562298 0.105319 0.364078
0 0.673404 0.266181 0.051064 0.144013
0 0.641489 0.284790 0.080851 0.116505
0 0.646277 0.383495 0.077660 0.249191
0 0.715957 0.265372 0.046809 0.077670
0 0.727660 0.394013 0.087234 0.224919
0 0.795745 0.250000 0.048936 0.131068
0 0.806383 0.190939 0.029787 0.042071
0 0.827128 0.207120 0.020213 0.032362
0 0.829787 0.243528 0.031915 0.040453
0 0.852660 0.225728 0.030851 0.056634
0 0.846277 0.186893 0.026596 0.043689
0 0.881383 0.213592 0.018085 0.032362
0 0.904787 0.238673 0.043617 0.085761
0 0.882447 0.258900 0.041489 0.061489
0 0.863298 0.289644 0.039362 0.074434
0 0.797872 0.368123 0.087234 0.205502
0 0.838830 0.440939 0.084043 0.247573
0 0.906915 0.383495 0.069149 0.210356
0 0.930319 0.344660 0.052128 0.184466
0 0.949468 0.296117 0.050000 0.158576
0 0.976596 0.265372 0.042553 0.132686
0 0.157979 0.810680 0.232979 0.372168
0 0.441489 0.763754 0.276596 0.459547
0 0.664362 0.764563 0.218085 0.457929
0 0.784043 0.652913 0.134043 0.386731
0 0.895213 0.614887 0.124468 0.394822
0 0.956915 0.505663 0.081915 0.347896
0 0.952128 0.093042 0.008511 0.033981
0 0.264362 0.233819 0.011702 0.030744
0 0.307979 0.275890 0.009574 0.027508
0 0.309043 0.384304 0.009574 0.017799
0 0.342021 0.483010 0.011702 0.027508
0 0.525532 0.428803 0.012766 0.032362
0 0.926596 0.217638 0.144681 0.111650
