0 0.770186 0.173237 0.167702 0.271784
0 0.770186 0.406639 0.167702 0.273859
0 0.663043 0.530083 0.152174 0.255187
0 0.880435 0.525934 0.164596 0.271784
0 0.990683 0.448133 0.149068 0.244813
0 0.576087 0.432573 0.127329 0.209544
0 0.883540 0.298755 0.158385 0.265560
0 0.683230 0.289419 0.161491 0.263485
0 0.223602 0.442946 0.080745 0.139004
0 0.173913 0.440871 0.080745 0.139004
0 0.110248 0.458506 0.071429 0.116183
0 0.052795 0.446058 0.080745 0.136929
0 0.029503 0.446058 0.059006 0.124481
0 0.138199 0.446058 0.077640 0.124481
0 0.263975 0.459544 0.062112 0.105809
0 0.293478 0.461618 0.059006 0.101660
0 0.361801 0.459544 0.059006 0.097510
0 0.041925 0.482365 0.077640 0.085062
0 0.082298 0.479253 0.059006 0.074689
0 0.135093 0.485477 0.046584 0.062241
0 0.189441 0.394191 0.024845 0.012448
0 0.260870 0.399378 0.043478 0.031120
0 0.288820 0.391079 0.024845 0.014523
0 0.293478 0.402490 0.021739 0.016598
0 0.318323 0.425311 0.034161 0.037344
0 0.335404 0.420124 0.031056 0.031120
0 0.344720 0.474066 0.049689 0.072614
0 0.442547 0.474066 0.059006 0.068465
0 1.118012 0.449170 0.068323 0.118257
0 1.201863 0.443983 0.068323 0.103734
0 1.262422 0.447095 0.065217 0.105809
0 1.327640 0.435685 0.052795 0.116183
0 1.377329 0.440871 0.052795 0.109959
0 1.444099 0.438797 0.074534 0.109959
0 1.439441 0.389004 0.065217 0.060166
0 1.394410 0.117220 0.167702 0.159751
0 1.066770 0.321577 0.145963 0.161826
0 1.364907 0.330913 0.108696 0.072614
0 1.276398 0.298755 0.167702 0.157676
0 0.240683 0.280083 0.083851 0.120332
0 0.425466 0.406639 0.086957 0.095436
0 0.428571 0.308091 0.155280 0.068465
