0 0.020213 0.398400 0.040426 0.204800
0 0.093617 0.401600 0.057447 0.211200
0 0.053191 0.354400 0.061702 0.232000
0 0.182979 0.547200 0.097872 0.358400
0 0.404787 0.513600 0.069149 0.252800
0 0.363298 0.508800 0.079787 0.294400
0 0.581915 0.586400 0.114894 0.420800
0 0.154787 0.356800 0.064894 0.243200
0 0.245213 0.355200 0.067021 0.249600
0 0.302128 0.417600 0.059574 0.217600
0 0.415957 0.405600 0.051064 0.187200
0 0.342021 0.355200 0.060638 0.224000
0 0.402128 0.211200 0.046809 0.176000
0 0.420745 0.161600 0.054255 0.204800
0 0.436170 0.352000 0.068085 0.249600
0 0.443085 0.308000 0.062766 0.235200
0 0.518617 0.411200 0.062766 0.230400
0 0.506383 0.248800 0.061702 0.225600
0 0.524468 0.186400 0.053191 0.196800
0 0.547872 0.368000 0.065957 0.243200
0 0.562766 0.288800 0.053191 0.193600
0 0.613830 0.252800 0.063830 0.236800
0 0.632979 0.436000 0.061702 0.228800
0 0.661170 0.367200 0.071277 0.264000
0 0.637766 0.180800 0.058511 0.214400
0 0.679255 0.321600 0.060638 0.224000
0 0.707979 0.255200 0.064894 0.238400
0 0.725000 0.292000 0.056383 0.212800
0 0.739894 0.198400 0.058511 0.214400
0 0.769149 0.370400 0.068085 0.254400
0 0.756383 0.310400 0.051064 0.192000
0 0.781915 0.438400 0.059574 0.224000
0 0.813830 0.261600 0.061702 0.232000
0 0.839362 0.200000 0.061702 0.227200
0 0.876064 0.323200 0.067021 0.246400
0 0.911702 0.447200 0.061702 0.228800
0 0.909043 0.339200 0.052128 0.192000
0 0.919681 0.199200 0.052128 0.190400
0 0.804255 0.067200 0.036170 0.134400
0 0.314362 0.244800 0.054255 0.198400
0 0.240426 0.276000 0.046809 0.171200
0 0.310106 0.194400 0.052128 0.196800
0 0.149468 0.176000 0.041489 0.156800
0 0.167021 0.201600 0.038298 0.140800
0 0.115426 0.246400 0.058511 0.217600
0 0.093085 0.195200 0.052128 0.195200
0 0.065426 0.232800 0.050000 0.184000
0 0.043617 0.181600 0.042553 0.158400
0 0.019149 0.239200 0.038298 0.190400
0 0.978723 0.420800 0.042553 0.297600
0 0.163830 0.870400 0.219149 0.256000
0 0.183511 0.793600 0.230851 0.300800
0 0.046277 0.847200 0.090426 0.152000
0 0.032447 0.728800 0.064894 0.145600
0 0.369681 0.864800 0.224468 0.267200
0 0.323404 0.747200 0.178723 0.198400
0 0.260638 0.652000 0.042553 0.107200
0 0.044149 0.670400 0.041489 0.150400
0 0.054787 0.659200 0.069149 0.105600
0 0.099468 0.740800 0.115957 0.208000
0 0.097872 0.564800 0.057447 0.102400
0 0.122872 0.587200 0.024468 0.057600
0 0.144681 0.580800 0.023404 0.064000
0 0.101596 0.605600 0.086170 0.094400
0 0.228191 0.545600 0.026596 0.060800
0 0.252660 0.572000 0.073404 0.097600
0 0.282979 0.542400 0.034043 0.051200
0 0.315426 0.540000 0.037234 0.065600
0 0.306383 0.602400 0.063830 0.088000
0 0.343085 0.712000 0.079787 0.217600
0 0.440426 0.548000 0.048936 0.104000
0 0.411170 0.606400 0.075532 0.076800
0 0.440426 0.624800 0.106383 0.107200
0 0.469681 0.656800 0.039362 0.081600
0 0.461170 0.843200 0.132979 0.307200
0 0.481383 0.535200 0.035106 0.072000
0 0.525532 0.556800 0.055319 0.105600
0 0.502660 0.613600 0.043617 0.129600
0 0.597872 0.866400 0.191489 0.267200
0 0.656383 0.723200 0.061702 0.160000
0 0.697340 0.668800 0.060638 0.108800
0 0.730319 0.672000 0.043617 0.076800
0 0.690957 0.860800 0.094681 0.275200
0 0.749468 0.767200 0.073404 0.190400
0 0.785638 0.873600 0.207447 0.252800
0 0.821809 0.691200 0.032979 0.067200
0 0.880851 0.864800 0.108511 0.270400
0 0.885106 0.740000 0.055319 0.123200
0 0.886702 0.667200 0.077660 0.115200
0 0.950532 0.746400 0.098936 0.222400
0 0.624468 0.608800 0.040426 0.148800
0 0.635106 0.569600 0.031915 0.086400
0 0.678723 0.585600 0.025532 0.064000
0 0.711170 0.569600 0.045745 0.105600
0 0.751596 0.610400 0.037234 0.110400
0 0.756383 0.543200 0.019149 0.043200
0 0.788830 0.618400 0.054255 0.180800
0 0.780851 0.536000 0.025532 0.051200
0 0.057979 0.548800 0.109574 0.137600
0 0.069681 0.500800 0.022340 0.054400
0 0.217553 0.349600 0.075532 0.136000
0 0.913298 0.220800 0.060638 0.137600
0 0.347340 0.244800 0.054255 0.099200
0 0.241489 0.192800 0.061702 0.120000
0 0.244681 0.133600 0.048936 0.104000
0 0.157979 0.237600 0.058511 0.104000
0 0.117021 0.136000 0.034043 0.076800
0 0.069149 0.248000 0.040426 0.115200
0 0.027128 0.138400 0.024468 0.065600
0 0.017553 0.135200 0.035106 0.091200
0 0.985638 0.263200 0.028723 0.120000
