0 0.099707 0.404717 0.087977 0.141509
0 0.130499 0.416038 0.096774 0.152830
0 0.161290 0.410377 0.076246 0.126415
0 0.237537 0.429245 0.087977 0.145283
0 0.266862 0.417925 0.076246 0.122642
0 0.326979 0.446226 0.126100 0.198113
0 0.410557 0.463208 0.117302 0.190566
0 0.029326 0.367925 0.023460 0.041509
0 0.460411 0.390566 0.029326 0.052830
0 0.519062 0.500000 0.175953 0.275472
0 0.667155 0.435849 0.096774 0.154717
0 0.724340 0.470755 0.134897 0.213208
0 0.777126 0.455660 0.105572 0.167925
0 0.843109 0.424528 0.085044 0.135849
0 0.605572 0.429245 0.085044 0.133962
0 0.932551 0.402830 0.052786 0.084906
0 1.029326 0.428302 0.070381 0.113208
0 1.101173 0.425472 0.061584 0.103774
0 1.281525 0.489623 0.123167 0.194340
0 1.366569 0.396226 0.023460 0.037736
0 1.203812 0.415094 0.032258 0.056604
0 1.259531 0.406604 0.043988 0.073585
0 0.368035 0.375472 0.038123 0.041509
0 0.391496 0.374528 0.043988 0.043396
0 1.085044 0.383019 0.029326 0.052830
0 1.277126 0.387736 0.020528 0.028302
0 0.719941 0.374528 0.313783 0.047170
0 0.942815 0.395283 0.155425 0.058491
0 1.058651 0.389623 0.035191 0.039623
