0 0.064315 0.401250 0.128631 0.237500
0 0.155602 0.381250 0.120332 0.182500
0 0.230290 0.342500 0.087137 0.130000
0 0.298755 0.348750 0.091286 0.137500
0 0.358921 0.437500 0.186722 0.275000
0 0.412863 0.386250 0.136929 0.207500
0 0.535270 0.358750 0.099585 0.152500
0 0.697095 0.397500 0.149378 0.220000
0 0.771784 0.361250 0.107884 0.167500
0 0.919087 0.382500 0.128631 0.190000
0 0.869295 0.357500 0.095436 0.145000
0 1.618257 0.287500 0.049793 0.045000
0 1.562241 0.291250 0.062241 0.052500
0 1.039419 0.296250 0.062241 0.057500
0 1.105809 0.300000 0.062241 0.055000
0 1.047718 0.321250 1.215768 0.142500
