0 0.145403 0.590113 0.046904 0.076345
0 0.166041 0.625782 0.039400 0.067584
0 0.116323 0.551314 0.041276 0.071339
0 0.046904 0.518773 0.041276 0.068836
0 0.078799 0.427409 0.033771 0.056320
0 0.047842 0.404255 0.031895 0.055069
0 0.015947 0.381101 0.031895 0.053817
0 0.134146 0.372340 0.031895 0.056320
0 0.102251 0.354819 0.031895 0.053817
0 0.075985 0.336045 0.031895 0.053817
0 0.041276 0.315394 0.030019 0.052566
0 0.025328 0.301627 0.031895 0.052566
0 0.133208 0.449312 0.037523 0.060075
0 0.172608 0.474969 0.041276 0.066333
0 0.203565 0.503755 0.031895 0.056320
0 0.263602 0.534418 0.043152 0.070088
0 0.311445 0.566333 0.045028 0.073842
0 0.392120 0.607635 0.045028 0.073842
0 0.424015 0.635795 0.037523 0.062578
0 0.199812 0.393617 0.031895 0.056320
0 0.237336 0.413016 0.035647 0.057572
0 0.273921 0.439925 0.033771 0.058824
0 0.335835 0.464330 0.037523 0.060075
0 0.363039 0.489987 0.043152 0.071339
0 0.446529 0.522528 0.041276 0.071339
0 0.505629 0.550063 0.043152 0.071339
0 0.570356 0.591990 0.045028 0.075094
0 0.621013 0.625782 0.045028 0.075094
0 0.738274 0.573217 0.046904 0.075094
0 0.792683 0.612015 0.046904 0.077597
0 0.671670 0.534418 0.045028 0.077597
0 0.600375 0.508761 0.041276 0.071339
0 0.553471 0.480601 0.037523 0.065081
0 0.482176 0.452441 0.037523 0.061327
0 0.425891 0.426783 0.037523 0.060075
0 0.361163 0.409262 0.031895 0.055069
0 0.339587 0.387359 0.030019 0.051314
0 0.295497 0.367960 0.035647 0.057572
0 0.253283 0.348561 0.033771 0.053817
0 0.222326 0.332916 0.031895 0.055069
0 0.163227 0.314143 0.026266 0.047559
0 0.145403 0.294118 0.031895 0.052566
0 0.081614 0.284731 0.028143 0.046308
0 0.046904 0.255319 0.026266 0.047559
0 0.008443 0.242804 0.016886 0.042553
0 1.091932 0.630163 0.041276 0.066333
0 0.999062 0.598248 0.039400 0.067584
0 0.935272 0.561327 0.043152 0.073842
0 0.843340 0.527534 0.043152 0.071339
0 0.771107 0.496245 0.041276 0.066333
0 0.696998 0.471214 0.035647 0.061327
0 0.634146 0.441802 0.037523 0.062578
0 0.578799 0.417397 0.031895 0.056320
0 0.512195 0.400501 0.026266 0.047559
0 0.465291 0.381727 0.033771 0.055069
0 0.424015 0.358573 0.033771 0.056320
0 0.384615 0.341677 0.030019 0.050063
0 0.354597 0.326033 0.030019 0.051314
0 0.284240 0.304130 0.028143 0.045056
0 0.257974 0.290363 0.028143 0.050063
0 0.215760 0.279099 0.026266 0.045056
0 0.182927 0.268461 0.024390 0.043805
0 0.164165 0.250313 0.024390 0.040050
0 0.122889 0.238423 0.024390 0.043805
0 0.105066 0.226533 0.026266 0.045056
0 0.073171 0.217146 0.022514 0.041302
0 0.030019 0.205257 0.022514 0.040050
0 0.010319 0.194618 0.020638 0.043805
0 0.012195 0.153942 0.020638 0.032541
0 0.039400 0.165207 0.018762 0.035044
0 0.062852 0.175219 0.024390 0.040050
0 0.082552 0.182103 0.018762 0.033792
0 0.106004 0.192115 0.024390 0.041302
0 0.148218 0.201502 0.022514 0.037547
0 0.171670 0.209637 0.024390 0.041302
0 0.200750 0.221527 0.022514 0.040050
0 0.246717 0.234043 0.024390 0.042553
0 0.270169 0.245307 0.026266 0.047559
0 0.309568 0.259700 0.030019 0.048811
0 0.333021 0.273467 0.028143 0.048811
0 0.359287 0.284105 0.028143 0.050063
0 0.419325 0.298498 0.028143 0.048811
0 0.460600 0.316646 0.031895 0.052566
0 0.497186 0.333542 0.030019 0.048811
0 0.550657 0.350438 0.028143 0.050063
0 0.621013 0.371089 0.030019 0.048811
0 0.644465 0.388611 0.031895 0.053817
0 0.726079 0.409887 0.033771 0.058824
0 0.785178 0.431790 0.035647 0.060075
0 0.849906 0.459950 0.037523 0.061327
0 0.907129 0.483104 0.039400 0.067584
0 0.982176 0.510013 0.043152 0.071339
0 1.095685 0.547559 0.045028 0.076345
0 1.141651 0.583855 0.039400 0.066333
0 1.141651 0.502503 0.039400 0.066333
0 1.258912 0.536921 0.045028 0.077597
0 1.316135 0.571965 0.050657 0.082603
0 1.399625 0.521902 0.045028 0.075094
0 1.291745 0.492491 0.039400 0.068836
0 1.228893 0.472466 0.033771 0.058824
0 1.119137 0.439299 0.039400 0.065081
0 1.055347 0.415519 0.035647 0.057572
0 1.045966 0.473717 0.043152 0.071339
0 0.993433 0.445557 0.039400 0.065081
0 0.970919 0.394869 0.031895 0.053817
0 1.008443 0.368586 0.031895 0.053817
0 0.962477 0.350438 0.030019 0.052566
0 0.921201 0.372966 0.030019 0.052566
0 0.921201 0.422403 0.041276 0.066333
0 0.866792 0.405507 0.033771 0.055069
0 0.792683 0.380476 0.035647 0.057572
0 0.855535 0.355444 0.030019 0.050063
0 0.814259 0.337922 0.030019 0.050063
0 0.845216 0.314143 0.028143 0.047559
0 0.908068 0.330413 0.030019 0.052566
0 0.732645 0.324781 0.031895 0.051314
0 0.737336 0.363579 0.030019 0.048811
0 0.657598 0.343554 0.028143 0.048811
0 0.685741 0.309762 0.028143 0.048811
0 0.793621 0.299750 0.026266 0.046308
0 0.742026 0.286608 0.028143 0.045056
0 0.691370 0.271589 0.028143 0.050063
0 0.639775 0.291615 0.026266 0.047559
0 0.626642 0.330413 0.026266 0.047559
0 0.568480 0.310388 0.026266 0.047559
0 0.606004 0.276596 0.026266 0.047559
0 0.546904 0.262829 0.028143 0.047559
0 0.534709 0.295369 0.030019 0.052566
0 0.481238 0.281602 0.028143 0.050063
0 0.463415 0.267209 0.026266 0.043805
0 0.412758 0.257196 0.022514 0.041302
0 0.481238 0.239675 0.024390 0.043805
0 0.516886 0.251564 0.024390 0.040050
0 0.435272 0.227159 0.026266 0.043805
0 0.363039 0.242178 0.028143 0.046308
0 0.344278 0.227785 0.024390 0.040050
0 0.299250 0.219024 0.028143 0.045056
0 1.436210 0.482478 0.035647 0.061327
0 1.368668 0.453692 0.039400 0.063830
0 1.394934 0.424280 0.035647 0.060075
0 1.444653 0.386108 0.033771 0.056320
0 1.467167 0.359825 0.033771 0.056320
0 1.485929 0.441802 0.026266 0.062578
0 1.326454 0.394869 0.033771 0.056320
0 1.348968 0.370463 0.033771 0.057572
0 1.392120 0.346683 0.030019 0.050063
0 1.435272 0.320401 0.033771 0.055069
0 1.256098 0.430538 0.031895 0.055069
0 1.247655 0.378598 0.033771 0.056320
0 1.269231 0.354193 0.028143 0.047559
0 1.313321 0.326658 0.030019 0.050063
0 1.195122 0.404881 0.033771 0.053817
0 1.214822 0.336045 0.031895 0.053817
0 1.184803 0.297872 0.024390 0.042553
0 1.230769 0.277847 0.026266 0.045056
0 1.147280 0.317897 0.028143 0.045056
0 1.157598 0.359199 0.022514 0.040050
0 1.100375 0.384230 0.028143 0.047559
0 1.092871 0.341677 0.031895 0.052566
0 1.119137 0.285357 0.028143 0.045056
0 1.062852 0.304130 0.031895 0.052566
0 1.028143 0.322278 0.033771 0.056320
0 0.987805 0.311014 0.024390 0.043805
0 0.927767 0.291615 0.028143 0.050063
0 0.954034 0.277847 0.028143 0.047559
0 0.857411 0.277222 0.026266 0.046308
0 0.898687 0.266583 0.026266 0.045056
0 0.818949 0.268461 0.024390 0.041302
0 0.761726 0.259700 0.026266 0.043805
0 0.226079 0.643930 0.050657 0.043805
0 0.530957 0.652065 0.045028 0.027534
0 0.719512 0.637672 0.046904 0.051314
0 1.005629 0.653942 0.045028 0.018773
0 1.362101 0.631414 0.048780 0.048811
0 1.239212 0.645181 0.046904 0.028786
0 0.445591 0.146433 0.876173 0.287860
0 1.192308 0.163329 0.598499 0.326658
