0 0.463768 0.777405 0.026087 0.096197
0 0.478986 0.771812 0.024638 0.098434
0 0.511594 0.769575 0.023188 0.093960
0 0.537681 0.770694 0.026087 0.100671
0 0.560870 0.771812 0.026087 0.098434
0 0.593478 0.768456 0.024638 0.096197
0 0.619565 0.771812 0.024638 0.098434
0 0.652899 0.765101 0.024638 0.098434
0 0.638406 0.702461 0.018841 0.076063
0 0.667391 0.771812 0.021739 0.085011
0 0.694203 0.777405 0.031884 0.118568
0 0.710145 0.762864 0.023188 0.093960
0 0.725362 0.768456 0.021739 0.087248
0 0.744928 0.767338 0.028986 0.111857
0 0.773188 0.766219 0.024638 0.100671
0 0.801449 0.760626 0.023188 0.093960
0 0.821014 0.765101 0.024638 0.093960
0 0.835507 0.780761 0.033333 0.129754
0 0.849275 0.760626 0.026087 0.102908
0 0.876087 0.769575 0.024638 0.093960
0 0.898551 0.760626 0.026087 0.098434
0 0.945652 0.753915 0.021739 0.085011
0 0.978261 0.738255 0.028986 0.067114
0 0.934783 0.724832 0.020290 0.040268
0 0.868116 0.721477 0.020290 0.038031
0 0.665217 0.699105 0.023188 0.033557
0 0.492754 0.724832 0.020290 0.053691
