0 0.456128 0.592187 0.435933 0.794792
0 0.279248 0.483854 0.305014 0.559375
0 0.041783 0.436979 0.083565 0.261458
0 0.083565 0.358333 0.075209 0.139583
0 0.829387 0.357292 0.054318 0.100000
0 0.863510 0.356771 0.038997 0.071875
0 0.889972 0.354167 0.041783 0.079167
0 0.902507 0.379167 0.055710 0.104167
0 0.967270 0.374479 0.062674 0.113542
0 0.043872 0.283854 0.037604 0.036458
0 0.169916 0.304167 0.044568 0.064583
0 0.392061 0.303125 0.043175 0.041667
0 0.527855 0.310937 0.025070 0.023958
0 0.552228 0.326042 0.023677 0.020833
0 0.578691 0.315104 0.034819 0.036458
0 0.613510 0.318229 0.037604 0.032292
0 0.670613 0.316146 0.034819 0.030208
0 0.703343 0.310417 0.027855 0.025000
0 0.741643 0.315104 0.048747 0.046875
0 0.784123 0.329688 0.019499 0.019792
0 0.804318 0.332292 0.020891 0.018750
0 0.851671 0.324479 0.023677 0.019792
0 0.943593 0.331250 0.012535 0.012500
0 0.925487 0.318229 0.023677 0.023958
