0 0.164000 0.579580 0.056000 0.216216
0 0.198000 0.582583 0.064000 0.234234
0 0.271000 0.608108 0.086000 0.315315
0 0.299000 0.612613 0.090000 0.336336
0 0.512000 0.665165 0.140000 0.513514
0 0.552000 0.590090 0.060000 0.225225
0 0.583000 0.596096 0.078000 0.285285
0 0.637000 0.612613 0.086000 0.324324
0 0.727000 0.590090 0.062000 0.237237
0 0.787000 0.573574 0.054000 0.204204
0 0.830000 0.633634 0.096000 0.354354
0 0.868000 0.578078 0.072000 0.267267
0 0.937000 0.641141 0.122000 0.447447
0 0.803000 0.229730 0.202000 0.273273
