0 0.039167 0.457500 0.078333 0.355000
0 0.156667 0.502500 0.123333 0.460000
0 0.077500 0.396250 0.021667 0.082500
0 0.195833 0.436250 0.051667 0.197500
0 0.265000 0.488750 0.100000 0.367500
0 0.329167 0.432500 0.068333 0.255000
0 0.570000 0.500000 0.126667 0.470000
0 0.657500 0.506250 0.178333 0.657500
0 0.725833 0.477500 0.121667 0.445000
0 0.790000 0.565000 0.196667 0.720000
0 0.892500 0.451250 0.115000 0.422500
0 0.928333 0.508750 0.143333 0.587500
0 0.944167 0.630000 0.111667 0.660000
0 0.611667 0.291250 0.036667 0.067500
0 0.495000 0.357500 0.056667 0.175000
0 0.458333 0.291250 0.033333 0.067500
0 0.357500 0.303750 0.045000 0.072500
0 0.406667 0.365000 0.073333 0.240000
0 0.240000 0.342500 0.026667 0.040000
0 0.843333 0.297500 0.030000 0.075000
