0 0.218750 0.460000 0.243952 0.394667
0 0.064516 0.398667 0.129032 0.277333
0 0.348790 0.372000 0.137097 0.224000
0 0.561492 0.408000 0.179435 0.293333
0 0.733871 0.386667 0.157258 0.258667
0 0.902218 0.457333 0.215726 0.352000
0 1.079637 0.380000 0.155242 0.253333
0 1.236895 0.416000 0.247984 0.402667
0 1.377016 0.360000 0.116935 0.189333
0 1.441532 0.402667 0.141129 0.253333
0 1.486895 0.272667 0.038306 0.049333
0 0.805444 0.268667 0.054435 0.036000
0 0.688508 0.290667 0.030242 0.037333
0 0.713710 0.287333 0.032258 0.025333
0 0.636089 0.287333 0.038306 0.033333
0 0.501008 0.287333 0.034274 0.030667
0 0.469758 0.288667 0.028226 0.033333
0 0.443548 0.282667 0.036290 0.029333
0 0.393145 0.279333 0.044355 0.041333
0 0.302419 0.283333 0.040323 0.028000
0 0.135081 0.286000 0.040323 0.028000
0 0.085685 0.279333 0.030242 0.028000
0 0.072581 0.292667 0.032258 0.030667
0 0.631048 0.254000 1.193548 0.086667
