0 0.022727 0.512262 0.045455 0.196185
0 0.052727 0.519074 0.050909 0.188011
0 0.081818 0.523161 0.050909 0.196185
0 0.107273 0.517711 0.050909 0.185286
0 0.150000 0.489101 0.089091 0.329700
0 0.181818 0.520436 0.043636 0.168937
0 0.200000 0.524523 0.040000 0.149864
0 0.236364 0.505450 0.040000 0.144414
0 0.247273 0.527248 0.036364 0.138965
0 0.307273 0.512262 0.058182 0.212534
0 0.384545 0.554496 0.150909 0.553134
0 0.430909 0.498638 0.036364 0.130790
0 0.488182 0.551771 0.078182 0.286104
0 0.570909 0.506812 0.036364 0.141689
0 0.592727 0.506812 0.032727 0.125341
0 0.631818 0.506812 0.030909 0.119891
0 0.655455 0.509537 0.052727 0.201635
0 0.684545 0.509537 0.034545 0.125341
0 0.710000 0.495913 0.052727 0.190736
0 0.736364 0.502725 0.036364 0.133515
0 0.769091 0.497275 0.065455 0.237057
0 0.818182 0.464578 0.156364 0.569482
0 0.874545 0.509537 0.032727 0.119891
0 0.966364 0.494550 0.034545 0.133515
0 0.546364 0.440054 0.034545 0.062670
