0 0.759000 0.726667 0.154000 0.509333
0 0.687000 0.658667 0.106000 0.346667
0 0.656000 0.536000 0.028000 0.101333
0 0.837000 0.554667 0.042000 0.144000
0 0.983000 0.594667 0.034000 0.165333
0 0.519000 0.597333 0.082000 0.272000
0 0.608000 0.622667 0.088000 0.290667
0 0.463000 0.676000 0.114000 0.376000
0 0.429000 0.585333 0.066000 0.221333
0 0.372000 0.560000 0.064000 0.208000
0 0.344000 0.644000 0.100000 0.328000
0 0.293000 0.618667 0.090000 0.298667
0 0.220000 0.600000 0.076000 0.256000
0 0.145000 0.590667 0.066000 0.216000
0 0.189000 0.486667 0.034000 0.045333
0 0.724000 0.525333 0.036000 0.101333
