0 0.957000 0.527027 0.086000 0.315315
0 0.754000 0.557057 0.144000 0.537538
0 0.887000 0.442943 0.034000 0.123123
0 0.862000 0.451952 0.032000 0.123123
0 0.702000 0.480480 0.044000 0.162162
0 0.681000 0.496997 0.046000 0.171171
0 0.651000 0.489489 0.050000 0.186186
0 0.615000 0.478979 0.046000 0.177177
0 0.573000 0.506006 0.062000 0.231231
0 0.536000 0.512012 0.064000 0.243243
0 0.497000 0.528529 0.070000 0.264264
0 0.459000 0.537538 0.074000 0.270270
0 0.387000 0.540541 0.058000 0.216216
0 0.332000 0.579580 0.092000 0.342342
0 0.367000 0.575075 0.066000 0.243243
0 0.266000 0.597598 0.076000 0.288288
0 0.226000 0.573574 0.068000 0.258258
0 0.182000 0.626126 0.080000 0.297297
0 0.151000 0.584084 0.078000 0.285285
0 0.122000 0.572072 0.072000 0.261261
0 0.092000 0.561562 0.064000 0.240240
0 0.068000 0.551051 0.064000 0.237237
0 0.046000 0.540541 0.060000 0.228228
0 0.908000 0.441441 0.028000 0.114114
0 0.925000 0.438438 0.030000 0.120120
0 0.823000 0.460961 0.034000 0.123123
0 0.418000 0.400901 0.028000 0.051051
0 0.398000 0.406907 0.020000 0.051051
0 0.370000 0.420420 0.020000 0.060060
0 0.242000 0.438438 0.024000 0.054054
0 0.427000 0.396396 0.850000 0.138138
