0 0.128000 0.659159 0.052000 0.189189
0 0.174000 0.662162 0.068000 0.249249
0 0.220000 0.678679 0.072000 0.264264
0 0.272000 0.647147 0.052000 0.189189
0 0.324000 0.645646 0.036000 0.138138
0 0.349000 0.675676 0.086000 0.312312
0 0.427000 0.698198 0.150000 0.555556
0 0.565000 0.669670 0.174000 0.642643
0 0.690000 0.590090 0.216000 0.795796
0 0.807000 0.645646 0.074000 0.276276
0 0.883000 0.570571 0.074000 0.282282
0 0.920000 0.623123 0.068000 0.255255
0 0.949000 0.579580 0.066000 0.246246
0 0.985000 0.570571 0.026000 0.072072
0 0.242000 0.575075 0.036000 0.057057
