0 0.625455 0.861280 0.061818 0.259146
0 0.516364 0.795732 0.058182 0.243902
0 0.461818 0.820122 0.058182 0.237805
0 0.339091 0.727134 0.049091 0.198171
0 0.205455 0.679878 0.043636 0.189024
0 0.272727 0.728659 0.040000 0.164634
0 0.261818 0.649390 0.036364 0.152439
0 0.764545 0.756098 0.034545 0.140244
0 0.790000 0.775915 0.034545 0.149390
0 0.811818 0.775915 0.034545 0.149390
0 0.894545 0.800305 0.047273 0.198171
0 0.920909 0.873476 0.049091 0.204268
0 0.954545 0.826220 0.047273 0.195122
0 0.662727 0.638720 0.023636 0.100610
0 0.685455 0.631098 0.025455 0.103659
0 0.719091 0.640244 0.020000 0.079268
0 0.711818 0.644817 0.012727 0.057927
0 0.638182 0.638720 0.018182 0.082317
0 0.709091 0.533537 0.010909 0.054878
0 0.688182 0.525915 0.012727 0.051829
0 0.218182 0.496951 0.029091 0.054878
0 0.461818 0.545732 0.021818 0.042683
0 0.479091 0.573171 0.020000 0.054878
0 0.506364 0.352134 0.976364 0.289634
