0 0.087349 0.513026 0.048193 0.080160
0 0.135542 0.515030 0.054217 0.088176
0 0.195783 0.520040 0.048193 0.078156
0 0.275602 0.520040 0.045181 0.078156
0 0.367470 0.538076 0.042169 0.074148
0 0.447289 0.538076 0.051205 0.082164
0 0.496988 0.540080 0.054217 0.086172
0 0.521084 0.542084 0.048193 0.078156
0 0.548193 0.542084 0.048193 0.082164
0 0.593373 0.541082 0.054217 0.088176
0 0.614458 0.543086 0.048193 0.080160
0 0.653614 0.542084 0.054217 0.086172
0 0.680723 0.544088 0.048193 0.078156
0 0.703313 0.541082 0.051205 0.084168
0 0.766566 0.542084 0.051205 0.086172
0 0.831325 0.545090 0.054217 0.088176
0 0.864458 0.546092 0.042169 0.070140
0 0.890060 0.545090 0.051205 0.088176
0 0.936747 0.546092 0.042169 0.074148
0 0.986446 0.546092 0.051205 0.082164
0 1.012048 0.545090 0.042169 0.072144
0 1.028614 0.547094 0.051205 0.084168
0 1.112952 0.541082 0.051205 0.084168
0 1.173193 0.545090 0.045181 0.072144
0 1.212349 0.548096 0.045181 0.078156
0 1.260542 0.547094 0.045181 0.080160
0 1.322289 0.545090 0.042169 0.072144
0 1.388554 0.546092 0.054217 0.094188
