0 0.922500 0.664165 0.155000 0.626642
0 0.615000 0.556285 0.227500 0.838649
0 0.318125 0.723265 0.086250 0.320826
0 0.255625 0.695122 0.051250 0.193246
0 0.160625 0.691370 0.058750 0.219512
0 0.128125 0.686679 0.061250 0.228893
0 0.060000 0.700750 0.120000 0.452158
0 0.018750 0.706379 0.037500 0.193246
0 0.396250 0.691370 0.032500 0.121951
0 0.434375 0.703565 0.023750 0.090056
0 0.478125 0.699812 0.023750 0.090056
0 0.503125 0.706379 0.018750 0.069418
0 0.768125 0.722326 0.023750 0.086304
0 0.782500 0.694184 0.025000 0.090056
0 0.795000 0.719512 0.022500 0.088180
0 0.811875 0.720450 0.023750 0.086304
0 0.831250 0.724203 0.035000 0.131332
0 0.853125 0.724203 0.036250 0.131332
0 0.275625 0.613508 0.023750 0.045028
0 0.368125 0.721388 0.041250 0.095685
0 0.803125 0.707317 0.178750 0.165103
