0 0.154303 0.370833 0.267062 0.371667
0 0.308605 0.394167 0.231454 0.321667
0 0.492582 0.368333 0.272997 0.373333
0 0.627596 0.394167 0.228487 0.315000
0 0.780415 0.375000 0.267062 0.366667
0 0.936202 0.409167 0.210682 0.295000
0 1.148368 0.388333 0.243323 0.333333
0 1.345697 0.391667 0.234421 0.326667
0 1.520772 0.397500 0.222552 0.308333
0 1.664688 0.387500 0.231454 0.338333
0 0.348665 0.240833 0.121662 0.115000
0 0.434718 0.197500 0.091988 0.095000
0 0.590504 0.204167 0.071217 0.058333
0 0.676558 0.237500 0.089021 0.085000
0 0.850148 0.235000 0.080119 0.060000
0 1.200297 0.215000 0.103858 0.076667
0 0.967359 0.228333 0.083086 0.080000
0 1.400593 0.240833 0.094955 0.078333
0 1.470326 0.243333 0.062315 0.050000
0 1.617211 0.249167 0.100890 0.088333
0 0.903561 0.136667 0.127596 0.106667
