0 0.055249 0.557103 0.069982 0.261838
0 0.154696 0.558496 0.069982 0.259053
0 0.246777 0.558496 0.066298 0.253482
0 0.333333 0.554318 0.069982 0.256267
0 0.437385 0.547354 0.071823 0.264624
0 0.510129 0.550139 0.069982 0.259053
0 0.577348 0.655989 0.101289 0.376045
0 0.589319 0.543175 0.073665 0.278552
0 0.676796 0.554318 0.068140 0.256267
0 0.774401 0.551532 0.068140 0.261838
0 0.819521 0.543175 0.066298 0.245125
0 0.866483 0.538997 0.060773 0.231198
0 0.085635 0.428969 0.034991 0.128134
0 0.123389 0.430362 0.033149 0.130919
0 0.042357 0.458217 0.047882 0.186630
0 0.247698 0.462396 0.046041 0.167131
0 0.164825 0.461003 0.042357 0.158774
0 0.325046 0.466574 0.042357 0.158774
0 0.347145 0.470752 0.038674 0.150418
0 0.426335 0.462396 0.042357 0.155989
0 0.454880 0.458217 0.040516 0.147632
0 0.374770 0.427577 0.027624 0.108635
0 0.501842 0.449861 0.038674 0.153203
0 0.543278 0.452646 0.036832 0.142061
0 0.601289 0.454039 0.042357 0.155989
0 0.649171 0.455432 0.038674 0.142061
0 0.709945 0.451253 0.042357 0.161560
0 0.744936 0.445682 0.038674 0.150418
0 0.773481 0.442897 0.040516 0.155989
0 0.837937 0.448468 0.040516 0.155989
0 0.914365 0.451253 0.042357 0.155989
0 0.941989 0.447075 0.042357 0.158774
0 0.978821 0.447075 0.038674 0.153203
0 0.837017 0.753482 0.219153 0.147632
0 0.821363 0.395543 0.022099 0.055710
