0 1.373611 0.394167 0.141667 0.211667
0 1.250000 0.395833 0.133333 0.198333
0 1.145833 0.390000 0.136111 0.200000
0 1.029167 0.393333 0.125000 0.183333
0 0.943056 0.386667 0.136111 0.200000
0 0.854167 0.395833 0.125000 0.185000
0 0.754167 0.394167 0.113889 0.168333
0 0.661111 0.389167 0.116667 0.175000
0 0.575000 0.387500 0.116667 0.175000
0 0.495833 0.386667 0.119444 0.176667
0 0.291667 0.340833 0.027778 0.045000
0 0.623611 0.337500 0.036111 0.051667
0 0.447222 0.435000 0.122222 0.146667
0 0.545833 0.435000 0.091667 0.153333
0 0.654167 0.437500 0.102778 0.145000
0 0.756944 0.439167 0.113889 0.148333
0 0.887500 0.447500 0.113889 0.148333
0 1.045833 0.452500 0.108333 0.158333
0 1.181944 0.446667 0.113889 0.170000
0 1.297222 0.454167 0.116667 0.171667
0 1.438889 0.460833 0.094444 0.171667
0 1.575000 0.465833 0.144444 0.178333
