0 0.305072 0.592391 0.442029 0.810870
0 0.674638 0.114130 0.097101 0.178261
0 0.596377 0.376087 0.166667 0.304348
0 0.439855 0.364130 0.181159 0.332609
0 0.116667 0.362500 0.128986 0.138043
0 0.133333 0.271739 0.095652 0.067391
0 0.874638 0.691304 0.242029 0.613043
0 0.749275 0.178261 0.089855 0.106522
0 0.752899 0.064674 0.059420 0.051087
0 0.318841 0.060326 0.052174 0.079348
0 0.320290 0.011413 0.037681 0.022826
0 0.234058 0.014130 0.050725 0.028261
0 0.246377 0.035870 0.023188 0.026087
0 0.363043 0.033152 0.042029 0.066304
0 0.379710 0.009783 0.023188 0.019565
0 0.407971 0.034239 0.044928 0.068478
0 0.431884 0.029348 0.037681 0.056522
0 0.460145 0.015761 0.024638 0.029348
0 0.477536 0.035326 0.050725 0.066304
0 0.510145 0.009783 0.020290 0.017391
0 0.531884 0.034239 0.040580 0.068478
0 0.584058 0.033152 0.043478 0.064130
0 0.655797 0.065217 0.033333 0.065217
0 0.728986 0.042935 0.026087 0.040217
0 0.836232 0.071196 0.043478 0.040217
0 0.855797 0.027174 0.047826 0.039130
