0 0.051089 0.585859 0.041876 0.156566
0 0.112228 0.584596 0.036851 0.143939
0 0.171692 0.580808 0.038526 0.146465
0 0.233668 0.575758 0.038526 0.146465
0 0.296482 0.574495 0.036851 0.138889
0 0.354271 0.577020 0.031826 0.123737
0 0.327471 0.647727 0.061977 0.229798
0 0.636516 0.609848 0.060302 0.224747
0 0.711893 0.623737 0.053601 0.196970
0 0.926298 0.640152 0.073702 0.280303
0 0.958961 0.579545 0.055276 0.209596
0 0.084590 0.693182 0.075377 0.123737
0 0.216918 0.672980 0.061977 0.128788
0 0.423786 0.772727 0.087102 0.277778
0 0.414573 0.630051 0.055276 0.133838
0 0.506700 0.655303 0.041876 0.113636
0 0.572027 0.654040 0.058626 0.095960
0 0.670017 0.643939 0.043551 0.116162
0 0.846734 0.657828 0.061977 0.113636
