0 0.426230 0.362500 0.135831 0.220312
0 0.522834 0.396484 0.211944 0.346094
0 0.605972 0.339062 0.115925 0.189062
0 0.709016 0.337891 0.115925 0.189844
0 0.650468 0.320312 0.055035 0.090625
0 0.809719 0.376563 0.209602 0.342187
0 0.867681 0.358203 0.168618 0.277344
0 1.272834 0.332813 0.112412 0.185938
0 1.367096 0.346484 0.108899 0.177344
0 0.323770 0.311328 0.055035 0.089844
0 1.341920 0.492969 0.304450 0.337500
0 1.460187 0.432812 0.065574 0.076563
0 0.478337 0.266797 0.043326 0.039844
0 0.435597 0.267578 0.042155 0.042969
0 0.368267 0.280859 0.048009 0.035156
