0 0.062667 0.296000 0.125333 0.268000
0 0.481333 0.245000 0.130667 0.242000
0 0.572000 0.204000 0.136000 0.256000
0 1.253333 0.193000 0.101333 0.190000
0 1.290667 0.191000 0.085333 0.190000
0 1.201333 0.195000 0.093333 0.174000
0 1.160000 0.193000 0.085333 0.162000
0 1.053333 0.255000 0.106667 0.198000
0 0.705333 0.170000 0.072000 0.132000
0 0.756000 0.169000 0.072000 0.130000
0 0.854667 0.181000 0.061333 0.118000
0 0.938667 0.171000 0.069333 0.134000
0 0.986667 0.179000 0.080000 0.154000
0 0.260000 0.327000 0.194667 0.258000
0 0.496000 0.312000 0.165333 0.196000
0 0.560000 0.368000 0.160000 0.252000
0 0.676000 0.293000 0.120000 0.190000
0 0.764000 0.348000 0.146667 0.168000
0 0.985333 0.369000 0.290667 0.218000
0 1.065333 0.296000 0.109333 0.184000
0 1.226667 0.357000 0.186667 0.222000
0 1.073333 0.128000 0.045333 0.060000
0 1.116000 0.123000 0.034667 0.046000
0 1.044000 0.124000 0.050667 0.056000
