0 0.254375 0.603578 0.116250 0.431262
0 0.423750 0.696798 0.157500 0.583804
0 0.575625 0.613936 0.131250 0.482109
0 0.533125 0.542373 0.071250 0.267420
0 0.614375 0.563089 0.093750 0.342750
0 0.671875 0.548023 0.081250 0.301318
0 0.706875 0.500942 0.058750 0.222222
0 0.735000 0.562147 0.100000 0.367232
0 0.807500 0.635593 0.145000 0.532957
0 0.851250 0.522599 0.077500 0.291902
0 0.881875 0.512241 0.071250 0.263653
0 0.924375 0.568738 0.098750 0.369115
0 0.966250 0.555556 0.067500 0.301318
0 0.188125 0.532957 0.048750 0.188324
0 0.327500 0.456685 0.030000 0.069680
0 0.301250 0.461394 0.025000 0.060264
0 0.115625 0.428437 0.033750 0.069680
0 0.113125 0.469868 0.038750 0.077213
0 0.055625 0.554614 0.046250 0.193974
0 0.103750 0.555556 0.070000 0.203390
0 0.027500 0.482109 0.035000 0.075330
0 0.375625 0.456685 0.026250 0.062147
0 0.776875 0.403013 0.036250 0.071563
0 0.955000 0.412429 0.025000 0.064030
