0 0.081250 0.533771 0.162500 0.422139
0 0.276250 0.540338 0.227500 0.416510
0 0.552500 0.534709 0.230000 0.424015
0 0.666250 0.520638 0.242500 0.444653
0 0.901250 0.526266 0.237500 0.440901
0 1.056250 0.533771 0.227500 0.422139
0 0.712500 0.387430 0.085000 0.159475
0 0.765000 0.376173 0.080000 0.148218
0 0.431250 0.325516 0.047500 0.091932
0 0.418750 0.408068 0.057500 0.106942
0 0.217500 0.325516 0.045000 0.080675
0 0.131250 0.367730 0.082500 0.157598
0 1.098750 0.360225 0.082500 0.153846
0 1.121250 0.361163 0.072500 0.133208
0 1.286250 0.409944 0.092500 0.174484
0 1.200000 0.398687 0.075000 0.144465
0 0.997500 0.379925 0.095000 0.174484
0 0.342500 0.365854 0.040000 0.078799
0 0.335000 0.319887 0.065000 0.061914
0 0.270000 0.315197 0.055000 0.048780
0 1.202500 0.314259 0.045000 0.043152
0 1.275000 0.318949 0.035000 0.052533
0 0.402500 0.311445 0.530000 0.082552
