0 0.956456 0.420000 0.243243 0.400000
0 1.025526 0.382000 0.153153 0.256000
0 0.815315 0.382000 0.129129 0.212000
0 0.765766 0.384000 0.144144 0.240000
0 0.719219 0.421000 0.147147 0.246000
0 0.626126 0.418000 0.189189 0.312000
0 0.524024 0.391000 0.159159 0.258000
0 0.444444 0.407000 0.168168 0.278000
0 0.361862 0.381000 0.147147 0.238000
0 0.258258 0.408000 0.156156 0.256000
0 0.138138 0.402000 0.144144 0.236000
0 0.100601 0.376000 0.129129 0.216000
0 0.043544 0.394000 0.087087 0.228000
0 0.861862 0.376000 0.108108 0.176000
0 0.891892 0.292000 0.036036 0.032000
0 1.066066 0.293000 0.024024 0.030000
0 0.584084 0.296000 0.057057 0.048000
0 0.551051 0.211000 0.207207 0.034000
