0 0.259465 0.430000 0.091314 0.170000
0 0.316258 0.430833 0.093541 0.175000
0 0.351893 0.441667 0.093541 0.170000
0 0.391982 0.433333 0.106904 0.200000
0 0.449889 0.445000 0.097996 0.183333
0 0.516704 0.455833 0.120267 0.225000
0 0.641425 0.456667 0.124722 0.226667
0 0.717149 0.466667 0.120267 0.220000
0 0.791759 0.457500 0.135857 0.251667
0 0.883073 0.470000 0.131403 0.243333
0 0.962138 0.468333 0.146993 0.266667
0 1.077951 0.474167 0.155902 0.285000
0 1.191537 0.482500 0.164811 0.305000
0 1.287305 0.496667 0.097996 0.323333
0 0.024499 0.435000 0.048998 0.153333
