0 0.112222 0.608333 0.108889 0.396667
0 0.353333 0.540000 0.102222 0.373333
0 0.486667 0.708333 0.115556 0.430000
0 0.541111 0.633333 0.122222 0.446667
0 0.486667 0.591667 0.111111 0.403333
0 0.625556 0.590000 0.108889 0.406667
0 0.698889 0.563333 0.108889 0.406667
0 0.735556 0.628333 0.120000 0.443333
0 0.804444 0.613333 0.115556 0.433333
0 0.886667 0.563333 0.102222 0.386667
0 0.141111 0.186667 0.028889 0.113333
0 0.273333 0.181667 0.031111 0.116667
0 0.361111 0.175000 0.028889 0.110000
0 0.473333 0.170000 0.026667 0.106667
0 0.562222 0.168333 0.026667 0.110000
0 0.706667 0.153333 0.026667 0.100000
0 0.843333 0.151667 0.024444 0.096667
0 0.787778 0.411667 0.086667 0.316667
0 0.832222 0.411667 0.068889 0.263333
0 0.916667 0.458333 0.077778 0.296667
0 0.961111 0.431667 0.077778 0.350000
0 0.530000 0.383333 0.042222 0.126667
0 0.723333 0.350000 0.033333 0.093333
0 0.861111 0.290000 0.024444 0.073333
0 0.883333 0.261667 0.024444 0.036667
0 0.202222 0.775000 0.257778 0.256667
