0 0.055986 0.438590 0.053402 0.073401
0 0.077089 0.436894 0.052541 0.072432
0 0.101421 0.437500 0.049526 0.068798
0 0.136090 0.432897 0.047373 0.064922
0 0.198320 0.434835 0.052972 0.072674
0 0.230189 0.434835 0.040052 0.054748
0 0.290913 0.432776 0.037468 0.052083
0 0.321490 0.430717 0.037468 0.051357
0 0.438415 0.435925 0.045650 0.063227
0 0.448966 0.432413 0.046942 0.064922
0 0.674849 0.423813 0.037037 0.051599
0 1.148148 0.433987 0.060293 0.083576
0 1.320198 0.432534 0.053833 0.074370
0 1.336348 0.432049 0.051680 0.071463
0 1.417097 0.437258 0.052110 0.072190
0 1.438200 0.420906 0.050388 0.069525
0 1.758613 0.428537 0.038329 0.075581
0 1.750215 0.424419 0.055125 0.080426
0 1.552326 0.431080 0.046081 0.063227
0 1.546727 0.426841 0.050388 0.069283
0 0.939922 0.399467 0.023686 0.018411
0 1.242894 0.395228 0.019811 0.016231
