0 0.146154 0.378855 0.126154 0.444934
0 0.391538 0.564978 0.244615 0.852423
0 0.463846 0.506608 0.226154 0.797357
0 0.740769 0.367841 0.133846 0.471366
0 0.039231 0.276432 0.063077 0.226872
0 0.090769 0.280837 0.061538 0.218062
0 0.165385 0.261013 0.069231 0.248899
0 0.220769 0.268722 0.066154 0.229075
0 0.293077 0.275330 0.063077 0.224670
0 0.523846 0.270925 0.066154 0.237885
0 0.576154 0.274229 0.066154 0.235683
0 0.614615 0.272026 0.069231 0.248899
0 0.650769 0.277533 0.064615 0.233480
0 0.835385 0.269824 0.073846 0.262115
0 0.866154 0.280837 0.067692 0.235683
0 0.933077 0.295154 0.096923 0.339207
0 0.773077 0.267621 0.069231 0.248899
0 0.758462 0.253304 0.470769 0.308370
0 0.183077 0.211454 0.363077 0.171806
