0 0.280433 0.515778 0.240605 0.440870
0 0.530842 0.417892 0.065768 0.121324
0 0.626225 0.439185 0.071078 0.130821
0 0.686070 0.431526 0.057598 0.105699
0 1.105801 0.453278 0.040850 0.075674
0 1.295547 0.493873 0.075572 0.231618
0 0.912173 0.456801 0.056373 0.102941
0 0.802288 0.452206 0.066993 0.122549
0 0.846814 0.459865 0.116013 0.213235
0 0.979984 0.512868 0.187092 0.343137
0 0.178513 0.338695 0.356209 0.554228
0 0.992034 0.353094 0.190768 0.425551
0 0.811070 0.374387 0.212827 0.281250
0 1.298611 0.391238 0.063725 0.172181
0 0.575572 0.227022 0.075163 0.094975
0 0.871936 0.255055 0.046977 0.064645
0 1.102737 0.074295 0.055147 0.074449
