0 0.205078 0.499306 0.035156 0.156944
0 0.265625 0.533333 0.071875 0.316667
0 0.335156 0.477083 0.040625 0.179167
0 0.351172 0.428472 0.024219 0.104167
0 0.387891 0.499306 0.055469 0.243056
0 0.458203 0.481250 0.041406 0.181944
0 0.496875 0.538194 0.078125 0.340278
0 0.531250 0.490972 0.053125 0.234722
0 0.555469 0.469444 0.040625 0.180556
0 0.587891 0.463889 0.038281 0.166667
0 0.614844 0.415972 0.026562 0.115278
0 0.649609 0.375694 0.028906 0.126389
0 0.673828 0.388889 0.025781 0.111111
0 0.739844 0.528472 0.081250 0.356944
0 0.065234 0.446528 0.030469 0.104167
0 0.094531 0.484722 0.020313 0.094444
0 0.109766 0.491667 0.022656 0.075000
0 0.127734 0.494444 0.033594 0.077778
0 0.135547 0.438194 0.030469 0.084722
0 0.150781 0.484028 0.023438 0.084722
0 0.159766 0.451389 0.027344 0.088889
0 0.177734 0.444444 0.021094 0.080556
0 0.231641 0.439583 0.022656 0.079167
0 0.251563 0.419444 0.014063 0.055556
0 0.291016 0.444444 0.025781 0.100000
0 0.307812 0.405556 0.023438 0.052778
0 0.367969 0.447222 0.021875 0.080556
0 0.416406 0.446528 0.028125 0.084722
0 0.471484 0.413194 0.014844 0.051389
0 0.517578 0.385417 0.019531 0.062500
0 0.569922 0.396528 0.019531 0.040278
0 0.662109 0.458333 0.033594 0.100000
0 0.658984 0.404167 0.027344 0.066667
0 0.783203 0.370833 0.030469 0.111111
0 0.805469 0.418056 0.023438 0.088889
0 0.811719 0.377778 0.025000 0.044444
0 0.795703 0.465278 0.024219 0.097222
0 0.782422 0.402778 0.024219 0.063889
0 0.861328 0.358333 0.025781 0.091667
0 0.843359 0.427083 0.041406 0.081944
0 0.829297 0.400000 0.019531 0.055556
0 0.415625 0.448611 0.015625 0.066667
