0 0.029412 0.405637 0.058824 0.113971
0 0.232843 0.476103 0.142157 0.262255
0 0.285539 0.482537 0.147876 0.271446
0 0.354575 0.482843 0.135621 0.248775
0 0.406863 0.472120 0.137255 0.253064
0 1.258987 0.459252 0.075163 0.139093
0 1.179330 0.491728 0.136438 0.251838
0 1.111928 0.493566 0.122549 0.223652
0 1.047386 0.486826 0.120915 0.222426
0 0.973856 0.477328 0.111111 0.204657
0 0.915033 0.474265 0.116013 0.213235
0 0.847222 0.476409 0.107843 0.196691
0 0.783497 0.469056 0.111111 0.204044
0 0.723856 0.470282 0.114379 0.210172
0 0.669526 0.466912 0.111928 0.204657
0 0.609477 0.470588 0.116013 0.214461
0 0.511438 0.465993 0.133987 0.246936
0 0.556781 0.459559 0.121732 0.223039
0 0.340278 0.365196 0.089052 0.088235
0 0.449755 0.395221 0.040033 0.096814
0 0.428922 0.532475 0.119281 0.171569
0 0.509395 0.532782 0.072712 0.169730
0 0.575572 0.528186 0.071078 0.176471
0 0.639706 0.524816 0.071895 0.158701
0 0.710784 0.521752 0.076797 0.175858
0 0.784722 0.522978 0.087418 0.158701
0 0.795752 0.373162 0.073529 0.069853
0 0.871324 0.380208 0.066176 0.066789
0 0.855801 0.530331 0.082516 0.158701
0 0.925654 0.537377 0.070261 0.159314
0 1.007761 0.537684 0.102124 0.174632
0 1.108252 0.550245 0.139706 0.175245
0 1.128268 0.394301 0.050654 0.063113
0 1.316176 0.472733 0.034314 0.200368
