0 0.031359 0.294000 0.062718 0.100000
0 0.047038 0.288000 0.066202 0.096000
0 0.099303 0.291000 0.066202 0.094000
0 0.141115 0.290000 0.066202 0.092000
0 0.200348 0.290000 0.066202 0.092000
0 0.259582 0.292000 0.059233 0.088000
0 0.292683 0.289000 0.062718 0.090000
0 0.322300 0.293000 0.073171 0.102000
0 0.362369 0.290000 0.069686 0.100000
0 0.391986 0.287000 0.066202 0.094000
0 0.407666 0.299000 0.076655 0.106000
0 0.440767 0.288000 0.066202 0.100000
0 0.515679 0.299000 0.090592 0.126000
0 0.557491 0.292000 0.069686 0.104000
0 0.576655 0.295000 0.073171 0.106000
0 0.609756 0.291000 0.076655 0.106000
0 0.635889 0.304000 0.087108 0.120000
0 0.696864 0.295000 0.083624 0.118000
0 0.742160 0.298000 0.090592 0.128000
0 0.766551 0.307000 0.090592 0.130000
0 0.818815 0.300000 0.083624 0.120000
0 0.851916 0.304000 0.087108 0.124000
0 0.944251 0.306000 0.083624 0.124000
0 0.902439 0.301000 0.083624 0.118000
0 0.972125 0.316000 0.104530 0.152000
0 1.034843 0.317000 0.090592 0.130000
0 1.088850 0.320000 0.108014 0.156000
0 1.196864 0.321000 0.114983 0.162000
0 1.238676 0.324000 0.121951 0.172000
0 1.306620 0.309000 0.104530 0.154000
0 1.386760 0.339000 0.153310 0.218000
0 1.477352 0.338000 0.132404 0.192000
0 1.541812 0.326000 0.114983 0.164000
0 1.602787 0.331000 0.132404 0.186000
0 1.696864 0.339000 0.090592 0.198000
0 1.695122 0.255000 0.045296 0.058000
0 1.662021 0.246000 0.055749 0.056000
0 1.040070 0.239000 1.188153 0.046000
