0 0.070513 0.548077 0.098291 0.358974
0 0.130342 0.506410 0.068376 0.256410
0 0.180556 0.527244 0.066239 0.253205
0 0.245726 0.520833 0.081197 0.298077
0 0.333333 0.548077 0.115385 0.423077
0 0.397436 0.541667 0.098291 0.358974
0 0.479701 0.536859 0.113248 0.413462
0 0.559829 0.568910 0.119658 0.445513
0 0.731838 0.599359 0.138889 0.512821
0 0.877137 0.602564 0.147436 0.551282
0 0.938034 0.607372 0.123932 0.554487
0 0.034188 0.516026 0.064103 0.237179
0 0.016026 0.432692 0.032051 0.128205
0 0.047009 0.386218 0.025641 0.080128
0 0.083333 0.384615 0.021368 0.057692
0 0.092949 0.411859 0.027778 0.080128
0 0.270299 0.439103 0.044872 0.153846
0 0.356838 0.381410 0.034188 0.083333
0 0.431624 0.451923 0.051282 0.141026
0 0.493590 0.395833 0.034188 0.086538
0 0.521368 0.540064 0.081197 0.375000
0 0.632479 0.482372 0.068376 0.169872
0 0.673077 0.418269 0.064103 0.157051
0 0.690171 0.415064 0.029915 0.105769
0 0.773504 0.443910 0.064103 0.131410
0 0.771368 0.386218 0.051282 0.131410
0 0.957265 0.631410 0.076923 0.724359
