0 0.052000 0.473000 0.104000 0.190000
0 0.101333 0.467000 0.090667 0.166000
0 0.152000 0.466000 0.080000 0.148000
0 0.218667 0.465000 0.069333 0.134000
0 0.250667 0.457000 0.069333 0.134000
0 0.284000 0.460000 0.072000 0.132000
0 0.310667 0.452000 0.066667 0.128000
0 0.365333 0.458000 0.074667 0.136000
0 0.398667 0.457000 0.072000 0.138000
0 0.429333 0.453000 0.064000 0.122000
0 0.464000 0.454000 0.058667 0.112000
0 0.508000 0.450000 0.066667 0.124000
0 0.582667 0.453000 0.061333 0.114000
0 0.637333 0.451000 0.069333 0.126000
0 0.688000 0.452000 0.058667 0.108000
0 0.732000 0.453000 0.061333 0.118000
0 0.784000 0.461000 0.064000 0.122000
0 0.817333 0.471000 0.061333 0.114000
0 0.849333 0.469000 0.056000 0.110000
0 0.882667 0.464000 0.064000 0.116000
0 0.965333 0.455000 0.064000 0.118000
0 0.977333 0.467000 0.056000 0.110000
0 1.021333 0.457000 0.064000 0.122000
0 1.146667 0.456000 0.064000 0.120000
0 1.221333 0.458000 0.053333 0.104000
0 1.246667 0.460000 0.066667 0.124000
0 1.292000 0.495000 0.082667 0.182000
0 0.025333 0.444000 0.040000 0.116000
0 0.477333 0.418000 0.042667 0.056000
0 0.424000 0.392000 0.026667 0.024000
0 0.470667 0.376000 0.040000 0.028000
0 0.634667 0.456000 0.037333 0.104000
0 1.270667 0.407000 0.045333 0.054000
