0 0.135000 0.481439 0.052500 0.238979
0 0.184375 0.486079 0.056250 0.252900
0 0.241875 0.500000 0.048750 0.220418
0 0.455625 0.488399 0.053750 0.243619
0 0.500625 0.542923 0.063750 0.287703
0 0.574375 0.513921 0.066250 0.303944
0 0.626875 0.476798 0.036250 0.169374
0 0.665625 0.482599 0.046250 0.208817
0 0.750625 0.446636 0.043750 0.197216
0 0.715625 0.417633 0.013750 0.060325
0 0.701250 0.418794 0.010000 0.053364
0 0.823750 0.470998 0.040000 0.180974
0 0.606875 0.437355 0.023750 0.113689
0 0.593125 0.409513 0.031250 0.085847
0 0.642500 0.406032 0.017500 0.069606
0 0.767500 0.403712 0.017500 0.046404
0 0.781250 0.404872 0.012500 0.034803
0 0.793750 0.416473 0.017500 0.044084
0 0.803750 0.407193 0.015000 0.044084
0 0.857500 0.410673 0.015000 0.037123
0 0.863750 0.412993 0.015000 0.032483
0 0.896875 0.408353 0.023750 0.055684
0 0.928125 0.410673 0.023750 0.037123
0 0.940625 0.408353 0.021250 0.041763
0 0.963750 0.410673 0.030000 0.051044
0 0.843750 0.406032 0.007500 0.023202
0 0.837500 0.502320 0.062500 0.104408
