0 0.087500 0.670426 0.161667 0.598997
0 0.144167 0.641604 0.145000 0.541353
0 0.234167 0.665414 0.158333 0.588972
0 0.392500 0.665414 0.158333 0.583960
0 0.687500 0.635338 0.141667 0.528822
0 0.577500 0.471178 0.048333 0.180451
0 0.604167 0.423559 0.018333 0.070175
0 0.630000 0.451128 0.026667 0.105263
0 0.804167 0.458647 0.028333 0.105263
0 0.820833 0.456140 0.028333 0.110276
0 0.845833 0.453634 0.038333 0.140351
0 0.862500 0.453634 0.041667 0.150376
0 0.893333 0.491228 0.073333 0.270677
0 0.955833 0.456140 0.031667 0.125313
0 0.980833 0.448622 0.038333 0.140351
0 0.295000 0.532581 0.070000 0.223058
0 0.343333 0.531328 0.076667 0.165414
0 0.445833 0.602757 0.118333 0.353383
0 0.513333 0.583960 0.106667 0.275689
0 0.540833 0.558897 0.055000 0.115288
0 0.555833 0.552632 0.051667 0.117794
0 0.553333 0.427318 0.026667 0.067669
0 0.545000 0.453634 0.020000 0.060150
0 0.652500 0.467419 0.035000 0.077694
0 0.555833 0.784461 0.238333 0.401003
0 0.629167 0.572682 0.081667 0.137845
0 0.631667 0.372180 0.020000 0.062657
0 0.720000 0.446115 0.033333 0.095238
0 0.760833 0.592732 0.068333 0.182957
0 0.784167 0.527569 0.071667 0.107769
0 0.753333 0.464912 0.036667 0.067669
0 0.752500 0.427318 0.018333 0.042607
0 0.785000 0.466165 0.030000 0.080201
0 0.790000 0.422306 0.020000 0.052632
0 0.931667 0.467419 0.036667 0.137845
0 0.940833 0.419799 0.021667 0.042607
0 0.971667 0.414787 0.016667 0.032581
0 0.990833 0.466165 0.015000 0.145363
