0 0.019149 0.582268 0.038298 0.199681
0 0.032979 0.587859 0.025532 0.095847
0 0.043085 0.591853 0.026596 0.097444
0 0.073404 0.584665 0.059574 0.220447
0 0.095213 0.586262 0.032979 0.121406
0 0.119149 0.577476 0.040426 0.148562
0 0.157447 0.589457 0.078723 0.290735
0 0.180319 0.591853 0.039362 0.145367
0 0.190426 0.586262 0.034043 0.124601
0 0.259043 0.586262 0.098936 0.367412
0 0.278191 0.562300 0.035106 0.134185
0 0.306383 0.578275 0.036170 0.137380
0 0.339362 0.588658 0.053191 0.193291
0 0.360638 0.579073 0.042553 0.154952
0 0.452128 0.574281 0.121277 0.448882
0 0.509574 0.595847 0.063830 0.233227
0 0.520213 0.586262 0.040426 0.153355
0 0.540957 0.577476 0.028723 0.107029
0 0.711170 0.574281 0.177660 0.653355
0 0.802660 0.570288 0.088298 0.329073
0 0.745213 0.566294 0.056383 0.206070
0 0.828723 0.576677 0.057447 0.214058
0 0.857979 0.580671 0.047872 0.174121
0 0.879787 0.569489 0.040426 0.151757
0 0.961170 0.558307 0.056383 0.209265
0 0.969681 0.547923 0.060638 0.383387
0 0.589362 0.578275 0.044681 0.169329
0 0.318617 0.526358 0.028723 0.084665
0 0.380851 0.547923 0.044681 0.102236
0 0.615957 0.567891 0.123404 0.381789
