0 0.120000 0.678667 0.144000 0.472000
0 0.220000 0.622667 0.108000 0.354667
0 0.357000 0.536000 0.058000 0.192000
0 0.396000 0.504000 0.040000 0.138667
0 0.414000 0.490667 0.036000 0.117333
0 0.422000 0.490667 0.032000 0.106667
0 0.507000 0.536000 0.070000 0.234667
0 0.540000 0.508000 0.064000 0.210667
0 0.572000 0.494667 0.032000 0.109333
0 0.594000 0.486667 0.028000 0.098667
0 0.675000 0.521333 0.050000 0.168000
0 0.743000 0.546667 0.066000 0.218667
0 0.923000 0.584000 0.122000 0.405333
0 0.632000 0.497333 0.040000 0.130667
0 0.461000 0.496000 0.026000 0.085333
0 0.440000 0.494667 0.020000 0.072000
0 0.334000 0.497333 0.028000 0.082667
0 0.320000 0.474667 0.020000 0.074667
0 0.295000 0.477333 0.018000 0.069333
0 0.363000 0.481333 0.026000 0.056000
0 0.385000 0.476000 0.022000 0.072000
0 0.784000 0.586667 0.064000 0.122667
0 0.677000 0.566667 0.066000 0.077333
0 0.650000 0.450667 0.024000 0.058667
