0 0.373134 0.351667 0.099502 0.163333
0 0.415423 0.347500 0.089552 0.151667
0 0.452736 0.348333 0.079602 0.133333
0 0.824627 0.350000 0.092040 0.153333
0 0.962687 0.351667 0.054726 0.090000
0 1.011194 0.353333 0.047264 0.080000
0 1.047264 0.350833 0.044776 0.075000
0 1.087065 0.352500 0.044776 0.078333
0 1.191542 0.354167 0.049751 0.085000
0 1.225124 0.356667 0.047264 0.080000
0 1.267413 0.356667 0.047264 0.076667
0 1.334577 0.353333 0.082090 0.133333
0 1.359453 0.354167 0.072139 0.121667
0 1.385572 0.351667 0.084577 0.136667
0 1.426617 0.358333 0.092040 0.153333
0 1.456468 0.358333 0.072139 0.160000
0 1.415423 0.358333 0.074627 0.123333
0 0.192786 0.120000 0.027363 0.043333
0 1.419154 0.207500 0.027363 0.045000
0 0.472637 0.345000 0.074627 0.140000
0 0.805970 0.345833 0.054726 0.148333
0 1.308458 0.320000 0.049751 0.046667
0 0.013682 0.212500 0.027363 0.038333
0 0.017413 0.250833 0.034826 0.041667
0 0.116915 0.158333 0.228856 0.076667
0 0.610697 0.197500 0.753731 0.165000
0 1.113184 0.204167 0.470149 0.141667
0 0.179104 0.245833 0.189055 0.055000
