0 0.038750 0.798872 0.042500 0.154135
0 0.112500 0.800752 0.040000 0.157895
0 0.188750 0.796992 0.037500 0.142857
0 0.248750 0.798872 0.042500 0.154135
0 0.315000 0.791353 0.040000 0.154135
0 0.382500 0.798872 0.045000 0.161654
0 0.452500 0.800752 0.035000 0.142857
0 0.515000 0.800752 0.040000 0.157895
0 0.573750 0.798872 0.037500 0.146617
0 0.621250 0.798872 0.042500 0.154135
0 0.685000 0.798872 0.040000 0.146617
0 0.731250 0.802632 0.037500 0.139098
0 0.797500 0.800752 0.040000 0.150376
0 0.855000 0.808271 0.040000 0.150376
0 0.927500 0.810150 0.045000 0.161654
0 0.957500 0.577068 0.040000 0.154135
0 0.940000 0.573308 0.045000 0.161654
0 0.735000 0.577068 0.035000 0.139098
0 0.327500 0.571429 0.040000 0.150376
0 0.118750 0.565789 0.042500 0.154135
0 0.133750 0.558271 0.037500 0.169173
0 0.321250 0.556391 0.027500 0.142857
0 0.986250 0.813910 0.022500 0.169173
0 0.545000 0.546992 0.085000 0.206767
