0 0.018000 0.784805 0.036000 0.212411
0 0.099000 0.752188 0.078000 0.303103
0 0.159500 0.766905 0.061000 0.238663
0 0.191500 0.815434 0.039000 0.152745
0 0.246500 0.809467 0.041000 0.159905
0 0.276750 0.818616 0.036500 0.143198
0 0.410500 0.744232 0.079000 0.306285
0 0.378500 0.777247 0.058000 0.224344
0 0.558250 0.794352 0.049500 0.194909
0 0.548250 0.811058 0.036500 0.142403
0 0.598000 0.779236 0.059000 0.229912
0 0.638500 0.748608 0.078000 0.302307
0 0.693000 0.809467 0.040000 0.156722
0 0.937750 0.755768 0.066500 0.257757
0 0.926750 0.801909 0.043500 0.170247
0 0.912750 0.812251 0.037500 0.144789
0 0.885000 0.817422 0.035000 0.136038
0 0.860250 0.817820 0.038500 0.151154
0 0.828000 0.788783 0.055000 0.214002
0 0.797000 0.820207 0.035000 0.136834
0 0.772000 0.804694 0.031000 0.123309
0 0.734250 0.802307 0.043500 0.171042
0 0.990250 0.774065 0.017500 0.047733
0 0.980250 0.776054 0.027500 0.067621
0 0.541500 0.821400 0.099000 0.167860
0 0.076250 0.793954 0.079500 0.202068
0 0.119000 0.827765 0.059000 0.171042
0 0.258500 0.665076 0.190000 0.192522
0 0.492250 0.692124 0.161500 0.130469
0 0.668500 0.709228 0.035000 0.058075
