0 0.076294 0.431818 0.098093 0.165455
0 0.027248 0.418182 0.054496 0.094545
0 0.118529 0.418182 0.079019 0.134545
0 0.171662 0.438182 0.087193 0.145455
0 0.256131 0.428182 0.108992 0.183636
0 0.358311 0.427273 0.084469 0.138182
0 0.500000 0.470909 0.215259 0.349091
0 0.674387 0.442727 0.264305 0.434545
0 0.994550 0.469091 0.228883 0.374545
0 0.813351 0.466364 0.149864 0.245455
0 1.081744 0.445455 0.152589 0.247273
0 1.181199 0.422727 0.062670 0.107273
0 1.325613 0.460000 0.237057 0.389091
0 1.395095 0.475455 0.207084 0.347273
0 0.322888 0.414545 0.057221 0.098182
0 0.437330 0.470909 0.122616 0.316364
0 0.896458 0.461818 0.125341 0.316364
0 0.145777 0.385455 0.029973 0.043636
0 0.216621 0.429091 0.062670 0.120000
