0 0.027174 0.377536 0.054348 0.143478
0 0.117391 0.375362 0.082609 0.136232
0 0.240217 0.394203 0.115217 0.191304
0 0.443478 0.435507 0.200000 0.328986
0 0.393478 0.415217 0.165217 0.268116
0 0.530435 0.417391 0.130435 0.217391
0 0.628261 0.406522 0.152174 0.250725
0 0.714130 0.435507 0.184783 0.300000
0 0.822826 0.431159 0.141304 0.233333
0 0.943478 0.436957 0.169565 0.276812
0 1.084783 0.437681 0.143478 0.237681
0 1.186957 0.428261 0.130435 0.215942
0 1.253261 0.431884 0.115217 0.191304
0 1.365217 0.413768 0.095652 0.157971
0 1.419565 0.412319 0.113043 0.186957
0 1.463043 0.422464 0.073913 0.224638
0 1.352174 0.332609 0.047826 0.082609
0 1.326087 0.309420 0.052174 0.085507
0 1.308696 0.278986 0.039130 0.068116
0 1.283696 0.242754 0.045652 0.073913
0 0.507609 0.265217 0.041304 0.072464
0 0.545652 0.236232 0.039130 0.066667
0 0.308696 0.422464 0.186957 0.276812
0 0.295652 0.357246 0.095652 0.114493
0 0.864130 0.357971 0.076087 0.095652
0 0.658696 0.229710 0.073913 0.039130
0 1.076087 0.237681 0.056522 0.034783
0 1.196739 0.236232 0.045652 0.040580
0 1.250000 0.244928 0.060870 0.034783
0 1.030435 0.355797 0.082609 0.068116
0 0.988043 0.127536 0.076087 0.098551
