0 0.035937 0.645833 0.071875 0.266667
0 0.150000 0.637500 0.071875 0.233333
0 0.175781 0.653125 0.089063 0.289583
0 0.295312 0.663542 0.084375 0.281250
0 0.348438 0.660417 0.103125 0.333333
0 0.429688 0.648958 0.090625 0.302083
0 0.482812 0.592708 0.046875 0.160417
0 0.502344 0.579167 0.042188 0.141667
0 0.532031 0.587500 0.057813 0.187500
0 0.596875 0.681250 0.121875 0.400000
0 0.650000 0.581250 0.059375 0.200000
0 0.696875 0.581250 0.059375 0.200000
0 0.752344 0.583333 0.060937 0.204167
0 0.909375 0.718750 0.146875 0.479167
0 0.070312 0.576042 0.015625 0.056250
0 0.088281 0.577083 0.017188 0.058333
0 0.107031 0.567708 0.020313 0.064583
0 0.128125 0.557292 0.018750 0.035417
0 0.010156 0.565625 0.014063 0.039583
0 0.221875 0.575000 0.031250 0.050000
0 0.402344 0.558333 0.067187 0.112500
0 0.914062 0.511458 0.059375 0.152083
