0 0.248563 0.368231 0.054598 0.083032
0 0.310345 0.370939 0.057471 0.088448
0 0.340517 0.364621 0.077586 0.119134
0 0.356322 0.369134 0.057471 0.088448
0 0.418103 0.367329 0.048851 0.081227
0 0.454023 0.366426 0.045977 0.072202
0 0.504310 0.365523 0.043103 0.070397
0 0.528736 0.366426 0.051724 0.079422
0 0.545977 0.366426 0.045977 0.075812
0 0.587644 0.370036 0.054598 0.086643
0 0.643678 0.369134 0.051724 0.084838
0 0.669540 0.370036 0.045977 0.075812
0 0.689655 0.366426 0.057471 0.093863
0 0.741379 0.367329 0.057471 0.092058
0 0.801724 0.372744 0.051724 0.077617
0 0.823276 0.363718 0.048851 0.081227
0 0.864943 0.371841 0.057471 0.086643
0 0.915230 0.367329 0.048851 0.077617
0 0.961207 0.369134 0.043103 0.070397
0 0.995690 0.374549 0.054598 0.084838
0 1.056034 0.366426 0.054598 0.090253
0 1.113506 0.368231 0.054598 0.090253
0 1.168103 0.370036 0.054598 0.090253
0 1.238506 0.370939 0.086207 0.131769
0 0.788793 0.366426 0.043103 0.072202
0 1.024425 0.368231 0.048851 0.075812
0 0.718391 0.368231 0.040230 0.072202
0 0.620690 0.369134 0.034483 0.084838
