0 0.058696 0.688588 0.117391 0.611219
0 0.285507 0.675048 0.101449 0.332689
0 0.394203 0.612186 0.057971 0.195358
0 0.473188 0.705029 0.137681 0.454545
0 0.484783 0.813346 0.085507 0.276596
0 0.562319 0.743714 0.072464 0.234043
0 0.601449 0.661509 0.107246 0.352031
0 0.542029 0.673114 0.104348 0.344294
0 0.263043 0.606383 0.047826 0.160542
0 0.351449 0.607350 0.044928 0.150870
0 0.342029 0.625725 0.049275 0.164410
0 0.420290 0.600580 0.034783 0.117988
0 0.435507 0.605416 0.044928 0.150870
0 0.665942 0.618956 0.042029 0.143133
0 0.705797 0.627660 0.052174 0.172147
0 0.752899 0.627660 0.053623 0.179884
0 0.786232 0.588008 0.024638 0.085106
0 0.642754 0.569632 0.013043 0.044487
0 0.318841 0.553191 0.017391 0.065764
0 0.584058 0.913926 0.214493 0.164410
0 0.724638 0.556093 0.017391 0.040619
0 0.739130 0.545455 0.011594 0.034816
0 0.684058 0.550290 0.020290 0.040619
0 0.894928 0.677950 0.204348 0.644101
