0 0.042925 0.531712 0.034976 0.112051
0 0.086645 0.503171 0.017488 0.059197
0 0.139905 0.509514 0.025437 0.084567
0 0.186010 0.513742 0.022258 0.071882
0 0.339428 0.528541 0.036566 0.118393
0 0.384738 0.575053 0.066773 0.224101
0 0.439587 0.531712 0.042925 0.145877
0 0.406995 0.466173 0.025437 0.082452
0 0.500000 0.474630 0.027027 0.095137
0 0.516693 0.599366 0.057234 0.188161
0 0.596979 0.474630 0.027027 0.086681
0 0.620827 0.496829 0.017488 0.054968
0 0.645469 0.538055 0.044515 0.145877
0 0.686010 0.741015 0.151033 0.492600
0 0.823529 0.527484 0.028617 0.099366
0 0.861685 0.656448 0.079491 0.260042
0 0.783784 0.822410 0.104928 0.346723
0 0.901431 0.531712 0.044515 0.150106
0 0.279809 0.682875 0.117647 0.380550
0 0.160572 0.773784 0.133545 0.439746
0 0.089030 0.620507 0.076312 0.162791
0 0.934022 0.892178 0.125596 0.211416
0 0.972973 0.668076 0.047695 0.236786
