0 0.975000 0.699203 0.050000 0.322709
0 0.966250 0.703187 0.067500 0.266932
0 0.873750 0.727092 0.132500 0.513944
0 0.747500 0.741036 0.125000 0.486056
0 0.687500 0.677291 0.085000 0.326693
0 0.578750 0.711155 0.137500 0.545817
0 0.440000 0.762948 0.115000 0.450199
0 0.528750 0.709163 0.092500 0.358566
0 0.318750 0.725100 0.102500 0.406375
0 0.271250 0.683267 0.082500 0.330677
0 0.221250 0.743028 0.087500 0.354582
0 0.098750 0.754980 0.117500 0.458167
0 0.168750 0.657371 0.062500 0.239044
0 0.201250 0.681275 0.062500 0.247012
0 0.388750 0.705179 0.092500 0.358566
0 0.486250 0.675299 0.072500 0.290837
0 0.616250 0.727092 0.117500 0.466135
0 0.635000 0.511952 0.015000 0.067729
0 0.461250 0.557769 0.017500 0.055777
0 0.193750 0.561753 0.017500 0.047809
0 0.191250 0.519920 0.022500 0.035857
0 0.070000 0.523904 0.035000 0.051793
0 0.078750 0.589641 0.037500 0.087649
0 0.297500 0.541833 0.020000 0.063745
0 0.365000 0.551793 0.045000 0.059761
0 0.237500 0.533865 0.065000 0.047809
