0 0.165829 0.320833 0.281407 0.458333
0 0.060302 0.378333 0.120603 0.256667
0 0.080402 0.205833 0.160804 0.411667
0 0.227387 0.187500 0.228643 0.375000
0 0.291457 0.159167 0.195980 0.318333
0 0.574121 0.224167 0.238693 0.385000
0 0.724874 0.383333 0.263819 0.426667
0 0.913317 0.253333 0.203518 0.333333
0 1.149497 0.264167 0.243719 0.398333
0 1.293970 0.317500 0.155779 0.258333
0 1.006281 0.186667 0.198492 0.320000
0 1.047739 0.105000 0.125628 0.206667
0 0.795226 0.073333 0.087940 0.146667
0 0.670854 0.042500 0.050251 0.085000
0 1.170854 0.273333 0.170854 0.280000
0 0.508794 0.144167 0.173367 0.281667
0 0.679648 0.121667 0.072864 0.060000
0 0.804020 0.175833 0.100503 0.088333
0 0.522613 0.015833 0.115578 0.031667
0 0.071608 0.088333 0.072864 0.150000
