0 0.014773 0.389078 0.020455 0.075085
0 0.123864 0.382253 0.029545 0.109215
0 0.202273 0.631399 0.109091 0.409556
0 0.162500 0.569966 0.075000 0.286689
0 0.373864 0.571672 0.075000 0.276451
0 0.371591 0.549488 0.070455 0.266212
0 0.278409 0.460751 0.043182 0.170648
0 0.246591 0.488055 0.052273 0.197952
0 0.265909 0.460751 0.050000 0.184300
0 0.411364 0.343003 0.009091 0.044369
0 0.326136 0.399317 0.038636 0.150171
0 0.617045 0.634812 0.106818 0.402730
0 0.600000 0.573379 0.081818 0.307167
0 0.573864 0.549488 0.075000 0.273038
0 0.519318 0.450512 0.043182 0.156997
0 0.537500 0.481229 0.056818 0.204778
0 0.855682 0.583618 0.079545 0.293515
0 0.810227 0.552901 0.075000 0.273038
0 0.776136 0.532423 0.065909 0.252560
0 0.745455 0.511945 0.063636 0.238908
0 0.728409 0.486348 0.061364 0.221843
0 0.707955 0.477816 0.056818 0.211604
0 0.687500 0.462457 0.047727 0.187713
0 0.557955 0.510239 0.061364 0.228669
0 0.676136 0.445392 0.043182 0.167235
0 0.426136 0.418089 0.029545 0.112628
0 0.502273 0.411263 0.027273 0.105802
0 0.489773 0.411263 0.025000 0.098976
0 0.484091 0.411263 0.027273 0.105802
0 0.412500 0.464164 0.043182 0.170648
0 0.361364 0.378840 0.040909 0.047782
0 0.570455 0.363481 0.059091 0.037543
0 0.188636 0.407850 0.027273 0.030717
0 0.213636 0.404437 0.027273 0.037543
0 0.226136 0.389078 0.015909 0.027304
0 0.392045 0.397611 0.020455 0.037543
