0 0.093553 0.718254 0.105346 0.436508
0 0.140723 0.657407 0.073899 0.309524
0 0.170597 0.620370 0.051887 0.219577
0 0.389151 0.683862 0.095912 0.399471
0 0.352987 0.630952 0.070755 0.293651
0 0.339623 0.609788 0.062893 0.256614
0 0.324686 0.582011 0.048742 0.201058
0 0.480346 0.564815 0.045597 0.187831
0 0.514151 0.592593 0.056604 0.238095
0 0.562107 0.604497 0.061321 0.256614
0 0.691038 0.644180 0.092767 0.383598
0 0.779874 0.592593 0.062893 0.259259
0 0.750000 0.548942 0.047170 0.193122
0 0.828616 0.556878 0.044025 0.182540
0 0.957547 0.608466 0.081761 0.338624
