0 1.307808 0.488000 0.195195 0.324000
0 1.100601 0.480000 0.165165 0.272000
0 0.915916 0.483000 0.156156 0.258000
0 0.824324 0.466000 0.135135 0.224000
0 0.759760 0.471000 0.150150 0.246000
0 0.683183 0.455000 0.135135 0.218000
0 0.623123 0.459000 0.147147 0.238000
0 0.509009 0.453000 0.129129 0.214000
0 0.421922 0.435000 0.123123 0.202000
0 0.346847 0.433000 0.123123 0.202000
0 0.231231 0.435000 0.108108 0.182000
0 0.171171 0.429000 0.108108 0.182000
0 0.123123 0.427000 0.096096 0.162000
0 0.069069 0.421000 0.090090 0.150000
0 0.980480 0.469000 0.141141 0.230000
0 0.027027 0.439000 0.048048 0.094000
0 0.117117 0.367000 0.222222 0.042000
0 0.331832 0.336000 0.237237 0.048000
0 0.600601 0.361000 0.306306 0.058000
0 0.939940 0.367000 0.306306 0.034000
0 1.210210 0.488000 0.138138 0.260000
0 1.424925 0.491000 0.141141 0.262000
