0 0.307885 0.616541 0.175219 0.646617
0 0.618273 0.598684 0.147685 0.539474
0 0.793492 0.604323 0.152691 0.565789
0 0.904255 0.584586 0.138924 0.511278
0 0.466208 0.613722 0.088861 0.325188
0 0.089487 0.637218 0.096370 0.357143
0 0.499374 0.625940 0.082603 0.308271
0 0.545682 0.660714 0.062578 0.227444
0 0.724030 0.641917 0.066333 0.246241
0 0.962453 0.603383 0.075094 0.289474
0 0.039424 0.563910 0.041302 0.206767
0 0.029412 0.473684 0.058824 0.078947
0 0.187735 0.590226 0.240300 0.665414
0 0.438673 0.467105 0.043805 0.095865
0 0.407384 0.516917 0.028786 0.105263
0 0.391114 0.630639 0.056320 0.313910
0 0.551314 0.492481 0.043805 0.116541
0 0.530038 0.507519 0.038798 0.105263
0 0.699625 0.511278 0.050063 0.097744
0 0.983730 0.478383 0.025031 0.046992
0 0.987484 0.510338 0.017522 0.035714
0 0.152065 0.523496 0.096370 0.137218
