0 0.563636 0.691781 0.138182 0.517808
0 0.457273 0.534247 0.052727 0.202740
0 0.410000 0.594521 0.085455 0.317808
0 0.381818 0.552055 0.065455 0.243836
0 0.354545 0.524658 0.050909 0.189041
0 0.282727 0.579452 0.074545 0.282192
0 0.181818 0.572603 0.069091 0.263014
0 0.040909 0.560274 0.063636 0.243836
0 0.070909 0.497260 0.043636 0.161644
0 0.128182 0.510959 0.041818 0.156164
0 0.240000 0.530137 0.021818 0.079452
0 0.619091 0.617808 0.096364 0.358904
0 0.645455 0.575342 0.069091 0.257534
0 0.730000 0.504110 0.052727 0.202740
0 0.813636 0.626027 0.100000 0.375342
0 0.968182 0.583562 0.063636 0.284932
0 0.953636 0.556164 0.067273 0.252055
0 0.856364 0.530137 0.054545 0.205479
0 0.873636 0.497260 0.049091 0.189041
0 0.703636 0.465753 0.021818 0.082192
0 0.695455 0.469863 0.020000 0.073973
0 0.150000 0.494521 0.038182 0.134247
0 0.805455 0.571233 0.094545 0.276712
0 0.784545 0.520548 0.049091 0.273973
0 0.214545 0.478082 0.076364 0.079452
