0 0.077307 0.365833 0.114713 0.191667
0 0.200748 0.306667 0.047382 0.076667
0 0.379052 0.364167 0.099751 0.165000
0 0.415212 0.395833 0.152120 0.248333
0 0.586035 0.455000 0.204489 0.336667
0 0.663342 0.351667 0.094763 0.153333
0 0.763092 0.390833 0.124688 0.208333
0 0.976309 0.384167 0.167082 0.278333
0 0.997506 0.334167 0.054863 0.091667
0 1.241895 0.384167 0.134663 0.225000
0 1.347880 0.412500 0.167082 0.275000
0 0.547382 0.383333 0.077307 0.240000
0 1.114713 0.315000 0.059850 0.036667
0 1.168329 0.321667 0.067332 0.036667
