0 0.484375 0.333333 0.156250 0.211594
0 0.376302 0.325362 0.117188 0.163768
0 0.292969 0.330435 0.111979 0.150725
0 0.899740 0.364493 0.257812 0.349275
0 0.678385 0.322464 0.117188 0.157971
0 0.576823 0.321014 0.101562 0.140580
0 1.276042 0.350000 0.208333 0.285507
0 1.123698 0.329710 0.101562 0.137681
0 0.981771 0.323913 0.140625 0.192754
0 1.617188 0.334783 0.177083 0.240580
0 1.434896 0.297101 0.078125 0.107246
0 1.714844 0.304348 0.091146 0.124638
0 1.764323 0.311594 0.065104 0.104348
0 0.082031 0.313768 0.044271 0.062319
0 0.187500 0.311594 0.052083 0.069565
0 0.132812 0.300725 0.036458 0.053623
0 0.776042 0.336957 0.182292 0.192754
0 0.039062 0.308696 0.067708 0.075362
0 0.162760 0.313768 0.033854 0.073913
0 0.238281 0.294203 0.075521 0.049275
0 1.143229 0.313043 0.182292 0.069565
0 1.470052 0.301449 0.221354 0.075362
