0 0.032031 0.690625 0.064062 0.227083
0 0.053125 0.673958 0.065625 0.214583
0 0.101562 0.688542 0.075000 0.243750
0 0.188281 0.637500 0.035937 0.120833
0 0.252344 0.686458 0.070312 0.231250
0 0.312500 0.703125 0.081250 0.268750
0 0.380469 0.676042 0.067187 0.222917
0 0.444531 0.672917 0.064062 0.212500
0 0.499219 0.666667 0.064062 0.212500
0 0.527344 0.680208 0.079687 0.264583
0 0.604688 0.659375 0.059375 0.197917
0 0.664844 0.652083 0.057813 0.195833
0 0.735156 0.669792 0.070312 0.231250
0 0.759375 0.654167 0.059375 0.191667
0 0.792969 0.638542 0.057813 0.193750
0 0.828906 0.637500 0.057813 0.191667
0 0.873437 0.633333 0.056250 0.187500
0 0.908594 0.634375 0.051562 0.172917
0 0.946875 0.627083 0.053125 0.175000
0 0.974219 0.639583 0.051562 0.212500
0 0.164844 0.641667 0.042188 0.141667
0 0.633594 0.641667 0.057813 0.187500
0 0.970313 0.525000 0.025000 0.050000
0 0.044531 0.594792 0.032813 0.064583
0 0.077344 0.671875 0.017188 0.197917
0 0.087500 0.594792 0.025000 0.072917
0 0.139844 0.688542 0.035937 0.227083
0 0.232031 0.680208 0.035937 0.235417
0 0.282031 0.587500 0.045312 0.066667
0 0.348438 0.670833 0.043750 0.220833
0 0.415625 0.670833 0.040625 0.220833
0 0.470313 0.654167 0.043750 0.212500
0 0.568750 0.653125 0.046875 0.210417
0 0.692969 0.641667 0.054688 0.200000
0 0.617969 0.571875 0.020313 0.060417
0 0.838281 0.544792 0.189062 0.081250
