0 0.038000 0.769643 0.060000 0.275000
0 0.076000 0.776786 0.060000 0.267857
0 0.121000 0.771429 0.058000 0.257143
0 0.141000 0.664286 0.046000 0.207143
0 0.174000 0.776786 0.056000 0.246429
0 0.196000 0.773214 0.052000 0.239286
0 0.235000 0.782143 0.054000 0.235714
0 0.266000 0.775000 0.052000 0.235714
0 0.304000 0.769643 0.052000 0.239286
0 0.344000 0.766071 0.052000 0.232143
0 0.372000 0.758929 0.048000 0.217857
0 0.398000 0.746429 0.052000 0.235714
0 0.583000 0.755357 0.050000 0.225000
0 0.562000 0.748214 0.052000 0.225000
0 0.629000 0.760714 0.058000 0.250000
0 0.646000 0.767857 0.060000 0.264286
0 0.669000 0.773214 0.058000 0.253571
0 0.708000 0.773214 0.064000 0.282143
0 0.753000 0.769643 0.066000 0.296429
0 0.782000 0.753571 0.076000 0.328571
0 0.836000 0.703571 0.068000 0.292857
0 0.795000 0.705357 0.070000 0.303571
0 0.972000 0.712500 0.056000 0.260714
0 0.227000 0.644643 0.030000 0.082143
0 0.256000 0.646429 0.028000 0.085714
0 0.290000 0.669643 0.024000 0.060714
0 0.292000 0.628571 0.028000 0.050000
0 0.311000 0.650000 0.022000 0.057143
0 0.327000 0.644643 0.022000 0.075000
0 0.346000 0.642857 0.020000 0.042857
0 0.343000 0.608929 0.014000 0.039286
0 0.361000 0.639286 0.030000 0.064286
0 0.372000 0.650000 0.024000 0.042857
0 0.514000 0.766071 0.040000 0.160714
0 0.505000 0.667857 0.034000 0.114286
0 0.528000 0.664286 0.028000 0.085714
0 0.543000 0.741071 0.022000 0.225000
0 0.602000 0.648214 0.032000 0.053571
0 0.622000 0.642857 0.020000 0.064286
0 0.672000 0.639286 0.032000 0.071429
0 0.687000 0.767857 0.034000 0.264286
0 0.748000 0.617857 0.024000 0.042857
0 0.755000 0.607143 0.022000 0.107143
0 0.716000 0.617857 0.044000 0.092857
