0 0.279000 0.594286 0.174000 0.611429
0 0.364000 0.570000 0.140000 0.488571
0 0.772000 0.590000 0.144000 0.500000
0 0.716000 0.505714 0.104000 0.360000
0 0.649000 0.522857 0.110000 0.394286
0 0.555000 0.500000 0.082000 0.291429
0 0.507000 0.547143 0.098000 0.345714
0 0.457000 0.560000 0.118000 0.417143
0 0.155000 0.578571 0.130000 0.454286
0 0.090000 0.531429 0.100000 0.354286
0 0.036000 0.504286 0.072000 0.340000
0 0.196000 0.510000 0.080000 0.288571
0 0.106000 0.390000 0.036000 0.082857
0 0.413000 0.405714 0.058000 0.120000
0 0.503000 0.388571 0.054000 0.097143
0 0.067000 0.404286 0.038000 0.048571
0 0.206000 0.410000 0.080000 0.128571
