0 1.489164 0.433000 0.117647 0.250000
0 1.343653 0.380000 0.105263 0.172000
0 1.256966 0.461000 0.160991 0.258000
0 1.208978 0.363000 0.083591 0.134000
0 1.164087 0.389000 0.105263 0.166000
0 1.136223 0.338000 0.068111 0.112000
0 1.069659 0.348000 0.077399 0.128000
0 1.010836 0.370000 0.089783 0.144000
0 0.930341 0.402000 0.120743 0.192000
0 0.879257 0.323000 0.068111 0.106000
0 0.812693 0.380000 0.102167 0.168000
0 0.712074 0.361000 0.080495 0.130000
0 0.682663 0.420000 0.133127 0.212000
0 0.625387 0.345000 0.080495 0.134000
0 0.546440 0.391000 0.120743 0.190000
0 0.476780 0.371000 0.099071 0.162000
0 0.410217 0.349000 0.095975 0.150000
0 0.357585 0.334000 0.077399 0.128000
0 0.289474 0.443000 0.139319 0.226000
0 0.233746 0.405000 0.133127 0.210000
0 0.136223 0.361000 0.092879 0.150000
0 0.196594 0.382000 0.108359 0.176000
0 0.458204 0.270000 0.037152 0.044000
0 0.546440 0.280000 0.052632 0.040000
0 0.266254 0.271000 0.037152 0.046000
0 0.300310 0.273000 0.043344 0.046000
0 0.218266 0.286000 0.399381 0.160000
0 1.054180 0.296000 0.938080 0.196000
