0 0.016113 0.769531 0.022461 0.072917
0 0.034668 0.772135 0.022461 0.072917
0 0.048340 0.774089 0.020508 0.071615
0 0.083496 0.760417 0.014648 0.052083
0 0.089844 0.761719 0.017578 0.057292
0 0.108398 0.759766 0.011719 0.042969
0 0.138184 0.856120 0.094727 0.311198
0 0.195801 0.764323 0.018555 0.065104
0 0.216309 0.767578 0.016602 0.055990
0 0.260254 0.766276 0.016602 0.055990
0 0.270508 0.763672 0.017578 0.058594
0 0.294922 0.761719 0.011719 0.039062
0 0.310547 0.761068 0.015625 0.050781
0 0.331055 0.764974 0.011719 0.040365
0 0.349609 0.796875 0.033203 0.106771
0 0.366211 0.795573 0.033203 0.111979
0 0.389160 0.773438 0.016602 0.054688
0 0.409668 0.771484 0.020508 0.069010
0 0.441895 0.775391 0.024414 0.082031
0 0.465820 0.778646 0.023438 0.078125
0 0.495605 0.782552 0.026367 0.088542
0 0.522461 0.846354 0.054688 0.179688
0 0.539551 0.778646 0.022461 0.075521
0 0.566406 0.777344 0.021484 0.072917
0 0.578613 0.776042 0.020508 0.067708
0 0.630859 0.856120 0.039062 0.128906
0 0.654297 0.838542 0.048828 0.161458
0 0.706543 0.836589 0.047852 0.154948
0 0.683594 0.771484 0.019531 0.063802
0 0.323242 0.753906 0.009766 0.031250
0 0.380371 0.757161 0.014648 0.048177
0 0.670898 0.748698 0.011719 0.023438
0 0.716309 0.724609 0.016602 0.027344
