0 0.120000 0.290816 0.073333 0.280612
0 0.197500 0.306122 0.071667 0.265306
0 0.251667 0.303571 0.086667 0.326531
0 0.371667 0.392857 0.063333 0.244898
0 0.416667 0.390306 0.090000 0.341837
0 0.469167 0.387755 0.115000 0.438776
0 0.526667 0.401786 0.110000 0.410714
0 0.590833 0.433673 0.125000 0.474490
0 0.644167 0.448980 0.131667 0.494898
0 0.713333 0.308673 0.046667 0.183673
0 0.789167 0.278061 0.031667 0.117347
0 0.808333 0.280612 0.030000 0.112245
0 0.840000 0.264031 0.030000 0.119898
0 0.855000 0.258929 0.030000 0.109694
0 0.885833 0.266582 0.025000 0.094388
0 0.901667 0.266582 0.033333 0.125000
0 0.915833 0.292092 0.035000 0.130102
0 0.944167 0.280612 0.025000 0.096939
0 0.978333 0.264031 0.020000 0.084184
0 0.320833 0.341837 0.051667 0.122449
0 0.560000 0.218112 0.033333 0.099490
0 0.877500 0.165816 0.238333 0.326531
