0 0.071856 0.543000 0.119760 0.202000
0 0.107784 0.457000 0.089820 0.150000
0 0.320359 0.549000 0.119760 0.198000
0 0.386228 0.490000 0.095808 0.160000
0 0.468563 0.492000 0.098802 0.160000
0 0.567365 0.552000 0.122754 0.200000
0 0.627246 0.556000 0.122754 0.204000
0 0.832335 0.562000 0.119760 0.200000
0 0.973054 0.550000 0.113772 0.188000
0 1.199102 0.551000 0.122754 0.206000
0 1.356287 0.587000 0.089820 0.146000
0 1.438623 0.555000 0.116766 0.194000
0 1.411677 0.449000 0.080838 0.134000
0 1.251497 0.456000 0.077844 0.132000
0 0.708084 0.459000 0.092814 0.150000
0 0.848802 0.436000 0.086826 0.140000
0 1.139222 0.445000 0.086826 0.146000
0 0.995509 0.444000 0.080838 0.136000
0 0.327844 0.407000 0.074850 0.122000
0 1.175150 0.247000 0.026946 0.050000
0 1.128743 0.245000 0.023952 0.042000
0 0.935629 0.278000 0.032934 0.052000
0 1.029940 0.275000 0.023952 0.042000
0 0.732036 0.254000 0.020958 0.040000
0 0.341317 0.262000 0.023952 0.040000
0 0.401198 0.258000 0.023952 0.040000
0 0.218563 0.278000 0.029940 0.052000
0 0.184132 0.261000 0.026946 0.042000
0 0.091317 0.257000 0.026946 0.050000
0 1.320359 0.374000 0.053892 0.092000
0 1.193114 0.382000 0.056886 0.100000
0 0.591317 0.402000 0.062874 0.052000
0 0.633234 0.383000 0.050898 0.042000
0 0.747006 0.351000 1.488024 0.254000
