0 0.018066 0.800735 0.036133 0.186765
0 0.040039 0.761765 0.017578 0.067647
0 0.077148 0.796324 0.041016 0.154412
0 0.141602 0.766176 0.015625 0.061765
0 0.203613 0.797059 0.040039 0.147059
0 0.228516 0.736029 0.027344 0.104412
0 0.233398 0.583088 0.017578 0.063235
0 0.322754 0.723529 0.028320 0.102941
0 0.452148 0.798529 0.033203 0.120588
0 0.756348 0.811765 0.036133 0.132353
0 0.863770 0.733088 0.018555 0.069118
0 0.981445 0.786765 0.021484 0.079412
0 0.987305 0.780882 0.013672 0.055882
0 0.110840 0.758824 0.010742 0.032353
0 0.133789 0.762500 0.009766 0.030882
0 0.124023 0.762500 0.009766 0.027941
