0 0.084016 0.460769 0.168033 0.312308
0 0.161885 0.424615 0.061475 0.113846
0 0.177254 0.364615 0.038934 0.076923
0 0.240779 0.406154 0.104508 0.190769
0 0.368852 0.496923 0.270492 0.498462
0 0.486680 0.420769 0.133197 0.247692
0 0.588115 0.466154 0.192623 0.353846
0 0.648566 0.373846 0.084016 0.153846
0 0.720287 0.399231 0.112705 0.210769
0 0.760246 0.367692 0.077869 0.141538
0 0.853484 0.414615 0.157787 0.287692
0 0.889344 0.352308 0.081967 0.150769
0 0.932377 0.328462 0.036885 0.069231
0 0.948770 0.340769 0.049180 0.090769
0 0.979508 0.352308 0.065574 0.120000
0 1.046107 0.395385 0.125000 0.230769
0 1.076844 0.343077 0.051230 0.095385
0 1.128074 0.359231 0.075820 0.143077
0 1.175205 0.351538 0.071721 0.133846
0 1.232582 0.369231 0.112705 0.212308
0 1.278689 0.334615 0.061475 0.118462
0 1.302254 0.363077 0.059426 0.181538
0 0.040984 0.231538 0.032787 0.063077
0 0.079918 0.230769 0.028689 0.052308
0 0.101434 0.230000 0.026639 0.053846
0 0.163934 0.241538 0.024590 0.046154
0 1.151639 0.293077 0.032787 0.044615
0 1.003074 0.307692 0.038934 0.030769
0 0.273566 0.336923 0.038934 0.046154
0 0.346311 0.275385 0.450820 0.107692
