0 0.132509 0.545882 0.038869 0.131765
0 0.144876 0.522353 0.038869 0.127059
0 0.167845 0.540000 0.035336 0.115294
0 0.204064 0.538824 0.037102 0.127059
0 0.220848 0.543529 0.038869 0.127059
0 0.257067 0.523529 0.030035 0.096471
0 0.279152 0.524706 0.028269 0.094118
0 0.268551 0.554118 0.031802 0.105882
0 0.339223 0.537647 0.038869 0.134118
0 0.429329 0.611765 0.084806 0.282353
0 0.680212 0.603529 0.081272 0.265882
0 0.744700 0.608235 0.061837 0.209412
0 0.880742 0.656471 0.125442 0.409412
0 0.790636 0.534118 0.022968 0.080000
0 0.815371 0.540000 0.026502 0.087059
0 0.767668 0.535294 0.026502 0.087059
0 0.699647 0.529412 0.024735 0.084706
0 0.574205 0.527059 0.031802 0.103529
0 0.037986 0.532941 0.033569 0.068235
0 0.754417 0.514118 0.017668 0.054118
0 0.720848 0.505882 0.024735 0.042353
0 0.408127 0.518824 0.282686 0.162353
