0 0.980435 0.667756 0.039130 0.250545
0 0.965217 0.662309 0.066667 0.252723
0 0.934058 0.655773 0.068116 0.248366
0 0.906522 0.645969 0.065217 0.246187
0 0.779710 0.808279 0.081159 0.305011
0 0.748551 0.673203 0.062319 0.230937
0 0.697101 0.655773 0.063768 0.239651
0 0.673188 0.651416 0.056522 0.213508
0 0.633333 0.683007 0.060870 0.224401
0 0.600000 0.659041 0.060870 0.224401
0 0.560145 0.733115 0.076812 0.289760
0 0.542754 0.645969 0.059420 0.220044
0 0.514493 0.684096 0.057971 0.217865
0 0.486232 0.675381 0.062319 0.230937
0 0.459420 0.664488 0.060870 0.230937
0 0.436957 0.650327 0.056522 0.211329
0 0.397826 0.696078 0.062319 0.233115
0 0.367391 0.681917 0.065217 0.239651
0 0.347101 0.663399 0.065217 0.241830
0 0.319565 0.653595 0.065217 0.239651
0 0.284058 0.700436 0.063768 0.237473
0 0.255072 0.696078 0.060870 0.228758
0 0.207246 0.666667 0.060870 0.226580
0 0.179710 0.722222 0.066667 0.246187
0 0.139855 0.696078 0.068116 0.254902
0 0.119565 0.683007 0.065217 0.246187
0 0.098551 0.668845 0.063768 0.239651
0 0.068116 0.877996 0.060870 0.222222
0 0.242754 0.675381 0.062319 0.235294
0 0.022464 0.881264 0.039130 0.106754
0 0.176812 0.534858 0.031884 0.054466
0 0.292029 0.540305 0.033333 0.061002
0 0.405797 0.531590 0.034783 0.052288
0 0.512319 0.537037 0.030435 0.050109
0 0.579710 0.557734 0.023188 0.043573
0 0.607246 0.530501 0.026087 0.054466
0 0.632609 0.547930 0.027536 0.045752
