0 0.080000 0.650685 0.054545 0.210959
0 0.028182 0.650685 0.056364 0.320548
0 0.168182 0.686301 0.136364 0.501370
0 0.198182 0.657534 0.101818 0.372603
0 0.257273 0.667123 0.063636 0.232877
0 0.370000 0.663014 0.052727 0.202740
0 0.330909 0.664384 0.047273 0.183562
0 0.433636 0.679452 0.107273 0.400000
0 0.481818 0.712329 0.141818 0.520548
0 0.557273 0.690411 0.067273 0.246575
0 0.679091 0.697260 0.078182 0.287671
0 0.772727 0.706849 0.127273 0.471233
0 0.896364 0.712329 0.087273 0.323288
0 0.970909 0.728767 0.058182 0.284932
0 0.289091 0.665753 0.050909 0.186301
0 0.312727 0.586301 0.025455 0.060274
0 0.103636 0.557534 0.025455 0.052055
0 0.028182 0.519178 0.020000 0.057534
0 0.052727 0.516438 0.032727 0.052055
0 0.185455 0.373973 0.072727 0.112329
