0 0.080000 0.294408 0.025263 0.101974
0 0.101053 0.292763 0.025263 0.098684
0 0.827368 0.424342 0.096842 0.375000
0 0.747368 0.417763 0.088421 0.348684
0 0.876842 0.595395 0.157895 0.605263
0 0.931579 0.281250 0.065263 0.134868
0 0.624211 0.287829 0.040000 0.115132
0 0.693684 0.297697 0.031579 0.062500
0 0.727368 0.328947 0.069474 0.190789
0 0.575789 0.304276 0.048421 0.115132
0 0.452632 0.253289 0.025263 0.059211
0 0.497895 0.317434 0.061053 0.154605
0 0.421053 0.248355 0.054737 0.121711
0 0.375789 0.302632 0.044211 0.092105
0 0.316842 0.287829 0.061053 0.121711
0 0.275789 0.296053 0.042105 0.105263
0 0.249474 0.276316 0.035789 0.098684
0 0.214737 0.271382 0.033684 0.088816
0 0.185263 0.277961 0.029474 0.082237
0 0.152632 0.277961 0.040000 0.095395
