0 0.112500 0.620075 0.115000 0.422139
0 0.216250 0.575985 0.092500 0.345216
0 0.250000 0.629456 0.085000 0.313321
0 0.298750 0.577861 0.085000 0.311445
0 0.334375 0.594747 0.088750 0.326454
0 0.361875 0.553471 0.073750 0.270169
0 0.405625 0.600375 0.091250 0.333959
0 0.451250 0.573171 0.087500 0.324578
0 0.483750 0.552533 0.072500 0.264540
0 0.541875 0.581614 0.098750 0.363977
0 0.570000 0.560038 0.080000 0.294559
0 0.600000 0.525328 0.072500 0.266417
0 0.638750 0.591932 0.082500 0.305816
0 0.618125 0.567542 0.073750 0.272045
0 0.691875 0.578799 0.071250 0.260788
0 0.720625 0.580675 0.073750 0.275797
0 0.744375 0.598499 0.086250 0.322702
0 0.807500 0.580675 0.087500 0.324578
0 0.881250 0.595685 0.100000 0.369606
0 0.935000 0.576923 0.077500 0.290807
0 0.970625 0.611632 0.058750 0.322702
0 0.918750 0.448405 0.020000 0.056285
0 0.787500 0.450281 0.020000 0.052533
0 0.773125 0.449343 0.018750 0.046904
0 0.696250 0.428705 0.027500 0.050657
0 0.646250 0.420263 0.022500 0.052533
0 0.468750 0.451220 0.017500 0.035647
0 0.433750 0.440901 0.025000 0.052533
0 0.309375 0.443715 0.021250 0.046904
