0 0.901429 0.380086 0.082857 0.306210
0 0.831429 0.358672 0.088571 0.323340
0 0.760714 0.352248 0.090000 0.331906
0 0.650714 0.347966 0.087143 0.323340
0 0.697857 0.345824 0.070000 0.259101
0 0.598571 0.360814 0.071429 0.263383
0 0.543571 0.350107 0.075714 0.280514
0 0.485714 0.340471 0.077143 0.282655
0 0.449286 0.337259 0.084286 0.314775
0 0.372857 0.336188 0.082857 0.304069
0 0.318571 0.330835 0.080000 0.297645
0 0.266429 0.278373 0.090000 0.334047
0 0.167143 0.265525 0.094286 0.351178
0 0.275714 0.334047 0.077143 0.282655
0 0.043571 0.185225 0.032857 0.074946
0 0.087143 0.214133 0.040000 0.064240
0 0.195000 0.189507 0.030000 0.070664
0 0.240714 0.210921 0.047143 0.079229
0 0.578571 0.219486 0.031429 0.053533
0 0.441429 0.493576 0.291429 0.297645
0 0.275714 0.700214 0.097143 0.132762
0 0.190000 0.791221 0.082857 0.122056
