0 0.775964 0.758517 0.142433 0.470942
0 0.510386 0.739479 0.154303 0.513026
0 0.376113 0.681363 0.117211 0.384770
0 0.305638 0.653307 0.091988 0.308617
0 0.233680 0.806613 0.114243 0.374749
0 0.132789 0.804609 0.117211 0.386774
0 0.066024 0.772545 0.123145 0.410822
0 0.068249 0.448898 0.029674 0.104208
0 0.086053 0.448898 0.029674 0.104208
0 0.179525 0.428858 0.029674 0.104208
0 0.982196 0.501002 0.035608 0.152305
0 0.940653 0.491984 0.038576 0.130261
0 0.916172 0.513026 0.043027 0.148297
0 0.879822 0.533066 0.050445 0.164329
0 0.839763 0.505010 0.041543 0.144289
0 0.671365 0.559118 0.060831 0.204409
0 0.584570 0.576152 0.062315 0.210421
0 0.613501 0.521042 0.043027 0.144289
0 0.635757 0.517034 0.043027 0.144289
0 0.555638 0.507014 0.037092 0.128257
0 0.462166 0.599198 0.066766 0.220441
0 0.149110 0.540080 0.043027 0.146293
0 0.175816 0.550100 0.045994 0.154309
0 0.204748 0.548096 0.044510 0.146293
0 0.236647 0.560120 0.045994 0.158317
0 0.254451 0.613226 0.066766 0.224449
0 0.039318 0.542084 0.051929 0.054108
0 0.252967 0.394790 0.034125 0.056112
0 0.281157 0.412826 0.031157 0.052104
0 0.330861 0.402806 0.023739 0.048096
0 0.350890 0.404810 0.022255 0.044088
0 0.397626 0.390782 0.020772 0.044088
0 0.416914 0.393788 0.020772 0.030060
0 0.457715 0.387776 0.016320 0.038076
0 0.473294 0.391784 0.014837 0.030060
0 0.517804 0.384770 0.017804 0.040080
0 0.563056 0.386774 0.025223 0.032064
0 0.607567 0.406814 0.025223 0.040080
0 0.631306 0.492986 0.722552 0.140281
