0 0.055000 0.769424 0.110000 0.451128
0 0.205000 0.764411 0.123333 0.451128
0 0.245833 0.674185 0.078333 0.295739
0 0.318333 0.764411 0.120000 0.446115
0 0.474167 0.778195 0.115000 0.423559
0 0.588333 0.761905 0.120000 0.446115
0 0.638333 0.690476 0.080000 0.298246
0 0.925833 0.743108 0.105000 0.393484
0 0.802500 0.723058 0.145000 0.538847
0 0.396667 0.655388 0.050000 0.192982
0 0.539167 0.583960 0.038333 0.085213
0 0.680000 0.577694 0.030000 0.077694
0 0.364167 0.591479 0.031667 0.060150
0 0.509167 0.585213 0.025000 0.057644
0 0.463333 0.551378 0.033333 0.075188
0 0.658333 0.581454 0.026667 0.055138
0 0.607500 0.561404 0.031667 0.065163
