0 0.185072 0.445714 0.092025 0.157143
0 0.276074 0.431429 0.094070 0.160000
0 0.321063 0.432143 0.085890 0.147143
0 0.381391 0.431429 0.092025 0.160000
0 0.468303 0.436429 0.085890 0.150000
0 0.539877 0.467143 0.139059 0.237143
0 0.610429 0.436429 0.096115 0.164286
0 0.814928 0.421429 0.096115 0.162857
0 0.865031 0.432143 0.077710 0.135714
0 0.900818 0.414286 0.087935 0.151429
0 0.942740 0.418571 0.085890 0.148571
0 0.964213 0.425714 0.083845 0.145714
0 1.040900 0.420000 0.089980 0.154286
0 1.262781 0.407857 0.104294 0.178571
0 1.375256 0.402143 0.096115 0.167143
0 1.408998 0.374286 0.040900 0.040000
0 1.126789 0.401429 0.065440 0.062857
0 0.693252 0.410000 0.049080 0.045714
0 0.741309 0.412143 0.063395 0.047143
0 0.717791 0.357857 0.057260 0.038571
0 0.125767 0.423571 0.047035 0.044286
0 0.092025 0.385000 0.036810 0.035714
0 0.118609 0.385714 0.036810 0.034286
0 0.042945 0.378571 0.036810 0.034286
0 0.053170 0.436429 0.065440 0.067143
