0 0.492453 0.555241 0.200000 0.742210
0 0.851887 0.423513 0.194340 0.711048
0 0.933019 0.327195 0.133962 0.512748
0 0.772642 0.368272 0.145283 0.538244
0 0.665094 0.317280 0.122642 0.447592
0 0.594340 0.398017 0.169811 0.631728
0 0.393396 0.376771 0.152830 0.560907
0 0.356604 0.320113 0.124528 0.464589
0 0.452830 0.330028 0.139623 0.512748
0 0.266038 0.368272 0.139623 0.515581
0 0.234906 0.460340 0.194340 0.716714
0 0.123585 0.348442 0.133962 0.498584
0 0.194340 0.342776 0.116981 0.430595
0 0.052830 0.433428 0.105660 0.668555
0 0.082075 0.300283 0.115094 0.424929
0 0.967925 0.315864 0.064151 0.393768
0 0.800000 0.123229 0.037736 0.059490
0 0.282075 0.131728 0.032075 0.059490
0 0.543396 0.205382 0.060377 0.235127
0 0.963208 0.124646 0.024528 0.050992
0 0.046226 0.152975 0.043396 0.056657
0 0.427358 0.138810 0.028302 0.033994
0 0.506604 0.140227 0.069811 0.059490
0 0.712264 0.135977 0.077358 0.084986
0 0.892453 0.137394 0.037736 0.082153
0 0.633019 0.150142 0.039623 0.050992
