0 0.018571 0.609442 0.037143 0.266094
0 0.030000 0.607296 0.060000 0.236052
0 0.067143 0.583691 0.048571 0.180258
0 0.081429 0.572961 0.037143 0.150215
0 0.112857 0.545064 0.020000 0.085837
0 0.284286 0.669528 0.094286 0.360515
0 0.237143 0.624464 0.074286 0.287554
0 0.208571 0.600858 0.057143 0.206009
0 0.127143 0.547210 0.020000 0.081545
0 0.641429 0.693133 0.162857 0.596567
0 0.502857 0.643777 0.080000 0.291845
0 0.411429 0.611588 0.062857 0.244635
0 0.355714 0.590129 0.048571 0.193133
0 0.331429 0.581545 0.040000 0.150215
0 0.388571 0.572961 0.034286 0.124464
0 0.428571 0.579399 0.040000 0.145923
0 0.467143 0.581545 0.037143 0.141631
0 0.724286 0.596567 0.042857 0.171674
0 0.694286 0.583691 0.028571 0.120172
0 0.792857 0.624464 0.060000 0.236052
0 0.862857 0.611588 0.051429 0.193133
0 0.892857 0.592275 0.031429 0.120172
0 0.921429 0.607296 0.042857 0.167382
0 0.962857 0.603004 0.040000 0.158798
0 0.845714 0.590129 0.034286 0.133047
0 0.542857 0.542918 0.040000 0.072961
0 0.565714 0.534335 0.028571 0.047210
0 0.654286 0.534335 0.022857 0.055794
0 0.940000 0.592275 0.034286 0.128755
0 0.985714 0.585837 0.022857 0.167382
0 0.674286 0.536481 0.028571 0.034335
0 0.180000 0.560086 0.045714 0.098712
