0 0.020000 0.594048 0.040000 0.140476
0 0.042500 0.590476 0.038333 0.138095
0 0.189167 0.552381 0.021667 0.076190
0 0.211667 0.552381 0.020000 0.076190
0 0.222500 0.548810 0.021667 0.073810
0 0.264167 0.555952 0.028333 0.107143
0 0.277500 0.545238 0.021667 0.076190
0 0.317500 0.526190 0.011667 0.042857
0 0.325000 0.527381 0.013333 0.050000
0 0.347500 0.514286 0.008333 0.033333
0 0.354167 0.514286 0.008333 0.038095
0 0.387500 0.516667 0.005000 0.023810
0 0.552500 0.550000 0.005000 0.019048
0 0.550000 0.539286 0.006667 0.021429
0 0.531667 0.554762 0.010000 0.038095
0 0.704167 0.611905 0.011667 0.047619
0 0.671667 0.667857 0.016667 0.059524
0 0.692500 0.671429 0.021667 0.076190
0 0.719167 0.614286 0.015000 0.052381
0 0.728333 0.610714 0.013333 0.054762
0 0.924167 0.670238 0.021667 0.073810
0 0.598333 0.552381 0.006667 0.028571
0 0.611667 0.575000 0.010000 0.035714
0 0.605000 0.577381 0.010000 0.040476
0 0.935000 0.572619 0.013333 0.045238
0 0.943333 0.573810 0.010000 0.042857
0 0.792500 0.548810 0.005000 0.026190
0 0.823333 0.554762 0.006667 0.028571
0 0.835000 0.547619 0.006667 0.028571
0 0.748333 0.609524 0.013333 0.052381
0 0.175000 0.576190 0.016667 0.066667
0 0.729167 0.620238 0.011667 0.035714
0 0.747500 0.619048 0.018333 0.033333
0 0.825000 0.605952 0.013333 0.030952
0 0.831667 0.614286 0.013333 0.042857
0 0.405833 0.513095 0.035000 0.040476
0 0.448333 0.507143 0.036667 0.028571
0 0.518333 0.535714 0.093333 0.052381
0 0.624167 0.573810 0.018333 0.038095
0 0.645000 0.571429 0.023333 0.052381
0 0.685000 0.554762 0.040000 0.033333
0 0.614167 0.536905 0.018333 0.026190
0 0.580000 0.526190 0.010000 0.023810
0 0.975000 0.647619 0.020000 0.042857
0 0.982500 0.657143 0.021667 0.042857
0 0.861667 0.571429 0.020000 0.038095
0 0.717500 0.544048 0.021667 0.045238
