0 0.018333 0.581250 0.036667 0.232500
0 0.105000 0.568750 0.063333 0.237500
0 0.170000 0.628750 0.080000 0.297500
0 0.178333 0.568750 0.060000 0.217500
0 0.280000 0.600000 0.060000 0.225000
0 0.292500 0.581250 0.058333 0.212500
0 0.300000 0.567500 0.056667 0.205000
0 0.396667 0.620000 0.066667 0.250000
0 0.448333 0.635000 0.083333 0.305000
0 0.463333 0.590000 0.060000 0.220000
0 0.476667 0.562500 0.046667 0.170000
0 0.519167 0.607500 0.081667 0.305000
0 0.554167 0.643750 0.091667 0.337500
0 0.602500 0.611250 0.075000 0.277500
0 0.654167 0.632500 0.085000 0.310000
0 0.708333 0.666250 0.116667 0.427500
0 0.731667 0.652500 0.093333 0.350000
0 0.768333 0.618750 0.070000 0.257500
0 0.823333 0.690000 0.130000 0.480000
0 0.946667 0.615000 0.056667 0.215000
0 0.923333 0.602500 0.056667 0.210000
0 0.974167 0.622500 0.051667 0.255000
0 0.889167 0.592500 0.065000 0.240000
0 0.865833 0.636250 0.098333 0.367500
0 0.705000 0.636250 0.083333 0.302500
0 0.812500 0.610000 0.055000 0.205000
0 0.189167 0.492500 0.011667 0.035000
0 0.960000 0.525000 0.023333 0.050000
0 0.798333 0.523750 0.020000 0.032500
0 0.630000 0.515000 0.030000 0.055000
0 0.634167 0.497500 0.021667 0.060000
0 0.575000 0.498750 0.020000 0.067500
0 0.585000 0.521250 0.016667 0.052500
0 0.680000 0.503750 0.010000 0.017500
0 0.025833 0.455000 0.041667 0.090000
0 0.077500 0.461250 0.048333 0.107500
0 0.358333 0.473750 0.043333 0.072500
0 0.214167 0.466250 0.038333 0.087500
0 0.251667 0.481250 0.040000 0.077500
0 0.058333 0.455000 0.056667 0.080000
