0 0.125833 0.613750 0.078333 0.287500
0 0.214167 0.631250 0.081667 0.297500
0 0.270000 0.601250 0.066667 0.247500
0 0.326667 0.607500 0.076667 0.285000
0 0.430833 0.663750 0.098333 0.362500
0 0.543333 0.692500 0.100000 0.370000
0 0.565000 0.646250 0.086667 0.322500
0 0.732500 0.678750 0.098333 0.367500
0 0.792500 0.611250 0.068333 0.257500
0 0.837500 0.650000 0.081667 0.305000
0 0.906667 0.632500 0.073333 0.275000
0 0.966667 0.605000 0.040000 0.145000
0 0.980833 0.581250 0.038333 0.197500
0 0.949167 0.621250 0.035000 0.132500
0 0.989167 0.605000 0.018333 0.070000
0 0.977500 0.503750 0.038333 0.077500
