0 0.043840 0.733333 0.067703 0.253333
0 0.094340 0.738333 0.068812 0.256667
0 0.157603 0.739167 0.071032 0.265000
0 0.207547 0.738333 0.073252 0.270000
0 0.248058 0.527500 0.023307 0.091667
0 0.336293 0.624167 0.055494 0.201667
0 0.382908 0.670833 0.057714 0.211667
0 0.367370 0.653333 0.053274 0.196667
0 0.410100 0.654167 0.054384 0.205000
0 0.431743 0.663333 0.057714 0.210000
0 0.494451 0.662500 0.056604 0.211667
0 0.477248 0.657500 0.055494 0.205000
0 0.515538 0.655000 0.056604 0.210000
0 0.539401 0.666667 0.057714 0.210000
0 0.549945 0.644167 0.054384 0.198333
0 0.573807 0.660833 0.057714 0.211667
0 0.617647 0.657500 0.061043 0.228333
0 0.652053 0.627500 0.054384 0.198333
0 0.789123 0.730833 0.068812 0.255000
0 0.863485 0.730833 0.071032 0.265000
0 0.932852 0.736667 0.072142 0.266667
0 0.976693 0.738333 0.046615 0.270000
0 0.224750 0.552500 0.016648 0.061667
0 0.483352 0.545000 0.045505 0.060000
0 0.234739 0.550000 0.012209 0.043333
