0 0.130000 0.553571 0.121818 0.447802
0 0.270000 0.598901 0.212727 0.791209
0 0.394545 0.523352 0.101818 0.381868
0 0.685455 0.620879 0.170909 0.631868
0 0.618182 0.506868 0.101818 0.376374
0 0.889091 0.556319 0.127273 0.475275
0 0.958182 0.460165 0.047273 0.184066
0 0.818182 0.462912 0.058182 0.217033
0 0.459091 0.512363 0.034545 0.129121
0 0.550909 0.486264 0.029091 0.115385
0 0.776364 0.480769 0.032727 0.126374
0 0.832727 0.427198 0.025455 0.101648
0 0.796364 0.449176 0.040000 0.156593
0 0.042727 0.396978 0.038182 0.068681
0 0.101818 0.385989 0.010909 0.024725
0 0.219091 0.350275 0.034545 0.052198
0 0.300000 0.370879 0.014545 0.021978
0 0.348182 0.401099 0.023636 0.054945
0 0.360000 0.392857 0.014545 0.032967
0 0.411818 0.392857 0.012727 0.021978
0 0.412727 0.379121 0.010909 0.027473
0 0.424545 0.391484 0.012727 0.035714
0 0.444545 0.380495 0.016364 0.030220
0 0.441818 0.502747 0.029091 0.131868
0 0.443636 0.416209 0.036364 0.074176
0 0.477273 0.424451 0.030909 0.079670
0 0.465455 0.396978 0.014545 0.041209
0 0.578182 0.410714 0.025455 0.063187
0 0.573636 0.384615 0.016364 0.038462
0 0.579091 0.480769 0.034545 0.137363
0 0.486364 0.497253 0.034545 0.126374
0 0.518182 0.530220 0.025455 0.071429
0 0.492727 0.394231 0.014545 0.035714
0 0.501818 0.399725 0.018182 0.046703
0 0.524545 0.379121 0.020000 0.043956
0 0.527273 0.473901 0.025455 0.052198
0 0.510909 0.427198 0.018182 0.074176
0 0.520909 0.453297 0.027273 0.076923
0 0.530909 0.402473 0.025455 0.052198
0 0.541818 0.384615 0.010909 0.027473
0 0.551818 0.410714 0.027273 0.079670
0 0.714545 0.423077 0.029091 0.087912
0 0.753636 0.523352 0.041818 0.074176
0 0.758182 0.471154 0.029091 0.052198
0 0.743636 0.443681 0.029091 0.068681
0 0.737273 0.401099 0.016364 0.054945
0 0.852727 0.392857 0.018182 0.032967
0 0.857273 0.376374 0.012727 0.016484
0 0.868182 0.377747 0.020000 0.024725
0 0.019091 0.406593 0.030909 0.065934
0 0.006364 0.521978 0.012727 0.159341
0 0.024545 0.521978 0.034545 0.148352
0 0.046364 0.505495 0.041818 0.170330
0 0.072727 0.509615 0.043636 0.189560
0 0.560000 0.388736 0.007273 0.019231
0 0.758182 0.398352 0.032727 0.082418
0 0.782727 0.392857 0.020000 0.043956
0 0.981818 0.456044 0.036364 0.203297
0 0.931818 0.462912 0.038182 0.184066
