0 0.070000 0.587112 0.140000 0.668258
0 0.485000 0.572792 0.210000 0.610979
0 0.099000 0.572792 0.182000 0.534606
0 0.175000 0.517900 0.162000 0.472554
0 0.203000 0.510740 0.146000 0.429594
0 0.278000 0.480907 0.132000 0.384248
0 0.325000 0.445107 0.114000 0.331742
0 0.395000 0.449881 0.126000 0.374702
0 0.534000 0.458234 0.112000 0.329356
0 0.613000 0.437947 0.106000 0.317422
0 0.635000 0.423628 0.118000 0.350835
0 0.946000 0.532220 0.108000 0.577566
0 0.937000 0.517900 0.126000 0.529833
0 0.921000 0.502387 0.158000 0.541766
0 0.893000 0.472554 0.174000 0.510740
0 0.854000 0.477327 0.156000 0.453461
0 0.811000 0.480907 0.142000 0.417661
0 0.768000 0.468974 0.144000 0.422434
0 0.755000 0.480907 0.130000 0.384248
0 0.732000 0.443914 0.140000 0.415274
0 0.710000 0.443914 0.132000 0.386635
0 0.684000 0.443914 0.136000 0.396181
0 0.657000 0.440334 0.126000 0.369928
0 0.228000 0.476134 0.152000 0.451074
0 0.983000 0.225537 0.026000 0.050119
0 0.579000 0.324582 0.042000 0.081146
0 0.571000 0.299523 0.046000 0.073986
0 0.499000 0.279236 0.034000 0.042959
0 0.440000 0.324582 0.036000 0.100239
0 0.397000 0.297136 0.058000 0.064439
0 0.349000 0.300716 0.030000 0.057279
0 0.308000 0.278043 0.028000 0.040573
0 0.064000 0.316229 0.044000 0.121718
0 0.105000 0.310263 0.062000 0.119332
0 0.161000 0.297136 0.042000 0.093079
0 0.226000 0.274463 0.044000 0.038186
0 0.267000 0.294749 0.050000 0.140811
