0 0.528750 0.454167 0.237500 0.391667
0 0.676250 0.455000 0.227500 0.373333
0 0.781250 0.446667 0.232500 0.376667
0 0.900000 0.449167 0.225000 0.371667
0 1.466250 0.345833 0.067500 0.128333
0 1.028750 0.332500 0.042500 0.068333
0 1.076250 0.345000 0.062500 0.103333
0 0.386250 0.350833 0.047500 0.078333
0 0.345000 0.350000 0.050000 0.086667
0 0.316250 0.347500 0.047500 0.081667
0 0.275000 0.350000 0.050000 0.086667
0 0.245000 0.350000 0.045000 0.073333
0 0.228750 0.353333 0.047500 0.076667
0 0.195000 0.358333 0.045000 0.073333
0 0.176250 0.355833 0.042500 0.075000
0 0.131250 0.357500 0.047500 0.081667
0 0.028750 0.361667 0.057500 0.116667
0 0.040000 0.356667 0.035000 0.060000
0 0.286250 0.266667 0.027500 0.043333
0 0.445000 0.275833 0.020000 0.038333
0 0.336250 0.275833 0.022500 0.038333
0 0.371250 0.278333 0.017500 0.033333
0 0.411250 0.248333 0.017500 0.033333
0 0.417500 0.231667 0.020000 0.033333
0 0.392500 0.247500 0.020000 0.035000
0 0.401250 0.248333 0.017500 0.033333
0 0.457500 0.231667 0.020000 0.036667
0 0.577500 0.245833 0.020000 0.035000
0 1.268750 0.243333 0.022500 0.040000
0 1.256250 0.250000 0.017500 0.033333
0 1.231250 0.243333 0.027500 0.046667
0 1.161250 0.196667 0.017500 0.033333
0 1.142500 0.209167 0.020000 0.031667
0 1.128750 0.195833 0.017500 0.031667
0 1.122500 0.215833 0.020000 0.031667
0 0.835000 0.249167 0.020000 0.038333
0 0.840000 0.246667 0.025000 0.040000
0 0.650000 0.253333 0.020000 0.033333
0 0.643750 0.270833 0.017500 0.031667
0 0.700000 0.251667 0.020000 0.033333
0 0.677500 0.249167 0.020000 0.035000
0 0.686250 0.250000 0.022500 0.036667
0 0.686250 0.245000 0.022500 0.040000
0 0.863750 0.245000 0.022500 0.040000
0 0.917500 0.243333 0.025000 0.043333
0 0.885000 0.240833 0.020000 0.038333
0 0.901250 0.247500 0.022500 0.041667
0 0.957500 0.251667 0.025000 0.040000
0 1.005000 0.255000 0.025000 0.043333
0 1.040000 0.248333 0.025000 0.040000
0 1.018750 0.234167 0.022500 0.035000
0 0.950000 0.234167 0.020000 0.031667
0 1.060000 0.263333 0.025000 0.043333
0 1.075000 0.262500 0.030000 0.048333
0 1.112500 0.258333 0.020000 0.033333
0 1.105000 0.245000 0.020000 0.036667
0 1.130000 0.251667 0.025000 0.040000
0 1.150000 0.245000 0.020000 0.036667
0 0.616250 0.306667 0.022500 0.036667
0 0.407500 0.230000 0.010000 0.013333
0 0.500000 0.220000 0.015000 0.013333
0 0.470000 0.240000 0.025000 0.023333
0 0.492500 0.240000 0.020000 0.026667
0 0.500000 0.229167 0.010000 0.008333
0 0.517500 0.240000 0.020000 0.023333
0 0.561250 0.222500 0.022500 0.011667
0 0.591250 0.220833 0.027500 0.015000
0 0.607500 0.279167 0.015000 0.005000
0 0.870000 0.230000 0.010000 0.010000
0 0.981250 0.231667 0.017500 0.020000
0 0.932500 0.235000 0.020000 0.020000
0 0.907500 0.306667 0.015000 0.010000
0 0.938750 0.308333 0.017500 0.013333
0 0.593750 0.311667 0.012500 0.010000
0 0.366250 0.221667 0.017500 0.023333
0 0.382500 0.216667 0.015000 0.013333
0 0.402500 0.209167 0.050000 0.021667
0 0.441250 0.215833 0.017500 0.021667
0 0.513750 0.222500 0.017500 0.018333
0 0.543750 0.215000 0.017500 0.016667
0 0.730000 0.227500 0.020000 0.015000
0 0.760000 0.224167 0.035000 0.015000
0 0.872500 0.218333 0.030000 0.020000
0 0.901250 0.212500 0.027500 0.028333
0 0.362500 0.268333 0.020000 0.036667
0 0.382500 0.229167 0.020000 0.025000
0 0.548750 0.239167 0.032500 0.035000
0 0.625000 0.261667 0.025000 0.043333
0 0.790000 0.252500 0.080000 0.048333
0 1.188750 0.242500 0.067500 0.048333
0 1.122500 0.233333 0.020000 0.023333
