0 0.454167 0.577778 0.108333 0.177778
0 0.641667 0.560556 0.076667 0.127778
0 0.681667 0.595000 0.086667 0.143333
0 0.697500 0.545000 0.051667 0.087778
0 0.735000 0.561111 0.076667 0.124444
0 0.805000 0.565556 0.073333 0.122222
0 0.876667 0.578889 0.103333 0.168889
0 0.935000 0.526111 0.036667 0.058889
0 0.950000 0.531667 0.043333 0.074444
0 0.895833 0.565556 0.071667 0.115556
0 1.005833 0.553889 0.058333 0.094444
0 1.070000 0.553889 0.083333 0.134444
0 1.125833 0.530000 0.041667 0.071111
0 1.161667 0.544444 0.053333 0.086667
0 1.141667 0.530000 0.043333 0.071111
0 1.199167 0.578333 0.105000 0.174444
0 1.250000 0.527778 0.033333 0.057778
0 1.297500 0.539444 0.055000 0.092222
0 1.345833 0.541667 0.051667 0.085556
0 1.231667 0.530556 0.023333 0.041111
0 0.985833 0.491111 0.021667 0.020000
0 0.900000 0.511111 0.023333 0.028889
0 1.328333 0.515556 0.013333 0.037778
0 1.215833 0.512778 0.015000 0.025556
0 0.666667 0.522778 0.016667 0.014444
0 1.315000 0.531111 0.020000 0.040000
0 1.033333 0.502222 0.040000 0.026667
