0 0.471783 0.438346 0.027088 0.046617
0 1.365688 0.460902 0.049661 0.085714
0 0.966140 0.445865 0.031603 0.055639
0 0.990971 0.442105 0.027088 0.045113
0 0.220090 0.430075 0.029345 0.048120
0 1.299097 0.478195 0.083521 0.135338
0 1.171558 0.506015 0.112867 0.187970
0 1.090293 0.460902 0.054176 0.088722
0 0.904063 0.484962 0.083521 0.136842
0 0.812641 0.487218 0.094808 0.156391
0 0.696388 0.475188 0.092551 0.153383
0 0.619639 0.496241 0.079007 0.129323
0 0.555305 0.496992 0.090293 0.148872
0 0.369074 0.499248 0.115124 0.186466
0 0.279910 0.448120 0.058691 0.096241
0 0.170429 0.457895 0.069977 0.115789
0 0.135440 0.436090 0.049661 0.081203
0 0.041761 0.433835 0.047404 0.076692
0 0.509029 0.442105 0.033860 0.054135
