0 0.546377 0.545952 0.124638 0.466083
0 0.260145 0.620350 0.143478 0.531729
0 0.463768 0.368709 0.049275 0.181619
0 0.673913 0.344639 0.049275 0.181619
0 0.740580 0.345733 0.031884 0.122538
0 0.970290 0.326039 0.027536 0.100656
0 0.906522 0.328228 0.027536 0.105033
0 0.893478 0.331510 0.030435 0.111597
0 0.773188 0.339168 0.027536 0.105033
0 0.705797 0.339168 0.028986 0.113786
0 0.339855 0.365427 0.030435 0.118162
0 0.403623 0.363239 0.027536 0.109409
0 0.436232 0.354486 0.031884 0.122538
0 0.496377 0.350109 0.030435 0.113786
0 0.595652 0.342451 0.031884 0.115974
0 0.631159 0.336980 0.030435 0.113786
0 0.827536 0.334792 0.028986 0.109409
0 0.057971 0.385120 0.034783 0.131291
0 0.202174 0.373085 0.036232 0.137856
0 0.249275 0.368709 0.031884 0.120350
0 0.292029 0.373085 0.030435 0.115974
0 0.182609 0.452954 0.078261 0.175055
0 0.611594 0.391685 0.046377 0.126915
0 0.873913 0.363239 0.034783 0.113786
0 0.117391 0.378556 0.121739 0.126915
0 0.227536 0.368709 0.031884 0.107221
0 0.315942 0.375274 0.028986 0.115974
0 0.369565 0.350109 0.052174 0.148796
0 0.418116 0.301969 0.030435 0.061269
0 0.517391 0.297593 0.043478 0.052516
0 0.726087 0.345733 0.031884 0.078775
0 0.756522 0.343545 0.026087 0.074398
0 0.799275 0.342451 0.044928 0.063457
0 0.939130 0.342451 0.049275 0.098468
0 0.987681 0.335886 0.021739 0.098468
