0 0.298286 0.546296 0.012804 0.042245
0 0.304470 0.545718 0.014323 0.047454
0 0.333008 0.546296 0.012804 0.041667
0 0.379883 0.539497 0.011068 0.036169
0 0.385634 0.544850 0.007378 0.024884
0 0.398112 0.539352 0.009766 0.032407
0 0.406359 0.540365 0.008898 0.029225
0 0.414280 0.538194 0.009549 0.031250
0 0.420030 0.538484 0.009332 0.031250
0 0.425781 0.538339 0.008681 0.029225
0 0.429253 0.536892 0.008681 0.028646
0 0.433702 0.537037 0.008030 0.027199
0 0.442708 0.535156 0.007812 0.026331
0 0.457574 0.535590 0.008464 0.028356
0 0.514323 0.652488 0.016059 0.052662
0 0.555447 0.676505 0.017144 0.056134
0 0.560764 0.654514 0.013455 0.043981
0 0.576389 0.667245 0.020833 0.067708
0 0.601780 0.673466 0.021701 0.070312
0 0.651910 0.658999 0.016493 0.054109
0 0.661675 0.667390 0.018229 0.059317
0 0.689887 0.667390 0.016493 0.054109
0 0.704644 0.682726 0.016493 0.053530
0 0.731120 0.663484 0.012153 0.039352
0 0.736003 0.679977 0.021050 0.068866
0 0.792643 0.668113 0.014974 0.049190
0 0.809679 0.668403 0.016493 0.053819
0 0.822266 0.672309 0.017795 0.058160
0 0.835178 0.669560 0.014106 0.045718
0 0.255642 0.870226 0.079427 0.258970
0 0.156576 0.541377 0.017144 0.035880
0 0.172201 0.538628 0.013672 0.027488
0 0.439019 0.526910 0.007378 0.015046
0 0.718424 0.693576 0.027127 0.026042
0 0.479926 0.528501 0.027995 0.006655
