0 0.096250 0.422308 0.192500 0.303077
0 0.213750 0.428462 0.187500 0.281538
0 0.370000 0.416923 0.185000 0.280000
0 0.497500 0.411538 0.190000 0.290769
0 0.613750 0.406154 0.192500 0.289231
0 0.681250 0.403077 0.187500 0.286154
0 0.737500 0.414615 0.185000 0.278462
0 0.855000 0.415385 0.180000 0.273846
0 0.976250 0.411538 0.197500 0.300000
0 1.091250 0.411538 0.192500 0.293846
0 1.177500 0.404615 0.175000 0.267692
0 1.230000 0.424615 0.155000 0.233846
0 1.343750 0.400000 0.172500 0.264615
0 1.418750 0.406154 0.177500 0.270769
0 1.508750 0.397692 0.197500 0.296923
0 0.400000 0.486154 0.140000 0.166154
0 0.533750 0.493846 0.112500 0.196923
0 0.668750 0.501538 0.117500 0.181538
0 0.820000 0.489231 0.140000 0.187692
0 0.968750 0.497692 0.132500 0.167692
0 1.106250 0.490769 0.122500 0.169231
0 1.261250 0.473846 0.127500 0.184615
0 1.433750 0.476154 0.162500 0.186154
