0 0.294000 0.438000 0.116000 0.188000
0 0.437000 0.440000 0.118000 0.192000
0 0.396000 0.411333 0.036000 0.060000
0 0.379000 0.410000 0.030000 0.049333
0 0.342000 0.407333 0.028000 0.049333
0 0.140000 0.400667 0.024000 0.038667
0 0.779000 0.422000 0.062000 0.105333
0 0.816000 0.421333 0.064000 0.104000
0 0.863000 0.417333 0.066000 0.109333
0 0.904000 0.416000 0.052000 0.088000
0 1.066000 0.410000 0.044000 0.073333
0 1.381000 0.402667 0.026000 0.042667
0 1.360000 0.404000 0.024000 0.042667
0 1.331000 0.406000 0.014000 0.025333
0 1.317000 0.405333 0.018000 0.029333
0 1.305000 0.403333 0.018000 0.033333
0 1.228000 0.404667 0.020000 0.033333
0 1.211000 0.405333 0.022000 0.034667
0 1.197000 0.408667 0.018000 0.028000
0 1.167000 0.408000 0.026000 0.042667
0 1.130000 0.408667 0.024000 0.044000
0 1.103000 0.406000 0.026000 0.046667
0 1.001000 0.404000 0.026000 0.042667
0 0.965000 0.404667 0.026000 0.041333
0 0.949000 0.404667 0.026000 0.041333
0 1.016000 0.404667 0.016000 0.030667
0 0.533000 0.407333 0.030000 0.052000
0 0.115000 0.414000 0.038000 0.028000
0 0.809000 0.334667 0.054000 0.085333
0 0.638000 0.402667 0.060000 0.045333
0 0.737000 0.394667 0.066000 0.026667
