0 0.108992 0.470000 0.098093 0.165455
0 0.136240 0.465455 0.108992 0.181818
0 0.205722 0.469091 0.095368 0.160000
0 0.257493 0.473636 0.095368 0.161818
0 0.313351 0.470000 0.103542 0.169091
0 0.388283 0.480000 0.095368 0.156364
0 0.452316 0.466364 0.103542 0.169091
0 0.516349 0.481818 0.089918 0.149091
0 0.540872 0.467273 0.100817 0.167273
0 0.583106 0.475455 0.092643 0.150909
0 0.671662 0.480000 0.089918 0.145455
0 0.629428 0.469091 0.092643 0.149091
0 0.738420 0.480909 0.087193 0.143636
0 0.801090 0.474545 0.098093 0.160000
0 0.878747 0.470909 0.100817 0.163636
0 0.837875 0.470000 0.095368 0.161818
0 0.933243 0.477273 0.089918 0.150909
0 0.995913 0.473636 0.095368 0.158182
0 1.070845 0.475455 0.098093 0.161818
0 1.140327 0.474545 0.100817 0.163636
0 1.193460 0.474545 0.092643 0.156364
0 1.247956 0.469091 0.098093 0.160000
0 1.317439 0.470909 0.100817 0.170909
0 1.362398 0.462727 0.103542 0.169091
0 1.440054 0.462727 0.100817 0.169091
0 0.242507 0.410909 0.038147 0.021818
0 0.292916 0.402727 0.035422 0.030909
0 0.497275 0.402727 0.029973 0.038182
0 0.600817 0.394545 0.035422 0.029091
0 0.416894 0.400909 0.032698 0.034545
0 0.373297 0.407273 0.027248 0.036364
0 1.104905 0.410909 0.051771 0.036364
0 1.155313 0.410000 0.032698 0.027273
