0 0.192754 0.599156 0.113043 0.409283
0 0.078261 0.534810 0.055072 0.196203
0 0.055072 0.502110 0.028986 0.109705
0 0.121014 0.503165 0.033333 0.120253
0 0.248551 0.549578 0.071014 0.251055
0 0.313043 0.517932 0.028986 0.103376
0 0.900000 0.689873 0.121739 0.438819
0 0.610870 0.558017 0.065217 0.229958
0 0.755797 0.560127 0.044928 0.166667
0 0.777536 0.534810 0.039130 0.141350
0 0.813043 0.530591 0.031884 0.116034
0 0.705072 0.690928 0.166667 0.559072
0 0.944203 0.523207 0.044928 0.067511
0 0.973188 0.510549 0.030435 0.067511
0 0.468116 0.546414 0.084058 0.151899
0 0.426812 0.483122 0.039130 0.059072
0 0.340580 0.509494 0.028986 0.061181
0 0.371739 0.504219 0.018841 0.063291
0 0.559420 0.529536 0.031884 0.075949
0 0.577536 0.527426 0.027536 0.092827
0 0.643478 0.518987 0.026087 0.042194
