0 0.271717 0.499242 0.062626 0.116667
0 0.349495 0.501515 0.060606 0.112121
0 0.413131 0.502273 0.058586 0.110606
0 0.486869 0.495455 0.064646 0.118182
0 0.530303 0.488636 0.050505 0.092424
0 0.586869 0.498485 0.074747 0.139394
0 0.622222 0.493182 0.052525 0.101515
0 0.659596 0.491667 0.054545 0.104545
0 0.714141 0.484848 0.050505 0.096970
0 0.742424 0.498485 0.066667 0.124242
0 0.797980 0.488636 0.060606 0.110606
0 0.827273 0.481818 0.050505 0.096970
0 0.921212 0.491667 0.076768 0.140909
0 0.962626 0.481061 0.058586 0.107576
0 0.985859 0.479545 0.060606 0.113636
0 0.132323 0.473485 0.260606 0.098485
0 1.165657 0.465909 0.327273 0.119697
0 0.687879 0.428030 0.458586 0.034848
