0 0.054569 0.440833 0.022843 0.041667
0 0.088832 0.435833 0.020305 0.038333
0 0.138325 0.415833 0.027919 0.045000
0 0.157360 0.425000 0.025381 0.046667
0 0.204315 0.427500 0.027919 0.045000
0 0.187817 0.417500 0.025381 0.045000
0 0.403553 0.483333 0.050761 0.080000
0 0.420051 0.439167 0.032995 0.058333
0 0.468274 0.480833 0.063452 0.101667
0 0.482234 0.425000 0.025381 0.043333
0 0.823604 0.488333 0.048223 0.083333
0 0.866751 0.486667 0.053299 0.090000
0 1.352792 0.510833 0.076142 0.128333
0 1.402284 0.525000 0.073604 0.120000
0 1.414975 0.497500 0.073604 0.118333
0 1.055838 0.412500 0.015228 0.028333
0 1.040609 0.409167 0.020305 0.035000
0 1.010152 0.407500 0.015228 0.025000
0 0.983503 0.406667 0.017766 0.033333
0 0.898477 0.410833 0.020305 0.035000
0 0.840102 0.403333 0.015228 0.026667
0 0.855330 0.400833 0.010152 0.021667
0 0.822335 0.411667 0.015228 0.023333
0 0.657360 0.399167 0.309645 0.038333
0 0.257614 0.405000 0.038071 0.030000
