0 0.534058 0.782398 0.123188 0.408124
0 0.019565 0.598646 0.039130 0.125725
0 0.044928 0.597679 0.034783 0.116054
0 0.067391 0.596712 0.039130 0.133462
0 0.123913 0.595745 0.036232 0.119923
0 0.165942 0.604449 0.036232 0.117988
0 0.206522 0.608317 0.042029 0.137331
0 0.245652 0.593810 0.042029 0.139265
0 0.265217 0.598646 0.034783 0.117988
0 0.292754 0.595745 0.037681 0.123791
0 0.318116 0.593810 0.036232 0.119923
0 0.357971 0.588975 0.043478 0.141199
0 0.403623 0.615087 0.036232 0.119923
0 0.476087 0.603482 0.042029 0.143133
0 0.555797 0.605416 0.042029 0.143133
0 0.607246 0.592843 0.043478 0.145068
0 0.673913 0.591876 0.049275 0.162476
0 0.726087 0.593810 0.046377 0.150870
0 0.777536 0.459381 0.053623 0.176015
0 0.797101 0.592843 0.057971 0.191489
0 0.875362 0.595745 0.049275 0.158607
0 0.921014 0.596712 0.047826 0.160542
0 0.981159 0.593810 0.037681 0.177950
0 0.110145 0.462282 0.023188 0.077369
0 0.134058 0.449710 0.027536 0.094778
0 0.159420 0.473888 0.023188 0.081238
0 0.386232 0.504836 0.772464 0.108317
0 0.895652 0.485493 0.188406 0.100580
