0 0.045000 0.688702 0.061429 0.257212
0 0.021429 0.670673 0.042857 0.216346
0 0.080000 0.694712 0.057143 0.240385
0 0.119286 0.691106 0.058571 0.242788
0 0.149286 0.686298 0.058571 0.242788
0 0.184286 0.699519 0.054286 0.230769
0 0.212143 0.701923 0.055714 0.235577
0 0.242143 0.703125 0.052857 0.218750
0 0.261429 0.698317 0.057143 0.237981
0 0.292857 0.699519 0.060000 0.250000
0 0.325714 0.698317 0.057143 0.233173
0 0.360714 0.707933 0.055714 0.228365
0 0.382857 0.706731 0.051429 0.211538
0 0.411429 0.712740 0.054286 0.223558
0 0.445000 0.704327 0.052857 0.216346
0 0.478571 0.707933 0.054286 0.223558
0 0.506429 0.709135 0.052857 0.221154
0 0.539286 0.695913 0.064286 0.266827
0 0.569286 0.721154 0.047143 0.197115
0 0.597857 0.722356 0.050000 0.213942
0 0.625714 0.721154 0.051429 0.216346
0 0.647143 0.717548 0.051429 0.213942
0 0.679286 0.728365 0.052857 0.216346
0 0.707143 0.724760 0.048571 0.199519
0 0.738571 0.722356 0.051429 0.209135
0 0.762143 0.722356 0.050000 0.204327
0 0.797143 0.727163 0.045714 0.194712
0 0.831429 0.724760 0.051429 0.218750
0 0.858571 0.722356 0.051429 0.209135
0 0.968571 0.667067 0.062857 0.358173
0 0.901429 0.698317 0.057143 0.237981
0 0.925000 0.687500 0.061429 0.259615
0 0.959286 0.700721 0.064286 0.266827
0 0.812143 0.525240 0.024286 0.103365
0 0.832857 0.524038 0.028571 0.115385
0 0.846429 0.531250 0.027143 0.110577
0 0.855000 0.528846 0.021429 0.096154
0 0.090000 0.550481 0.037143 0.081731
0 0.128571 0.564904 0.025714 0.067308
0 0.195714 0.588942 0.022857 0.062500
0 0.230000 0.579327 0.020000 0.057692
0 0.885714 0.552885 0.074286 0.091346
