0 1.362500 0.400521 0.275000 0.480208
0 0.246875 0.303125 0.165625 0.270833
0 0.104688 0.273958 0.100000 0.164583
0 0.054688 0.267188 0.096875 0.161458
0 0.034375 0.256250 0.068750 0.166667
0 0.150000 0.264062 0.087500 0.144792
0 0.366406 0.243229 0.092188 0.148958
0 0.432812 0.243750 0.065625 0.108333
0 0.401562 0.237500 0.059375 0.100000
0 0.548438 0.246875 0.071875 0.120833
0 0.598437 0.238021 0.068750 0.111458
0 0.490625 0.216667 0.021875 0.039583
0 0.511719 0.215625 0.017188 0.027083
0 0.685937 0.242188 0.059375 0.096875
0 0.752344 0.250521 0.076563 0.128125
0 1.145312 0.238021 0.053125 0.086458
0 1.225000 0.228646 0.034375 0.055208
0 1.258594 0.222917 0.020313 0.033333
0 1.280469 0.225521 0.023438 0.038542
0 1.467188 0.236458 0.034375 0.056250
0 0.895312 0.223958 0.025000 0.043750
0 0.944531 0.218750 0.023438 0.037500
0 0.956250 0.219792 0.021875 0.039583
0 0.975781 0.210938 0.020313 0.032292
0 1.022656 0.220312 0.020313 0.032292
0 1.059375 0.220833 0.021875 0.039583
0 1.078125 0.222396 0.021875 0.038542
0 1.097656 0.222396 0.023438 0.040625
0 1.128125 0.219792 0.021875 0.035417
0 1.178125 0.223958 0.028125 0.045833
0 0.931250 0.218750 0.021875 0.035417
0 0.909375 0.219271 0.018750 0.032292
0 0.846094 0.219271 0.020313 0.036458
0 0.864844 0.214062 0.020313 0.036458
0 0.830469 0.215104 0.020313 0.032292
0 0.818750 0.218750 0.018750 0.033333
0 0.802344 0.214583 0.017188 0.031250
0 0.774219 0.219792 0.017188 0.031250
0 0.730469 0.214062 0.014063 0.021875
0 0.198437 0.197396 0.056250 0.059375
