0 0.084058 0.641753 0.095652 0.412371
0 0.154348 0.680412 0.120290 0.530928
0 0.331159 0.698454 0.114493 0.494845
0 0.400725 0.639175 0.088406 0.386598
0 0.452899 0.684278 0.111594 0.481959
0 0.618841 0.699742 0.115942 0.507732
0 0.792754 0.724227 0.127536 0.551546
0 0.848551 0.703608 0.097101 0.422680
0 0.549275 0.564433 0.043478 0.190722
0 0.039130 0.498711 0.069565 0.079897
0 0.231884 0.503866 0.139130 0.090206
0 0.937681 0.547680 0.124638 0.182990
0 0.705797 0.536082 0.121739 0.159794
0 0.578986 0.514175 0.050725 0.095361
