0 0.159167 0.372500 0.031667 0.115000
0 0.185833 0.383750 0.035000 0.127500
0 0.233333 0.361250 0.026667 0.097500
0 0.270000 0.341250 0.026667 0.097500
0 0.306667 0.342500 0.023333 0.095000
0 0.324167 0.346250 0.025000 0.092500
0 0.406667 0.517500 0.176667 0.645000
0 0.524167 0.571250 0.155000 0.572500
0 0.670000 0.321250 0.030000 0.112500
0 0.693333 0.322500 0.026667 0.100000
0 0.017500 0.103750 0.035000 0.092500
0 0.061667 0.063750 0.030000 0.092500
0 0.095833 0.058750 0.028333 0.087500
0 0.117500 0.045000 0.028333 0.080000
0 0.037500 0.072500 0.035000 0.120000
