0 0.919643 0.388393 0.154762 0.290179
0 1.116071 0.335938 0.089286 0.171875
0 1.032738 0.323661 0.059524 0.116071
0 0.413690 0.438616 0.190476 0.350446
0 0.357143 0.391741 0.148810 0.270089
0 0.494048 0.367188 0.101190 0.189732
0 0.553571 0.351562 0.089286 0.167411
0 0.870536 0.357143 0.092262 0.169643
0 0.029762 0.350446 0.059524 0.142857
0 0.065476 0.352679 0.065476 0.125000
0 0.101190 0.349330 0.065476 0.127232
0 0.166667 0.338170 0.065476 0.118304
0 0.220238 0.335938 0.059524 0.113839
0 0.257440 0.341518 0.062500 0.120536
0 0.721726 0.310268 0.229167 0.138393
