0 0.324490 0.674387 0.191837 0.623978
0 0.081633 0.775204 0.122449 0.405995
0 0.116327 0.704360 0.118367 0.395095
0 0.163265 0.664850 0.093878 0.310627
0 0.209184 0.711172 0.104082 0.348774
0 0.232653 0.606267 0.163265 0.531335
0 0.500000 0.664850 0.183673 0.599455
0 0.473469 0.810627 0.110204 0.367847
0 0.585714 0.783379 0.122449 0.400545
0 0.692857 0.652589 0.169388 0.553134
0 0.752041 0.764305 0.128571 0.427793
0 0.879592 0.803815 0.110204 0.365123
0 0.919388 0.622616 0.161224 0.727520
0 0.866327 0.607629 0.206122 0.675749
0 0.827551 0.539510 0.132653 0.430518
0 0.394898 0.516349 0.100000 0.335150
0 0.131633 0.440054 0.079592 0.155313
0 0.063265 0.420981 0.048980 0.166213
0 0.153061 0.363760 0.065306 0.138965
0 0.245918 0.391008 0.038776 0.073569
0 0.287755 0.370572 0.032653 0.070845
