0 0.156064 0.344000 0.133201 0.218667
0 0.303181 0.348000 0.101392 0.165333
0 0.387674 0.352667 0.079523 0.129333
0 0.498012 0.340000 0.137177 0.224000
0 0.566600 0.342667 0.103380 0.170667
0 0.821074 0.340667 0.143141 0.233333
0 0.976143 0.347333 0.075547 0.126667
0 1.034791 0.338000 0.101392 0.169333
0 1.114314 0.345333 0.129225 0.216000
0 1.171968 0.346000 0.085487 0.140000
0 1.238569 0.340000 0.095427 0.157333
0 1.380716 0.336000 0.129225 0.216000
0 1.220676 0.256000 0.139165 0.064000
0 1.312127 0.306000 0.079523 0.081333
