0 0.132609 0.227273 0.094203 0.311412
0 0.282609 0.146035 0.081159 0.264990
0 0.317391 0.275629 0.121739 0.400387
0 0.052174 0.754352 0.078261 0.255319
0 0.027536 0.721470 0.055072 0.197292
0 0.178261 0.782398 0.072464 0.234043
0 0.228261 0.774662 0.065217 0.210832
0 0.218116 0.673114 0.042029 0.143133
0 0.442029 0.672147 0.049275 0.164410
0 0.109420 0.631528 0.018841 0.063830
0 0.157246 0.624758 0.018841 0.061896
0 0.206522 0.624758 0.027536 0.092843
0 0.236957 0.631528 0.024638 0.079304
0 0.619565 0.778530 0.102899 0.334623
0 0.735507 0.780464 0.091304 0.299807
0 0.880435 0.761122 0.100000 0.330754
0 0.965217 0.639265 0.052174 0.168279
0 0.726812 0.707930 0.088406 0.294004
0 0.505797 0.181818 0.028986 0.092843
0 0.583333 0.172147 0.024638 0.081238
0 0.710145 0.267892 0.060870 0.199226
0 0.763768 0.272727 0.066667 0.220503
0 0.753623 0.203095 0.028986 0.092843
0 0.908696 0.282398 0.063768 0.212766
0 0.978261 0.257253 0.043478 0.189555
0 0.814493 0.187621 0.020290 0.073501
0 0.810145 0.111219 0.026087 0.090909
0 0.835507 0.094778 0.024638 0.081238
0 0.844203 0.113153 0.021739 0.071567
0 0.878986 0.109284 0.018841 0.067698
0 0.910870 0.110251 0.021739 0.073501
0 0.936232 0.109284 0.017391 0.059961
0 0.585507 0.653772 0.034783 0.088975
0 0.654348 0.629594 0.013043 0.032882
0 0.673188 0.649903 0.018841 0.081238
0 0.777536 0.644101 0.024638 0.088975
0 0.807971 0.640232 0.024638 0.058027
0 0.823913 0.641199 0.013043 0.067698
0 0.845652 0.621857 0.015942 0.025145
0 0.715942 0.144101 0.034783 0.059961
0 0.754348 0.138298 0.039130 0.056093
0 0.859420 0.180851 0.028986 0.052224
0 0.926087 0.178917 0.026087 0.056093
0 0.789855 0.027079 0.298551 0.054159
