0 0.111987 0.422921 0.223975 0.350913
0 0.247634 0.408722 0.179811 0.281947
0 0.219243 0.255578 0.072555 0.117647
0 0.373817 0.397566 0.141956 0.227181
0 0.488959 0.385396 0.107256 0.174442
0 0.580442 0.435091 0.227129 0.359026
0 0.673502 0.388438 0.097792 0.160243
0 0.720820 0.369168 0.072555 0.117647
0 0.782334 0.370183 0.056782 0.095335
0 0.952681 0.439148 0.233438 0.367140
0 0.880126 0.409736 0.145110 0.231237
0 1.097792 0.397566 0.119874 0.186613
0 1.195584 0.421907 0.145110 0.227181
0 1.285489 0.438134 0.179811 0.288032
0 1.359621 0.452333 0.227129 0.356998
0 1.449527 0.395538 0.104101 0.170385
0 1.518927 0.366126 0.066246 0.087221
0 0.755521 0.336714 0.059937 0.101420
