0 1.375940 0.560833 0.100251 0.165000
0 1.439850 0.549167 0.072682 0.118333
0 1.478697 0.534167 0.050125 0.115000
0 1.477444 0.540833 0.047619 0.081667
0 1.196742 0.557500 0.067669 0.111667
0 1.117794 0.567500 0.045113 0.078333
0 0.989975 0.554167 0.065163 0.105000
0 0.875940 0.544167 0.042607 0.068333
0 0.928571 0.550000 0.037594 0.063333
0 0.827068 0.543333 0.050125 0.080000
0 0.809524 0.540000 0.050125 0.083333
0 0.769424 0.528333 0.035088 0.056667
0 0.759398 0.534167 0.035088 0.058333
0 0.728070 0.545833 0.042607 0.075000
0 0.660401 0.537500 0.047619 0.078333
0 0.697995 0.529167 0.032581 0.055000
0 0.600251 0.535000 0.042607 0.070000
0 0.550125 0.547500 0.057644 0.098333
0 0.522556 0.543333 0.042607 0.070000
0 0.302005 0.537500 0.047619 0.081667
0 0.249373 0.528333 0.032581 0.056667
0 0.271930 0.534167 0.027569 0.048333
0 0.228070 0.519167 0.020050 0.035000
0 0.190476 0.520833 0.030075 0.051667
0 0.144110 0.532500 0.052632 0.091667
0 0.116541 0.539167 0.052632 0.091667
0 0.092732 0.525833 0.030075 0.051667
0 0.063910 0.525000 0.032581 0.053333
0 0.040100 0.526667 0.035088 0.056667
0 1.032581 0.461667 0.035088 0.033333
0 1.067669 0.459167 0.040100 0.028333
0 1.142857 0.463333 0.030075 0.026667
0 1.244361 0.460833 0.027569 0.021667
0 1.276942 0.475833 0.022556 0.035000
0 1.303258 0.487500 0.025063 0.035000
0 1.210526 0.452500 0.025063 0.028333
0 1.176692 0.446667 0.037594 0.020000
0 1.098997 0.427500 0.062657 0.025000
0 1.046366 0.427500 0.052632 0.025000
