0 0.008000 0.616732 0.016000 0.136187
0 0.025000 0.608949 0.026000 0.128405
0 0.041000 0.608949 0.026000 0.120623
0 0.056000 0.603113 0.024000 0.124514
0 0.079000 0.616732 0.022000 0.112840
0 0.100000 0.614786 0.024000 0.124514
0 0.116000 0.618677 0.024000 0.124514
0 0.129000 0.622568 0.026000 0.124514
0 0.168000 0.622568 0.020000 0.093385
0 0.175000 0.618677 0.022000 0.116732
0 0.191000 0.628405 0.018000 0.089494
0 0.244000 0.612840 0.020000 0.097276
0 0.322000 0.741245 0.052000 0.252918
0 0.373000 0.768482 0.038000 0.182879
0 0.563000 0.729572 0.050000 0.245136
0 0.534000 0.733463 0.048000 0.229572
0 0.505000 0.721790 0.046000 0.229572
0 0.482000 0.752918 0.040000 0.190661
0 0.208000 0.558366 0.016000 0.073930
0 0.331000 0.589494 0.018000 0.097276
0 0.346000 0.591440 0.020000 0.101167
0 0.407000 0.583658 0.018000 0.085603
0 0.391000 0.571984 0.018000 0.093385
0 0.362000 0.601167 0.020000 0.105058
0 0.440000 0.620623 0.016000 0.089494
0 0.455000 0.608949 0.014000 0.073930
0 0.468000 0.614786 0.016000 0.085603
0 0.271000 0.665370 0.030000 0.140078
0 0.291000 0.645914 0.022000 0.116732
0 0.281000 0.610895 0.018000 0.085603
0 0.453000 0.690661 0.030000 0.112840
0 0.281000 0.424125 0.074000 0.077821
0 0.414000 0.373541 0.060000 0.077821
