0 0.168000 0.313333 0.108000 0.354667
0 0.216000 0.301333 0.116000 0.378667
0 0.269000 0.285333 0.126000 0.410667
0 0.407000 0.256000 0.138000 0.458667
0 0.950000 0.285333 0.100000 0.410667
0 0.860000 0.306667 0.116000 0.378667
0 0.783000 0.313333 0.106000 0.354667
0 0.736000 0.304000 0.080000 0.266667
0 0.721000 0.286667 0.078000 0.253333
0 0.699000 0.282667 0.070000 0.234667
0 0.219000 0.781333 0.106000 0.352000
0 0.255000 0.782667 0.130000 0.424000
0 0.326000 0.774667 0.132000 0.434667
0 0.375000 0.764000 0.142000 0.461333
0 0.433000 0.784000 0.130000 0.421333
0 0.569000 0.764000 0.142000 0.461333
0 0.619000 0.772000 0.098000 0.317333
0 0.665000 0.784000 0.126000 0.416000
0 0.746000 0.792000 0.112000 0.362667
0 0.816000 0.766667 0.108000 0.354667
0 0.964000 0.782667 0.072000 0.290667
0 0.814000 0.181333 0.036000 0.058667
0 0.065000 0.257333 0.102000 0.456000
0 0.140000 0.273333 0.060000 0.370667
