0 0.056667 0.531157 0.066667 0.290801
0 0.120000 0.495549 0.060000 0.261128
0 0.144167 0.482196 0.051667 0.222552
0 0.195000 0.734421 0.116667 0.513353
0 0.249167 0.642433 0.095000 0.418398
0 0.610000 0.729970 0.120000 0.522255
0 0.572500 0.649852 0.088333 0.391691
0 0.526667 0.593472 0.066667 0.290801
0 0.698333 0.523739 0.050000 0.228487
0 0.730833 0.551929 0.061667 0.272997
0 0.772500 0.583086 0.075000 0.335312
0 0.852500 0.667656 0.098333 0.427300
0 0.942500 0.541543 0.058333 0.258160
0 0.950000 0.737389 0.100000 0.513353
0 0.869167 0.507418 0.051667 0.231454
0 0.839167 0.485163 0.051667 0.228487
0 0.285833 0.419881 0.025000 0.050445
0 0.503333 0.439169 0.020000 0.053412
0 0.498333 0.399110 0.023333 0.044510
0 0.668333 0.416914 0.026667 0.044510
