0 0.135714 0.527491 0.089610 0.295533
0 0.185065 0.504296 0.068831 0.225086
0 0.275325 0.513746 0.072727 0.237113
0 0.305844 0.517182 0.089610 0.292096
0 0.426623 0.510309 0.087013 0.285223
0 0.496104 0.511168 0.093506 0.307560
0 0.550649 0.499141 0.070130 0.231959
0 0.637662 0.500000 0.093506 0.302405
0 0.396104 0.493986 0.072727 0.235395
0 0.694156 0.502577 0.094805 0.307560
0 0.799351 0.506014 0.079221 0.256014
0 0.842857 0.481100 0.070130 0.230241
0 0.731169 0.487973 0.072727 0.237113
0 0.883766 0.493986 0.071429 0.231959
0 0.970779 0.482818 0.058442 0.206186
0 0.950649 0.470790 0.062338 0.202749
0 0.767532 0.400344 0.025974 0.054983
0 0.927273 0.384880 0.025974 0.051546
0 0.601299 0.387457 0.041558 0.053265
