0 0.123333 0.502513 0.166667 0.613065
0 0.160000 0.625628 0.133333 0.507538
0 0.311667 0.454774 0.130000 0.477387
0 0.386667 0.424623 0.120000 0.457286
0 0.630000 0.497487 0.140000 0.512563
0 0.935000 0.510050 0.043333 0.155779
0 0.525000 0.261307 0.050000 0.190955
0 0.486667 0.228643 0.040000 0.165829
0 0.603333 0.261307 0.053333 0.211055
0 0.641667 0.263819 0.056667 0.206030
0 0.305000 0.713568 0.183333 0.391960
0 0.448333 0.824121 0.143333 0.351759
0 0.573333 0.690955 0.153333 0.487437
0 0.498333 0.517588 0.096667 0.261307
0 0.288333 0.479899 0.083333 0.175879
0 0.505000 0.346734 0.070000 0.140704
0 0.581667 0.341709 0.063333 0.160804
0 0.690000 0.389447 0.060000 0.226131
0 0.926667 0.738693 0.106667 0.190955
0 0.705000 0.278894 0.050000 0.125628
0 0.695000 0.185930 0.050000 0.070352
0 0.566667 0.246231 0.046667 0.110553
