0 0.048722 0.443617 0.071885 0.119149
0 0.105431 0.444681 0.079872 0.129787
0 0.140575 0.450532 0.070288 0.118085
0 0.217252 0.445745 0.083067 0.134043
0 0.186102 0.445213 0.078275 0.130851
0 0.258786 0.447340 0.079872 0.132979
0 0.291534 0.442021 0.087859 0.145745
0 0.317891 0.448404 0.079872 0.128723
0 0.361821 0.448936 0.084665 0.138298
0 0.405751 0.450000 0.083067 0.138298
0 0.454473 0.451596 0.078275 0.130851
0 0.482428 0.448936 0.083067 0.136170
0 0.637380 0.453191 0.089457 0.144681
0 0.682109 0.453723 0.089457 0.145745
0 0.738818 0.452660 0.084665 0.141489
0 0.792332 0.450532 0.092652 0.154255
0 0.839457 0.452128 0.094249 0.153191
0 0.888978 0.452660 0.094249 0.152128
0 0.586262 0.447340 0.086262 0.141489
0 0.986422 0.447340 0.100639 0.162766
0 1.039936 0.452128 0.099042 0.161702
0 1.085463 0.452128 0.100639 0.163830
0 1.174920 0.453723 0.100639 0.162766
0 1.237220 0.453723 0.103834 0.171277
0 1.289137 0.454787 0.105431 0.171277
0 1.326677 0.452660 0.107029 0.173404
0 1.391374 0.452128 0.111821 0.182979
0 1.450479 0.455851 0.102236 0.181915
0 1.012780 0.378723 0.028754 0.025532
0 1.271565 0.377660 0.028754 0.029787
