0 1.201777 0.392727 0.144670 0.258182
0 1.321066 0.378182 0.093909 0.163636
0 1.281726 0.361818 0.071066 0.123636
0 1.140863 0.344545 0.043147 0.081818
0 1.110406 0.344545 0.048223 0.085455
0 1.087563 0.369091 0.073604 0.130909
0 1.003807 0.375455 0.104061 0.187273
0 0.892132 0.366364 0.088832 0.154545
0 0.837563 0.402727 0.147208 0.260000
0 0.729695 0.373636 0.083756 0.150909
0 0.761421 0.359091 0.055838 0.103636
0 0.620558 0.392727 0.109137 0.192727
0 0.532995 0.478182 0.208122 0.363636
0 0.470812 0.426364 0.144670 0.256364
0 0.390863 0.354545 0.071066 0.127273
0 0.255076 0.349091 0.043147 0.080000
0 0.194162 0.408182 0.119289 0.209091
0 0.139594 0.376364 0.096447 0.167273
0 0.064721 0.347273 0.068528 0.120000
