0 0.041429 0.693133 0.082857 0.313305
0 0.145714 0.699571 0.080000 0.291845
0 0.187143 0.671674 0.128571 0.467811
0 0.270000 0.663090 0.105714 0.399142
0 0.314286 0.660944 0.097143 0.369099
0 0.395714 0.660944 0.134286 0.489270
0 0.424286 0.658798 0.088571 0.339056
0 0.527143 0.673820 0.082857 0.300429
0 0.577143 0.641631 0.137143 0.502146
0 0.691429 0.613734 0.148571 0.549356
0 0.961429 0.628755 0.077143 0.339056
0 0.762857 0.476395 0.068571 0.223176
0 0.808571 0.484979 0.085714 0.403433
0 0.854286 0.489270 0.114286 0.515021
0 0.932857 0.480687 0.071429 0.343348
0 0.968571 0.489270 0.057143 0.429185
