0 0.734257 0.494167 0.133501 0.218333
0 0.885390 0.505833 0.068010 0.111667
0 0.996222 0.504167 0.083123 0.135000
0 1.052897 0.506667 0.080605 0.133333
0 1.079345 0.507500 0.088161 0.148333
0 1.254408 0.505833 0.100756 0.161667
0 1.410579 0.494167 0.120907 0.198333
0 0.511335 0.513333 0.110831 0.183333
0 0.672544 0.514167 0.015113 0.028333
0 0.474811 0.507500 0.108312 0.178333
0 0.440806 0.502500 0.100756 0.165000
0 0.400504 0.509167 0.085642 0.141667
0 0.358942 0.515833 0.073048 0.121667
0 0.298489 0.510833 0.083123 0.138333
0 0.224181 0.512500 0.125945 0.205000
0 0.193955 0.511667 0.115869 0.193333
0 0.163728 0.501667 0.120907 0.196667
0 0.054156 0.517500 0.032746 0.025000
