0 0.455397 0.487000 0.132684 0.216000
0 0.640555 0.456250 0.114693 0.186500
0 0.686657 0.475750 0.136432 0.223500
0 0.758996 0.471000 0.110195 0.181000
0 0.829085 0.496500 0.134933 0.221000
0 0.863943 0.477000 0.110195 0.179000
0 0.890180 0.421750 0.066717 0.109500
0 0.921664 0.435750 0.074213 0.122500
0 0.987256 0.438250 0.074963 0.123500
0 1.020615 0.429750 0.063718 0.104500
0 1.082459 0.492000 0.134933 0.221000
0 1.169415 0.415250 0.056972 0.094500
0 1.290105 0.401500 0.034483 0.056000
0 1.261994 0.399000 0.026237 0.043000
0 1.233883 0.404000 0.034483 0.058000
0 1.205022 0.406250 0.033733 0.055500
0 1.147676 0.404750 0.043478 0.070500
0 1.117691 0.424250 0.053973 0.088500
0 0.841454 0.376750 0.039730 0.025500
0 1.003373 0.384750 0.017241 0.016500
0 1.031859 0.374500 0.020240 0.016000
0 1.051349 0.382750 0.027736 0.023500
0 0.996627 0.374750 0.012744 0.011500
0 1.133433 0.374750 0.013493 0.011500
0 1.100450 0.381750 0.022489 0.025500
0 1.254123 0.374500 0.010495 0.015000
0 1.275862 0.375250 0.010495 0.010500
