0 0.136667 0.743088 0.061667 0.211982
0 0.184167 0.736751 0.056667 0.192396
0 0.101667 0.700461 0.035000 0.122120
0 0.049583 0.701037 0.030833 0.107143
0 0.477917 0.726959 0.047500 0.161290
0 0.516250 0.718894 0.050833 0.170507
0 0.693333 0.707949 0.025000 0.088710
0 0.735000 0.707949 0.028333 0.095622
0 0.117500 0.705069 0.033333 0.112903
0 0.222500 0.694124 0.030000 0.100230
0 0.229167 0.701037 0.023333 0.079493
0 0.241250 0.699309 0.024167 0.082949
0 0.255000 0.690668 0.025000 0.088710
0 0.272500 0.691820 0.030000 0.100230
0 0.305833 0.702189 0.028333 0.095622
0 0.349583 0.697005 0.022500 0.076037
0 0.362083 0.703341 0.025833 0.088710
0 0.373750 0.703917 0.029167 0.099078
0 0.437083 0.714862 0.032500 0.111751
0 0.455833 0.717166 0.028333 0.095622
0 0.552917 0.703341 0.027500 0.095622
0 0.562917 0.706221 0.027500 0.092166
0 0.757917 0.715438 0.025833 0.087558
0 0.792500 0.697005 0.018333 0.064516
0 0.804583 0.723502 0.019167 0.066820
0 0.825000 0.716590 0.028333 0.094470
0 0.838750 0.710253 0.029167 0.097926
0 0.857917 0.725230 0.024167 0.081797
0 0.885833 0.748848 0.046667 0.156682
0 0.915000 0.741935 0.055000 0.186636
0 0.860417 0.702765 0.022500 0.076037
0 0.398750 0.718894 0.044167 0.152074
0 0.110000 0.099654 0.033333 0.109447
