0 0.087500 0.297000 0.175000 0.298000
0 0.232813 0.337000 0.246875 0.386000
0 0.400000 0.325000 0.181250 0.282000
0 0.529687 0.308000 0.146875 0.228000
0 0.657813 0.303000 0.165625 0.262000
0 0.732812 0.302000 0.153125 0.244000
0 0.484375 0.298000 0.112500 0.180000
0 0.837500 0.310000 0.131250 0.204000
0 0.837500 0.336000 0.106250 0.164000
0 0.940625 0.320000 0.112500 0.176000
0 1.000000 0.309000 0.112500 0.182000
0 1.043750 0.321000 0.093750 0.146000
0 1.089063 0.331000 0.084375 0.138000
0 1.156250 0.322000 0.087500 0.136000
0 1.198438 0.321000 0.096875 0.158000
0 1.239062 0.326000 0.090625 0.140000
0 1.303125 0.330000 0.093750 0.148000
0 1.339063 0.340000 0.090625 0.140000
0 1.432813 0.345000 0.096875 0.154000
0 1.529688 0.368000 0.065625 0.116000
0 1.404688 0.351000 0.078125 0.126000
0 1.465625 0.328000 0.087500 0.144000
