0 0.928986 0.751157 0.121739 0.479167
0 0.768116 0.756944 0.121739 0.476852
0 0.677536 0.748843 0.123188 0.483796
0 0.589130 0.652778 0.036232 0.143519
0 0.468841 0.631944 0.024638 0.097222
0 0.450725 0.638889 0.028986 0.120370
0 0.376087 0.626157 0.021739 0.090278
0 0.417391 0.642361 0.028986 0.118056
0 0.439130 0.637731 0.026087 0.104167
0 0.290580 0.751157 0.100000 0.391204
0 0.236957 0.759259 0.053623 0.212963
0 0.149275 0.738426 0.081159 0.314815
0 0.205072 0.660880 0.033333 0.136574
0 0.055797 0.775463 0.094203 0.365741
0 0.075362 0.741898 0.081159 0.317130
0 0.252174 0.689815 0.055072 0.222222
0 0.223188 0.646991 0.026087 0.104167
0 0.346377 0.608796 0.011594 0.050926
0 0.310145 0.607639 0.011594 0.043981
0 0.324638 0.598380 0.005797 0.030093
0 0.331159 0.599537 0.007246 0.027778
