0 0.067391 0.550847 0.027536 0.113801
0 0.053623 0.553269 0.026087 0.108959
0 0.034783 0.546005 0.031884 0.128329
0 0.101449 0.631961 0.072464 0.295400
0 0.257971 0.636804 0.060870 0.256659
0 0.290580 0.518160 0.013043 0.053269
0 0.297101 0.513317 0.011594 0.048426
0 0.345652 0.526634 0.013043 0.055690
0 0.398551 0.558111 0.037681 0.157385
0 0.417391 0.536320 0.017391 0.075061
0 0.426087 0.538741 0.017391 0.075061
0 0.471739 0.567797 0.039130 0.157385
0 0.494203 0.566586 0.037681 0.159806
0 0.564493 0.552058 0.027536 0.116223
0 0.518116 0.544794 0.024638 0.101695
0 0.589130 0.556901 0.027536 0.121065
0 0.618841 0.566586 0.034783 0.140436
0 0.633333 0.566586 0.031884 0.135593
0 0.671739 0.559322 0.036232 0.154964
0 0.694203 0.573850 0.037681 0.159806
0 0.712319 0.577482 0.039130 0.157385
0 0.723913 0.575061 0.044928 0.181598
0 0.742029 0.582324 0.043478 0.176755
0 0.781159 0.630751 0.063768 0.259080
0 0.817391 0.582324 0.052174 0.210654
0 0.854348 0.606538 0.047826 0.196126
0 0.872464 0.564165 0.031884 0.130751
0 0.901449 0.585956 0.049275 0.208232
0 0.963043 0.606538 0.050725 0.210654
0 0.981884 0.569007 0.036232 0.159806
0 0.026087 0.588378 0.052174 0.077482
0 0.772464 0.509685 0.020290 0.046005
