0 0.156000 0.608108 0.112000 0.417417
0 0.108000 0.713213 0.044000 0.165165
0 0.068000 0.768769 0.044000 0.168168
0 0.201000 0.722222 0.046000 0.171171
0 0.166000 0.741742 0.036000 0.138138
0 0.241000 0.645646 0.066000 0.246246
0 0.311000 0.636637 0.086000 0.324324
0 0.515000 0.659159 0.062000 0.231231
0 0.537000 0.626126 0.074000 0.273273
0 0.620000 0.608108 0.084000 0.309309
0 0.753000 0.597598 0.138000 0.510511
0 0.708000 0.608108 0.080000 0.303303
0 0.787000 0.618619 0.078000 0.288288
0 0.835000 0.623123 0.078000 0.291291
0 0.854000 0.575075 0.140000 0.519520
0 0.904000 0.590090 0.128000 0.471471
0 0.938000 0.578078 0.100000 0.369369
