0 0.262172 0.347500 0.067416 0.115000
0 0.106742 0.347500 0.056180 0.095000
0 0.470037 0.350000 0.048689 0.085000
0 0.516854 0.353750 0.044944 0.082500
0 0.859551 0.315000 0.265918 0.435000
0 1.048689 0.356250 0.037453 0.067500
0 1.069288 0.357500 0.048689 0.080000
0 1.136704 0.347500 0.056180 0.100000
0 1.164794 0.351250 0.044944 0.072500
0 1.213483 0.348750 0.059925 0.097500
0 1.241573 0.355000 0.033708 0.055000
0 1.286517 0.327500 0.056180 0.095000
0 1.265918 0.347500 0.029963 0.055000
0 1.009363 0.360000 0.011236 0.020000
0 0.994382 0.353750 0.011236 0.022500
0 0.168539 0.360000 0.097378 0.080000
0 0.074906 0.362500 0.149813 0.130000
0 0.885768 0.252500 0.176030 0.095000
0 0.872659 0.307500 0.127341 0.055000
0 0.928839 0.345000 0.202247 0.110000
0 1.440075 0.366250 0.063670 0.062500
0 1.338951 0.360000 0.056180 0.060000
0 1.020599 0.360000 0.026217 0.020000
