0 0.046250 0.366667 0.092500 0.230000
0 0.150000 0.341667 0.135000 0.223333
0 0.220000 0.345833 0.125000 0.201667
0 0.341250 0.425000 0.272500 0.446667
0 0.472500 0.382500 0.250000 0.411667
0 0.677500 0.414167 0.295000 0.478333
0 0.986250 0.406667 0.307500 0.500000
0 0.810000 0.343333 0.140000 0.226667
0 1.365000 0.435833 0.270000 0.455000
0 1.267500 0.413333 0.300000 0.486667
0 0.271250 0.276667 0.037500 0.033333
0 0.542500 0.267500 0.120000 0.115000
0 0.597500 0.231667 0.085000 0.150000
0 1.176250 0.306667 0.167500 0.286667
0 1.443750 0.305833 0.112500 0.291667
0 0.758750 0.261667 0.032500 0.030000
