0 0.141071 0.250000 0.075000 0.263819
0 0.205357 0.224874 0.050000 0.178392
0 0.229464 0.241206 0.044643 0.150754
0 0.251786 0.217337 0.057143 0.198492
0 0.297321 0.422111 0.091071 0.321608
0 0.345536 0.248744 0.055357 0.195980
0 0.397321 0.276382 0.055357 0.195980
0 0.408929 0.241206 0.057143 0.201005
0 0.442857 0.302764 0.039286 0.133166
0 0.203571 0.714824 0.150000 0.520101
0 0.664286 0.604271 0.110714 0.389447
0 0.472321 0.305276 0.041071 0.143216
0 0.510714 0.310302 0.042857 0.153266
0 0.539286 0.335427 0.035714 0.128141
0 0.562500 0.339196 0.039286 0.140704
0 0.582143 0.358040 0.039286 0.138191
0 0.600000 0.361809 0.035714 0.125628
0 0.623214 0.379397 0.039286 0.140704
0 0.636607 0.390704 0.037500 0.138191
0 0.651786 0.391960 0.042857 0.150754
0 0.709821 0.443467 0.041071 0.143216
0 0.734821 0.462312 0.048214 0.165829
0 0.766071 0.472362 0.092857 0.326633
0 0.805357 0.497487 0.050000 0.170854
0 0.827679 0.500000 0.055357 0.190955
0 0.851786 0.528894 0.050000 0.178392
0 0.875893 0.552764 0.058929 0.211055
0 0.922321 0.591709 0.048214 0.173367
0 0.953571 0.585427 0.067857 0.241206
0 0.943750 0.859296 0.101786 0.256281
0 0.858036 0.860553 0.123214 0.258794
0 0.787500 0.871859 0.192857 0.241206
0 0.501786 0.810302 0.153571 0.359296
0 0.258036 0.909548 0.101786 0.160804
0 0.021429 0.466080 0.042857 0.178392
0 0.486607 0.243719 0.019643 0.080402
0 0.509821 0.242462 0.019643 0.052764
0 0.551786 0.257538 0.032143 0.052764
0 0.575000 0.257538 0.014286 0.052764
0 0.591071 0.266332 0.017857 0.060302
0 0.607143 0.285176 0.021429 0.047739
0 0.680357 0.267588 0.053571 0.168342
0 0.676786 0.363065 0.014286 0.092965
0 0.695536 0.366834 0.026786 0.070352
0 0.766071 0.293970 0.053571 0.115578
0 0.927679 0.512563 0.041071 0.090452
0 0.962500 0.615578 0.064286 0.286432
