0 0.140000 0.536250 0.153333 0.282500
0 0.265000 0.561250 0.163333 0.297500
0 0.430000 0.572500 0.180000 0.335000
0 0.621667 0.588750 0.163333 0.307500
0 0.873333 0.570000 0.173333 0.325000
0 1.155000 0.552500 0.150000 0.280000
0 1.258333 0.522500 0.143333 0.260000
0 1.006667 0.490000 0.080000 0.155000
0 0.923333 0.398750 0.040000 0.077500
0 0.526667 0.406250 0.046667 0.087500
0 0.511667 0.456250 0.110000 0.082500
0 0.788333 0.472500 0.076667 0.110000
0 0.808333 0.391250 0.056667 0.067500
0 1.021667 0.373750 0.070000 0.062500
0 1.206667 0.395000 0.080000 0.065000
0 0.026667 0.526250 0.046667 0.177500
0 0.261667 0.381250 0.516667 0.127500
0 0.725000 0.385000 0.410000 0.135000
0 1.116667 0.388750 0.386667 0.142500
