0 0.056624 0.195869 0.113248 0.226496
0 0.130342 0.199430 0.136752 0.222222
0 0.237179 0.200142 0.132479 0.215100
0 0.353632 0.188746 0.113248 0.186610
0 0.430556 0.183761 0.121795 0.199430
0 0.519231 0.191595 0.123932 0.203704
0 0.705128 0.220085 0.226496 0.371795
0 0.870726 0.230769 0.160256 0.264957
0 0.943376 0.232906 0.117521 0.195157
0 1.205128 0.227920 0.119658 0.193732
0 1.289530 0.255698 0.108974 0.180912
0 1.364316 0.234330 0.104701 0.172365
0 1.432692 0.237892 0.108974 0.176638
0 1.256410 0.221510 0.102564 0.166667
0 0.012821 0.099715 0.025641 0.079772
0 0.142094 0.102564 0.087607 0.068376
0 0.196581 0.143875 0.072650 0.108262
0 0.323718 0.116097 0.040598 0.066952
0 0.337607 0.241453 0.094017 0.118234
0 0.415598 0.236467 0.100427 0.094017
0 0.572650 0.183761 0.047009 0.091168
0 0.524573 0.217236 0.057692 0.044160
0 0.613248 0.262821 0.094017 0.141026
0 0.641026 0.175214 0.081197 0.079772
0 0.850427 0.127493 0.042735 0.044160
0 0.789530 0.330484 0.822650 0.498575
0 0.342949 0.396011 0.540598 0.387464
0 1.457265 0.276353 0.081197 0.170940
