0 0.290780 0.428000 0.035461 0.048000
0 0.310284 0.422000 0.017730 0.032000
0 0.320922 0.417000 0.024823 0.038000
0 0.269504 0.419000 0.014184 0.018000
0 0.030142 0.427000 0.024823 0.038000
0 0.051418 0.430000 0.024823 0.040000
0 0.070922 0.423000 0.028369 0.046000
0 0.086879 0.427000 0.024823 0.034000
0 0.109929 0.422000 0.028369 0.044000
0 0.239362 0.421000 0.024823 0.034000
0 0.216312 0.418000 0.028369 0.040000
0 0.439716 0.460000 0.070922 0.100000
0 0.496454 0.449000 0.085106 0.118000
0 0.531915 0.459000 0.078014 0.114000
0 0.565603 0.451000 0.074468 0.110000
0 0.617021 0.466000 0.078014 0.108000
0 0.663121 0.461000 0.078014 0.110000
0 0.698582 0.468000 0.070922 0.096000
0 0.760638 0.460000 0.081560 0.112000
0 0.801418 0.458000 0.085106 0.120000
0 0.859929 0.458000 0.081560 0.116000
0 0.914894 0.458000 0.085106 0.120000
0 0.962766 0.457000 0.088652 0.122000
0 1.173759 0.469000 0.092199 0.130000
0 1.716312 0.485000 0.106383 0.146000
0 0.184397 0.468000 0.141844 0.184000
0 1.001773 0.422000 0.039007 0.048000
0 1.051418 0.422000 0.074468 0.056000
0 1.040780 0.404000 0.039007 0.020000
0 1.122340 0.418000 0.060284 0.052000
0 1.203901 0.463000 0.074468 0.138000
0 0.466312 0.408000 0.031915 0.024000
