0 0.058224 0.790161 0.066958 0.226908
0 0.106987 0.748996 0.062591 0.208835
0 0.131004 0.777108 0.055313 0.192771
0 0.194323 0.791165 0.053857 0.188755
0 0.242358 0.761044 0.085881 0.289157
0 0.184862 0.881526 0.064047 0.220884
0 0.300582 0.796185 0.068413 0.234940
0 0.433042 0.740964 0.050946 0.176707
0 0.473799 0.783133 0.071325 0.240964
0 0.514556 0.739960 0.053857 0.186747
0 0.556769 0.711847 0.048035 0.162651
0 0.603348 0.814257 0.065502 0.226908
0 0.636099 0.733936 0.066958 0.230924
0 0.653566 0.747992 0.052402 0.178715
0 0.707424 0.771084 0.066958 0.232932
0 0.751092 0.861446 0.066958 0.232932
0 0.803493 0.802209 0.049491 0.170683
0 0.850801 0.755020 0.059680 0.200803
0 0.883552 0.782129 0.069869 0.234940
0 0.906114 0.701807 0.065502 0.218876
0 0.947598 0.828313 0.058224 0.198795
0 0.759825 0.712851 0.037846 0.132530
0 0.798399 0.710843 0.045124 0.152610
0 0.067686 0.670683 0.036390 0.068273
0 0.018923 0.690763 0.026201 0.088353
0 0.042940 0.866466 0.071325 0.242972
0 0.093159 0.689759 0.049491 0.114458
0 0.211063 0.729920 0.052402 0.170683
0 0.304949 0.682731 0.042213 0.104418
0 0.449054 0.703815 0.045124 0.106426
0 0.472344 0.673695 0.030568 0.066265
0 0.577875 0.695783 0.049491 0.130522
0 0.604803 0.671687 0.050946 0.094378
0 0.698690 0.655622 0.037846 0.078313
0 0.671033 0.617470 0.026201 0.062249
0 0.836245 0.662651 0.030568 0.092369
0 0.868996 0.651606 0.032023 0.062249
0 0.954876 0.770080 0.078603 0.251004
0 0.794760 0.943775 0.084425 0.088353
0 0.536390 0.944779 0.094614 0.090361
