0 0.084687 0.387568 0.126682 0.214905
0 0.174710 0.441214 0.197216 0.333762
0 0.325986 0.370061 0.117401 0.199165
0 0.374246 0.373916 0.121114 0.205589
0 0.450812 0.390138 0.130394 0.220687
0 0.535035 0.400096 0.170766 0.288146
0 0.615081 0.424028 0.183295 0.309669
0 0.691879 0.418889 0.220882 0.372631
0 0.752900 0.350787 0.078422 0.133633
0 0.795128 0.371025 0.106265 0.179891
0 0.824130 0.343559 0.090023 0.153228
0 0.907193 0.367331 0.111369 0.188564
0 0.952436 0.365724 0.135035 0.228397
0 1.040603 0.348860 0.107193 0.181176
0 1.071926 0.369900 0.128074 0.216190
0 1.157077 0.359460 0.090487 0.152907
0 1.194896 0.338741 0.086311 0.145519
0 1.227146 0.339062 0.086775 0.147446
0 1.297912 0.347575 0.090951 0.153550
0 1.347564 0.370061 0.120650 0.203662
0 0.028538 0.407003 0.057077 0.177321
0 0.033411 0.348057 0.037123 0.053004
0 0.221810 0.390620 0.131787 0.209444
0 0.212993 0.372631 0.103016 0.215869
0 0.486079 0.370543 0.089559 0.193704
0 0.507193 0.304048 0.073318 0.050434
0 0.615777 0.284452 0.069606 0.045294
0 0.718097 0.287665 0.034803 0.033730
0 0.743852 0.286862 0.034339 0.020559
0 0.834339 0.286540 0.028770 0.019916
0 0.853596 0.287183 0.032019 0.028269
0 0.873550 0.296338 0.037587 0.031802
0 0.878190 0.274494 0.024594 0.017668
0 0.922506 0.280116 0.025058 0.023129
0 0.986311 0.279313 0.040371 0.038227
0 1.009745 0.273209 0.029698 0.020880
0 1.092343 0.359621 0.087239 0.205911
0 1.103712 0.320430 0.070998 0.116608
0 1.108817 0.281240 0.032947 0.033730
0 1.118097 0.277546 0.018097 0.021844
0 1.131787 0.281561 0.035267 0.035014
0 1.124594 0.311757 0.044084 0.054931
0 1.273086 0.305814 0.034803 0.109219
0 1.254524 0.284292 0.021810 0.035978
0 1.245012 0.276421 0.020418 0.024735
0 1.313225 0.271764 0.021346 0.029553
0 1.151044 0.278991 0.025522 0.023450
0 1.169374 0.277706 0.042691 0.029875
