0 0.275362 0.434951 0.049275 0.163107
0 0.390580 0.437864 0.097101 0.320388
0 0.507246 0.467961 0.075362 0.244660
0 0.526812 0.443689 0.053623 0.176699
0 0.574638 0.449515 0.059420 0.200000
0 0.606522 0.457282 0.042029 0.141748
0 0.834783 0.469903 0.040580 0.135922
0 0.811594 0.459223 0.026087 0.083495
0 0.978986 0.477670 0.027536 0.089320
0 0.963768 0.471845 0.023188 0.081553
0 0.934783 0.483495 0.026087 0.085437
0 0.907971 0.472816 0.021739 0.075728
0 0.881884 0.474757 0.021739 0.071845
0 0.869565 0.471845 0.020290 0.069903
0 0.855072 0.475728 0.017391 0.062136
0 0.784783 0.480583 0.030435 0.052427
0 0.764493 0.479612 0.018841 0.042718
0 0.744203 0.483495 0.033333 0.034951
0 0.251449 0.424272 0.030435 0.095146
0 0.665217 0.454369 0.092754 0.042718
0 0.550000 0.451456 0.036232 0.029126
0 0.454348 0.445631 0.065217 0.029126
0 0.180435 0.428155 0.117391 0.036893
