0 0.056897 0.537773 0.113793 0.347913
0 0.174138 0.527833 0.100000 0.288270
0 0.242241 0.509940 0.081034 0.232604
0 0.296552 0.493042 0.072414 0.202783
0 0.406897 0.516899 0.096552 0.274354
0 0.574138 0.613320 0.172414 0.487078
0 0.879310 0.579523 0.134483 0.379722
0 0.755172 0.538767 0.100000 0.286282
0 0.675862 0.554672 0.065517 0.182903
0 0.962931 0.533797 0.074138 0.292247
0 0.115517 0.428429 0.072414 0.137177
0 0.083621 0.427435 0.050000 0.091451
0 0.231897 0.376740 0.070690 0.065606
0 0.214655 0.421471 0.053448 0.067594
0 0.391379 0.371769 0.062069 0.091451
0 0.347414 0.416501 0.067241 0.093439
0 0.354310 0.463221 0.032759 0.063618
0 0.469828 0.540755 0.132759 0.298211
0 0.621552 0.424453 0.060345 0.129225
0 0.663793 0.378728 0.062069 0.085487
0 0.665517 0.419483 0.058621 0.087475
0 0.700862 0.483101 0.050000 0.155070
0 0.764655 0.367793 0.043103 0.047714
0 0.796552 0.343936 0.055172 0.079523
0 0.786207 0.441352 0.051724 0.143141
0 0.827586 0.427435 0.055172 0.051690
0 0.918103 0.402584 0.053448 0.137177
0 0.898276 0.396620 0.044828 0.089463
0 0.962931 0.361829 0.043103 0.071571
0 0.927586 0.338966 0.048276 0.057654
