0 0.069495 0.546875 0.138989 0.507212
0 0.411552 0.540865 0.155235 0.504808
0 0.313177 0.539663 0.138989 0.454327
0 0.132671 0.429087 0.110108 0.262019
0 0.227437 0.420673 0.097473 0.264423
0 0.111011 0.701923 0.142599 0.360577
0 0.212996 0.687500 0.137184 0.346154
0 0.332130 0.706731 0.144404 0.375000
0 0.420578 0.681490 0.111913 0.353365
0 0.516245 0.682692 0.111913 0.375000
0 0.587545 0.670673 0.092058 0.350962
0 0.665162 0.685096 0.099278 0.379808
0 0.755415 0.694712 0.117329 0.365385
0 0.831227 0.707933 0.131769 0.338942
0 0.932310 0.688702 0.128159 0.391827
0 0.944946 0.403846 0.106498 0.326923
0 0.925090 0.453125 0.092058 0.228365
0 0.855596 0.450721 0.068592 0.213942
0 0.828520 0.364183 0.043321 0.093750
0 0.787906 0.443510 0.095668 0.218750
0 0.760830 0.355769 0.088448 0.134615
0 0.695848 0.438702 0.113718 0.185096
0 0.674188 0.385817 0.070397 0.146635
0 0.601083 0.341346 0.097473 0.096154
0 0.611913 0.443510 0.111913 0.209135
0 0.512635 0.447115 0.101083 0.245192
0 0.470217 0.347356 0.074007 0.170673
