0 0.096000 0.468876 0.098667 0.367470
0 0.172000 0.697791 0.149333 0.556225
0 0.535333 0.661647 0.132000 0.483936
0 0.460000 0.476908 0.077333 0.291165
0 0.360667 0.479920 0.084000 0.309237
0 0.304000 0.469880 0.085333 0.313253
0 0.614667 0.497992 0.069333 0.253012
0 0.671333 0.480924 0.078667 0.295181
0 0.738000 0.585341 0.068000 0.251004
0 0.784000 0.496988 0.082667 0.307229
0 0.904667 0.573293 0.068000 0.255020
0 0.177333 0.351406 0.069333 0.124498
0 0.076667 0.341365 0.089333 0.168675
0 0.037333 0.581325 0.072000 0.210843
0 0.232000 0.406627 0.074667 0.202811
0 0.243333 0.486948 0.041333 0.090361
0 0.260667 0.553213 0.062667 0.138554
0 0.304000 0.602410 0.058667 0.168675
0 0.321333 0.392570 0.064000 0.166667
0 0.531333 0.389558 0.070667 0.128514
0 0.704000 0.520080 0.058667 0.164659
