0 0.057778 0.661667 0.057778 0.216667
0 0.121111 0.681667 0.046667 0.176667
0 0.165556 0.668333 0.046667 0.176667
0 0.214444 0.678333 0.051111 0.196667
0 0.263333 0.675000 0.051111 0.196667
0 0.314444 0.681667 0.046667 0.183333
0 0.367778 0.673333 0.055556 0.200000
0 0.398889 0.643333 0.046667 0.173333
0 0.416667 0.676667 0.055556 0.200000
0 0.446667 0.640000 0.044444 0.166667
0 0.470000 0.675000 0.042222 0.163333
0 0.491111 0.638333 0.040000 0.156667
0 0.516667 0.673333 0.046667 0.180000
0 0.537778 0.636667 0.048889 0.180000
0 0.565556 0.678333 0.046667 0.183333
0 0.587778 0.651667 0.046667 0.176667
0 0.612222 0.683333 0.046667 0.173333
0 0.630000 0.638333 0.046667 0.170000
0 0.662222 0.681667 0.048889 0.183333
0 0.676667 0.646667 0.042222 0.166667
0 0.715556 0.681667 0.048889 0.183333
0 0.726667 0.658333 0.044444 0.163333
0 0.765556 0.690000 0.042222 0.160000
0 0.818889 0.666667 0.051111 0.186667
0 0.864444 0.686667 0.044444 0.173333
0 0.908889 0.671667 0.048889 0.183333
0 0.955556 0.675000 0.048889 0.176667
0 0.915556 0.626667 0.035556 0.113333
0 0.886667 0.590000 0.022222 0.073333
0 0.861111 0.585000 0.028889 0.076667
0 0.805556 0.593333 0.046667 0.073333
0 0.772222 0.591667 0.042222 0.070000
0 0.343333 0.585000 0.024444 0.050000
0 0.302222 0.600000 0.031111 0.073333
0 0.200000 0.565000 0.026667 0.056667
0 0.152222 0.583333 0.033333 0.060000
0 0.110000 0.595000 0.042222 0.110000
