0 0.331933 0.617128 0.058824 0.216625
0 0.368908 0.612091 0.052101 0.191436
0 0.414286 0.610831 0.048739 0.183879
0 0.448739 0.612091 0.050420 0.191436
0 0.490756 0.603275 0.050420 0.188917
0 0.526891 0.604534 0.048739 0.186398
0 0.568067 0.595718 0.047059 0.173804
0 0.608403 0.594458 0.043697 0.166247
0 0.637815 0.590680 0.045378 0.173804
0 0.666387 0.585642 0.045378 0.163728
0 0.702521 0.584383 0.043697 0.161209
0 0.028571 0.654912 0.047059 0.251889
0 0.121008 0.656171 0.100840 0.078086
0 0.960504 0.691436 0.068908 0.395466
