0 0.045833 0.378750 0.091667 0.347500
0 0.081667 0.365000 0.076667 0.280000
0 0.114167 0.352500 0.081667 0.305000
0 0.160833 0.327500 0.061667 0.225000
0 0.194167 0.290000 0.041667 0.150000
0 0.218333 0.292500 0.036667 0.135000
0 0.259167 0.286250 0.035000 0.127500
0 0.308333 0.282500 0.033333 0.120000
0 0.327500 0.292500 0.031667 0.125000
0 0.097500 0.808750 0.068333 0.252500
0 0.146667 0.823750 0.073333 0.277500
0 0.207500 0.847500 0.075000 0.275000
0 0.259167 0.832500 0.065000 0.245000
0 0.300000 0.833750 0.060000 0.227500
0 0.339167 0.825000 0.055000 0.205000
0 0.387500 0.843750 0.071667 0.267500
0 0.433333 0.810000 0.053333 0.195000
0 0.555000 0.885000 0.040000 0.155000
0 0.541667 0.885000 0.040000 0.155000
0 0.835000 0.887500 0.020000 0.075000
0 0.964167 0.888750 0.021667 0.082500
0 0.941667 0.883750 0.023333 0.087500
0 0.020000 0.371250 0.030000 0.307500
0 0.017500 0.215000 0.025000 0.070000
0 0.091667 0.242500 0.030000 0.065000
0 0.131667 0.290000 0.036667 0.130000
0 0.147500 0.261250 0.028333 0.067500
0 0.337500 0.243750 0.031667 0.067500
0 0.273333 0.272500 0.016667 0.090000
0 0.355000 0.303750 0.030000 0.107500
0 0.340000 0.297500 0.036667 0.105000
0 0.370000 0.308750 0.043333 0.102500
0 0.382500 0.318750 0.058333 0.112500
0 0.402500 0.326250 0.061667 0.122500
0 0.425833 0.331250 0.065000 0.142500
0 0.443333 0.343750 0.090000 0.157500
0 0.480000 0.360000 0.083333 0.170000
0 0.645000 0.246250 0.133333 0.297500
0 0.750833 0.247500 0.095000 0.295000
0 0.826667 0.248750 0.086667 0.257500
0 0.909167 0.230000 0.111667 0.255000
0 0.604167 0.588750 0.151667 0.257500
0 0.655000 0.558750 0.123333 0.277500
0 0.743333 0.581250 0.103333 0.242500
0 0.839167 0.553750 0.138333 0.217500
0 0.877500 0.575000 0.181667 0.250000
0 0.891667 0.588750 0.196667 0.272500
0 0.121667 0.710000 0.030000 0.060000
0 0.165833 0.717500 0.018333 0.045000
0 0.175000 0.688750 0.026667 0.037500
0 0.242500 0.707500 0.035000 0.070000
0 0.291667 0.715000 0.040000 0.050000
0 0.290000 0.698750 0.030000 0.047500
0 0.321667 0.710000 0.023333 0.040000
0 0.330000 0.705000 0.033333 0.065000
0 0.361667 0.726250 0.020000 0.042500
0 0.380000 0.740000 0.026667 0.065000
0 0.387500 0.711250 0.025000 0.047500
0 0.421667 0.727500 0.030000 0.065000
0 0.481667 0.837500 0.053333 0.110000
0 0.455833 0.743750 0.025000 0.077500
0 0.509167 0.812500 0.025000 0.165000
0 0.660833 0.890000 0.028333 0.105000
0 0.758333 0.855000 0.013333 0.025000
0 0.776667 0.857500 0.020000 0.030000
0 0.789167 0.856250 0.015000 0.027500
0 0.795000 0.853750 0.006667 0.027500
0 0.814167 0.875000 0.025000 0.070000
0 0.825000 0.870000 0.020000 0.050000
0 0.861667 0.853750 0.020000 0.037500
0 0.883333 0.855000 0.013333 0.030000
0 0.906667 0.862500 0.023333 0.025000
0 0.923333 0.862500 0.010000 0.025000
