0 0.089000 0.695195 0.162000 0.591592
0 0.224000 0.702703 0.156000 0.576577
0 0.306000 0.716216 0.144000 0.537538
0 0.383000 0.717718 0.146000 0.534535
0 0.465000 0.681682 0.142000 0.528529
0 0.549000 0.675676 0.134000 0.492492
0 0.623000 0.689189 0.122000 0.447447
0 0.693000 0.687688 0.118000 0.432432
0 0.746000 0.660661 0.120000 0.444444
0 0.805000 0.669670 0.114000 0.426426
0 0.870000 0.636637 0.120000 0.438438
0 0.942000 0.650150 0.116000 0.441441
0 0.250000 0.510511 0.064000 0.108108
0 0.423000 0.498498 0.038000 0.078078
