0 0.105000 0.217500 0.130000 0.240000
0 0.181667 0.183750 0.116667 0.217500
0 0.263333 0.186250 0.100000 0.182500
0 0.375000 0.148750 0.130000 0.242500
0 0.546667 0.300000 0.133333 0.245000
0 0.876667 0.340000 0.113333 0.210000
0 0.475000 0.596250 0.143333 0.262500
0 0.376667 0.426250 0.160000 0.297500
0 0.888333 0.152500 0.096667 0.185000
0 0.580000 0.108750 0.220000 0.197500
0 0.171667 0.071250 0.123333 0.132500
0 0.075000 0.040000 0.070000 0.070000
0 0.051667 0.102500 0.096667 0.065000
0 1.228333 0.310000 0.156667 0.120000
0 1.276667 0.328750 0.100000 0.092500
0 1.251667 0.406250 0.156667 0.127500
0 1.233333 0.478750 0.186667 0.132500
0 1.130000 0.457500 0.093333 0.090000
0 1.088333 0.440000 0.070000 0.130000
0 1.293333 0.238750 0.066667 0.087500
0 0.290000 0.627500 0.186667 0.175000
0 0.186667 0.587500 0.126667 0.115000
0 0.111667 0.571250 0.090000 0.077500
0 0.160000 0.657500 0.166667 0.165000
0 0.193333 0.696250 0.133333 0.092500
0 0.063333 0.665000 0.126667 0.145000
0 0.533333 0.457500 0.126667 0.145000
0 0.603333 0.557500 0.173333 0.170000
0 0.575000 0.585000 0.190000 0.135000
0 0.568333 0.653750 0.176667 0.127500
0 0.691667 0.692500 0.170000 0.095000
0 0.720000 0.650000 0.100000 0.145000
0 0.815000 0.636250 0.163333 0.172500
0 0.883333 0.601250 0.140000 0.142500
0 0.733333 0.533750 0.160000 0.112500
0 0.566667 0.367500 0.106667 0.070000
0 0.448333 0.388750 0.103333 0.202500
0 0.718333 0.425000 0.210000 0.230000
0 0.763333 0.395000 0.220000 0.140000
