0 0.181250 0.270833 0.067500 0.111667
0 0.235000 0.261667 0.085000 0.143333
0 0.286250 0.273333 0.072500 0.120000
0 0.415000 0.262500 0.085000 0.141667
0 0.481250 0.266667 0.072500 0.123333
0 0.600000 0.264167 0.065000 0.111667
0 0.698750 0.268333 0.077500 0.126667
0 0.772500 0.267500 0.070000 0.118333
0 0.805000 0.265833 0.070000 0.118333
0 0.976250 0.340000 0.192500 0.316667
0 1.107500 0.265000 0.075000 0.126667
0 1.187500 0.270000 0.085000 0.136667
0 1.260000 0.261667 0.085000 0.136667
0 1.230000 0.257500 0.075000 0.125000
0 1.325000 0.267500 0.075000 0.121667
0 1.356250 0.268333 0.072500 0.123333
0 1.427500 0.320000 0.145000 0.243333
0 0.052500 0.294167 0.090000 0.085000
0 0.126250 0.247500 0.082500 0.058333
0 0.338750 0.235833 0.062500 0.068333
0 0.358750 0.241667 0.052500 0.070000
0 0.650000 0.233333 0.045000 0.063333
0 0.895000 0.225000 0.095000 0.060000
0 1.067500 0.279167 0.055000 0.105000
0 1.152500 0.247500 0.055000 0.105000
0 1.280000 0.218333 0.050000 0.046667
0 1.431250 0.201667 0.092500 0.063333
0 1.465000 0.301667 0.055000 0.266667
