0 0.081658 0.278798 0.062814 0.106845
0 0.298995 0.277963 0.065327 0.108514
0 0.386935 0.337229 0.105528 0.173623
0 0.631910 0.419032 0.163317 0.263773
0 0.575377 0.409850 0.160804 0.262104
0 0.701005 0.318030 0.100503 0.165275
0 0.736181 0.286311 0.075377 0.128548
0 0.472362 0.265442 0.055276 0.093489
0 0.438442 0.289649 0.037688 0.065109
0 0.503769 0.258765 0.067839 0.113523
0 0.842965 0.261269 0.052764 0.091820
0 0.961055 0.403172 0.173367 0.282137
0 0.910804 0.398164 0.148241 0.238731
0 1.025126 0.379800 0.135678 0.218698
0 1.103015 0.385643 0.100503 0.166945
0 1.258794 0.414023 0.165829 0.270451
0 1.427136 0.427379 0.155779 0.310518
0 1.454774 0.240401 0.070352 0.113523
0 1.368090 0.244574 0.057789 0.098497
0 1.304020 0.297162 0.090452 0.146912
0 1.275126 0.237896 0.062814 0.105175
0 1.214824 0.245409 0.062814 0.100167
0 0.199749 0.214524 0.092965 0.061770
0 0.164573 0.268781 0.072864 0.066778
0 0.550251 0.227045 0.055276 0.053422
0 0.540201 0.272120 0.085427 0.073456
0 0.576633 0.187813 0.047739 0.035058
0 0.634422 0.198664 0.052764 0.063439
0 0.684673 0.221202 0.072864 0.055092
0 0.653266 0.290484 0.065327 0.066778
0 0.694724 0.180301 0.057789 0.036728
0 0.742462 0.181970 0.037688 0.043406
0 0.772613 0.227045 0.052764 0.046745
0 0.792714 0.178631 0.037688 0.036728
0 0.871859 0.247078 0.035176 0.050083
0 0.924623 0.219533 0.070352 0.058431
0 0.966080 0.241235 0.047739 0.061770
0 1.017588 0.249583 0.045226 0.055092
0 1.060302 0.211185 0.060302 0.048414
0 1.087940 0.226210 0.065327 0.051753
0 1.080402 0.293823 0.060302 0.063439
0 1.162060 0.341402 0.092965 0.118531
0 1.189698 0.172788 0.057789 0.035058
0 1.281407 0.176962 0.045226 0.043406
0 1.412060 0.286311 0.105528 0.108514
