0 0.896503 0.599813 0.206993 0.796642
0 0.607692 0.605410 0.183217 0.602612
0 0.486713 0.588619 0.215385 0.707090
0 0.414685 0.545709 0.160839 0.524254
0 0.215385 0.479478 0.092308 0.302239
0 0.381119 0.452425 0.079720 0.259328
0 0.276224 0.459888 0.057343 0.192164
0 0.153846 0.468284 0.081119 0.268657
0 0.198601 0.439366 0.053147 0.177239
0 0.325175 0.400187 0.034965 0.117537
0 0.113986 0.416045 0.051748 0.167910
0 0.067133 0.379664 0.030769 0.102612
0 0.048951 0.372201 0.025175 0.087687
0 0.037762 0.375000 0.022378 0.074627
0 0.104196 0.360075 0.020979 0.067164
0 0.176224 0.353545 0.030769 0.098881
0 0.439860 0.244403 0.015385 0.052239
0 0.448951 0.260261 0.016783 0.054104
0 0.281818 0.360075 0.018182 0.063433
0 0.299301 0.473881 0.025175 0.097015
0 0.346154 0.486940 0.040559 0.100746
0 0.355944 0.428172 0.023776 0.016791
0 0.087413 0.455224 0.032168 0.044776
0 0.072028 0.416978 0.018182 0.027985
0 0.018182 0.430037 0.036364 0.039179
0 0.011189 0.402052 0.019580 0.020522
0 0.093007 0.413246 0.026573 0.035448
