0 0.032609 0.870370 0.065217 0.250545
0 0.127536 0.891068 0.055072 0.209150
0 0.203623 0.892157 0.050725 0.193900
0 0.236957 0.893246 0.050725 0.187364
0 0.271014 0.876906 0.037681 0.141612
0 0.321014 0.876906 0.030435 0.119826
0 0.328986 0.869281 0.034783 0.126362
0 0.368841 0.864924 0.024638 0.095861
0 0.373913 0.877996 0.026087 0.100218
0 0.386232 0.861656 0.027536 0.106754
0 0.413043 0.864924 0.023188 0.087146
0 0.452174 0.873638 0.028986 0.108932
0 0.475362 0.867102 0.023188 0.091503
0 0.500000 0.859477 0.017391 0.067538
0 0.511594 0.857298 0.011594 0.050109
0 0.522464 0.858388 0.013043 0.047930
0 0.531884 0.858388 0.014493 0.052288
0 0.543478 0.859477 0.011594 0.050109
0 0.563043 0.859477 0.013043 0.050109
0 0.599275 0.858388 0.010145 0.043573
0 0.619565 0.858388 0.010145 0.043573
0 0.608696 0.861656 0.011594 0.041394
0 0.791304 0.851852 0.008696 0.039216
0 0.804348 0.851852 0.008696 0.039216
0 0.968841 0.864924 0.018841 0.069717
0 0.929710 0.862745 0.018841 0.074074
0 0.942754 0.861656 0.015942 0.063181
0 0.910870 0.857298 0.013043 0.050109
0 0.920290 0.859477 0.011594 0.050109
0 0.950000 0.859477 0.013043 0.045752
0 0.894928 0.857298 0.018841 0.067538
0 0.882609 0.856209 0.017391 0.065359
0 0.581884 0.855120 0.027536 0.054466
0 0.554348 0.858388 0.013043 0.052288
0 0.668841 0.856209 0.018841 0.034858
0 0.767391 0.857298 0.021739 0.032680
0 0.747101 0.857298 0.018841 0.037037
