0 0.075893 0.411830 0.151786 0.292411
0 0.209821 0.437500 0.205357 0.379464
0 0.415179 0.359375 0.116071 0.218750
0 0.480655 0.452009 0.247024 0.457589
0 0.537202 0.356027 0.139881 0.256696
0 0.657738 0.315848 0.077381 0.145089
0 0.681548 0.340402 0.101190 0.185268
0 0.733631 0.371652 0.151786 0.283482
0 0.776786 0.318080 0.077381 0.149554
0 0.806548 0.333705 0.107143 0.203125
0 0.867560 0.458705 0.288690 0.529018
0 0.970238 0.383929 0.184524 0.343750
0 1.022321 0.334821 0.127976 0.236607
0 1.071429 0.275670 0.047619 0.087054
0 1.252976 0.463170 0.160714 0.560268
0 0.907738 0.322545 0.083333 0.158482
0 1.239583 0.393973 0.187500 0.377232
0 1.206845 0.338170 0.133929 0.247768
0 1.154762 0.304688 0.077381 0.145089
0 0.110119 0.295759 0.023810 0.037946
0 0.151786 0.290179 0.029762 0.040179
0 1.093750 0.281250 0.026786 0.075893
