0 0.075188 0.323333 0.150376 0.270000
0 0.240602 0.318333 0.185464 0.303333
0 0.357143 0.392500 0.238095 0.391667
0 0.535088 0.414167 0.303258 0.491667
0 0.551378 0.369167 0.265664 0.431667
0 0.788221 0.389167 0.333333 0.545000
0 0.992481 0.444167 0.265664 0.435000
0 1.258145 0.393333 0.320802 0.526667
0 1.374687 0.416667 0.258145 0.483333
0 1.121554 0.266667 0.072682 0.120000
0 1.087719 0.268333 0.065163 0.110000
0 0.942356 0.249167 0.065163 0.108333
0 0.134085 0.248333 0.067669 0.110000
0 0.013784 0.211667 0.027569 0.043333
0 0.214286 0.198333 0.042607 0.033333
0 0.293233 0.209167 0.035088 0.031667
0 0.395990 0.220833 0.030075 0.031667
0 0.422306 0.220000 0.022556 0.040000
0 0.600251 0.205833 0.027569 0.041667
0 0.622807 0.215833 0.027569 0.038333
0 0.689223 0.185000 0.110276 0.076667
0 0.858396 0.198333 0.047619 0.070000
0 0.894737 0.221667 0.030075 0.033333
0 0.991228 0.210833 0.042607 0.028333
0 1.154135 0.225833 0.032581 0.041667
0 1.310777 0.213333 0.030075 0.040000
0 1.199248 0.216667 0.052632 0.050000
0 0.446115 0.206667 0.050125 0.046667
