0 0.081564 1.129167 0.044693 0.165000
0 0.116201 1.130000 0.049162 0.183333
0 0.151955 1.130000 0.037989 0.140000
0 0.165363 1.187500 0.044693 0.168333
0 0.112291 0.975000 0.027933 0.103333
0 0.147486 0.956667 0.026816 0.096667
0 0.156983 0.909167 0.023464 0.085000
0 0.237430 0.889167 0.021229 0.081667
0 0.271508 0.899167 0.024581 0.095000
0 0.246369 0.808333 0.018994 0.073333
0 0.288268 0.848333 0.020112 0.073333
0 0.308380 0.842500 0.020112 0.071667
0 0.254749 0.785000 0.013408 0.053333
0 0.303911 0.784167 0.008939 0.031667
0 0.317877 0.797500 0.014525 0.051667
0 0.325140 0.794167 0.015642 0.058333
0 0.353631 0.760000 0.007821 0.033333
0 0.422346 0.766667 0.011173 0.046667
0 0.441899 0.765833 0.012291 0.048333
0 0.299441 0.728333 0.031285 0.040000
0 0.327933 0.726667 0.018994 0.036667
0 0.358659 0.726667 0.037989 0.030000
0 0.369274 0.758333 0.021229 0.040000
0 0.397207 0.735833 0.036872 0.055000
