0 0.096730 0.505455 0.051771 0.083636
0 0.224796 0.516364 0.079019 0.127273
0 0.295640 0.499091 0.057221 0.092727
0 0.272480 0.496364 0.043597 0.076364
0 0.361035 0.523636 0.079019 0.130909
0 0.322888 0.486364 0.035422 0.063636
0 0.453678 0.495455 0.046322 0.081818
0 0.546322 0.534545 0.089918 0.149091
0 0.621253 0.499091 0.065395 0.107273
0 0.516349 0.495455 0.057221 0.096364
0 0.412807 0.483636 0.040872 0.065455
0 0.384196 0.476364 0.027248 0.047273
0 0.498638 0.475455 0.032698 0.060000
0 0.444142 0.484545 0.038147 0.063636
0 0.580381 0.483636 0.049046 0.080000
0 0.603542 0.473636 0.040872 0.070909
0 0.666213 0.484545 0.046322 0.081818
0 0.707084 0.476364 0.035422 0.061818
0 0.750681 0.488182 0.051771 0.089091
0 0.809264 0.523636 0.103542 0.174545
0 0.824251 0.547273 0.117166 0.196364
0 0.866485 0.466364 0.038147 0.063636
0 0.885559 0.472727 0.049046 0.080000
0 0.915531 0.486364 0.059946 0.100000
0 0.934605 0.501818 0.081744 0.134545
0 1.193460 0.550000 0.141689 0.230909
0 1.066757 0.531818 0.117166 0.194545
0 1.043597 0.484545 0.070845 0.118182
0 1.149864 0.507273 0.087193 0.145455
0 1.238420 0.485455 0.079019 0.130909
0 1.408719 0.534545 0.125341 0.210909
0 1.464578 0.500909 0.068120 0.161818
0 1.374659 0.475455 0.073569 0.118182
0 1.340599 0.468182 0.054496 0.092727
0 0.980926 0.470909 0.049046 0.083636
0 1.005450 0.463636 0.043597 0.072727
0 1.162125 0.429091 0.029973 0.018182
0 1.194823 0.428182 0.035422 0.016364
