0 0.362832 0.370909 0.312684 0.472727
0 0.638643 0.282727 0.067847 0.103636
0 0.530973 0.215455 0.035398 0.056364
0 0.112094 0.262727 0.094395 0.147273
0 0.188791 0.263636 0.082596 0.130909
0 0.674041 0.252727 0.091445 0.138182
0 0.725664 0.252727 0.082596 0.130909
0 0.026549 0.278182 0.053097 0.130909
0 0.902655 0.191818 0.029499 0.049091
0 1.165192 0.195455 0.017699 0.027273
0 0.047198 0.200909 0.041298 0.034545
0 0.017699 0.199091 0.029499 0.034545
0 0.148968 0.211818 0.032448 0.023636
0 0.209440 0.207273 0.029499 0.021818
0 0.756637 0.244545 0.038348 0.063636
0 0.799410 0.287273 0.047198 0.152727
0 0.896755 0.287273 0.058997 0.149091
0 0.973451 0.299091 0.058997 0.150909
0 1.058997 0.304545 0.123894 0.150909
0 1.258112 0.314545 0.120944 0.189091
0 1.407080 0.313636 0.129794 0.183636
0 1.557522 0.312727 0.094395 0.185455
0 1.334808 0.227273 0.032448 0.032727
0 1.382006 0.219091 0.038348 0.030909
0 1.597345 0.220000 0.038348 0.029091
0 0.946903 0.199091 0.029499 0.041818
0 0.980826 0.194545 0.032448 0.025455
0 0.182891 0.190909 0.112094 0.018182
0 1.560472 0.176364 0.112094 0.054545
0 1.336283 0.166364 0.076696 0.020000
0 1.449853 0.208182 0.091445 0.030909
0 1.253687 0.191818 0.135693 0.060000
0 1.122419 0.171818 0.132743 0.016364
0 1.095870 0.204545 0.079646 0.049091
0 1.026549 0.196364 0.058997 0.065455
0 0.802360 0.190000 0.147493 0.038182
0 0.958702 0.170909 0.076696 0.018182
0 0.491150 0.200909 0.044248 0.034545
