0 0.292857 0.739683 0.092857 0.400000
0 0.195536 0.634921 0.044643 0.203175
0 0.211607 0.638095 0.044643 0.190476
0 0.437500 0.712698 0.071429 0.314286
0 0.323214 0.630159 0.039286 0.168254
0 0.336607 0.625397 0.037500 0.171429
0 0.345536 0.626984 0.037500 0.168254
0 0.362500 0.630159 0.035714 0.155556
0 0.373214 0.628571 0.035714 0.152381
0 0.383036 0.631746 0.033929 0.146032
0 0.519643 0.655556 0.050000 0.225397
0 0.550000 0.666667 0.067857 0.292063
0 0.472321 0.615873 0.030357 0.133333
0 0.481250 0.606349 0.030357 0.139683
0 0.457143 0.547619 0.025000 0.117460
0 0.501786 0.606349 0.032143 0.139683
0 0.625000 0.615873 0.042857 0.190476
0 0.654464 0.617460 0.037500 0.174603
0 0.679464 0.663492 0.055357 0.241270
0 0.768750 0.622222 0.041071 0.184127
0 0.784821 0.619048 0.037500 0.171429
0 0.808036 0.622222 0.030357 0.139683
0 0.841071 0.609524 0.028571 0.133333
0 0.870536 0.609524 0.023214 0.107937
0 0.895536 0.606349 0.026786 0.120635
0 0.921429 0.611111 0.025000 0.117460
0 0.941071 0.600000 0.021429 0.101587
0 0.950000 0.598413 0.021429 0.092063
0 0.991964 0.596825 0.016071 0.069841
0 0.983036 0.598413 0.016071 0.079365
0 0.974107 0.596825 0.019643 0.082540
0 0.741071 0.619048 0.028571 0.126984
0 0.600000 0.588889 0.017857 0.079365
0 0.716964 0.606349 0.019643 0.095238
0 0.879464 0.601587 0.023214 0.111111
0 0.965179 0.598413 0.019643 0.092063
0 0.725893 0.606349 0.019643 0.095238
0 0.190179 0.557143 0.044643 0.193651
0 0.824107 0.611111 0.023214 0.104762
0 0.862500 0.604762 0.021429 0.104762
0 0.519643 0.512698 0.025000 0.041270
0 0.211607 0.465079 0.016071 0.028571
0 0.313393 0.487302 0.016071 0.028571
0 0.321429 0.474603 0.014286 0.034921
0 0.313393 0.523810 0.012500 0.038095
0 0.325893 0.520635 0.012500 0.038095
0 0.338393 0.517460 0.012500 0.038095
0 0.352679 0.530159 0.012500 0.031746
0 0.364286 0.530159 0.014286 0.038095
