0 0.036885 0.168182 0.035519 0.063636
0 0.024590 0.143636 0.038251 0.065455
0 0.045082 0.056364 0.030055 0.047273
0 0.019126 0.055455 0.032787 0.052727
0 0.282787 0.049091 0.013661 0.021818
0 0.609290 0.186364 0.043716 0.070909
0 0.666667 0.189091 0.038251 0.065455
0 0.640710 0.179091 0.035519 0.063636
0 0.751366 0.187273 0.038251 0.069091
0 0.774590 0.180000 0.040984 0.069091
0 0.810109 0.177273 0.040984 0.067273
0 0.849727 0.186364 0.049180 0.078182
0 0.814208 0.126364 0.021858 0.034545
0 0.784153 0.116364 0.016393 0.032727
0 0.307377 0.073636 0.019126 0.034545
0 0.327869 0.069091 0.021858 0.036364
0 0.226776 0.064545 0.021858 0.034545
0 0.206284 0.065455 0.019126 0.036364
0 0.247268 0.063636 0.013661 0.025455
0 0.337432 0.060000 0.019126 0.032727
0 0.196721 0.099091 0.016393 0.030909
0 0.442623 0.115455 0.021858 0.038182
0 0.404372 0.117273 0.016393 0.027273
0 0.551913 0.167273 0.038251 0.065455
0 0.495902 0.193636 0.019126 0.034545
0 0.178962 0.163636 0.040984 0.069091
0 0.251366 0.220000 0.043716 0.072727
0 0.057377 0.154545 0.038251 0.065455
0 0.163934 0.105455 0.016393 0.029091
0 0.340164 0.200909 0.040984 0.067273
0 0.206284 0.301818 0.068306 0.109091
0 0.187158 0.292727 0.057377 0.098182
0 0.161202 0.257273 0.043716 0.074545
0 0.297814 0.356364 0.060109 0.101818
0 0.297814 0.342727 0.065574 0.107273
0 0.271858 0.327273 0.068306 0.109091
0 0.250000 0.319091 0.062842 0.107273
0 0.233607 0.207273 0.040984 0.065455
0 0.341530 0.369091 0.065574 0.105455
0 0.357923 0.386364 0.065574 0.107273
0 0.383880 0.386364 0.068306 0.110909
0 0.405738 0.404545 0.068306 0.114545
0 0.424863 0.420909 0.068306 0.110909
0 0.452186 0.431818 0.073770 0.121818
0 0.495902 0.451818 0.073770 0.125455
0 0.531421 0.461818 0.079235 0.130909
0 0.573770 0.472727 0.076503 0.127273
0 0.603825 0.487273 0.081967 0.138182
0 0.687158 0.441818 0.079235 0.127273
0 0.661202 0.424545 0.071038 0.121818
0 0.644809 0.394545 0.049180 0.080000
0 0.606557 0.380909 0.043716 0.074545
0 0.586066 0.365455 0.051913 0.083636
0 0.562842 0.360000 0.038251 0.069091
0 0.516393 0.343636 0.043716 0.076364
0 0.476776 0.328182 0.046448 0.074545
0 0.441257 0.316364 0.040984 0.072727
0 0.413934 0.296364 0.035519 0.061818
0 0.383880 0.285455 0.046448 0.076364
0 0.370219 0.270909 0.030055 0.054545
0 0.346995 0.274545 0.043716 0.072727
0 0.315574 0.255455 0.030055 0.052727
0 0.278689 0.231818 0.038251 0.063636
0 0.297814 0.221818 0.016393 0.032727
0 0.427596 0.233636 0.030055 0.052727
0 0.450820 0.242727 0.032787 0.060000
0 0.471311 0.254545 0.040984 0.069091
0 0.620219 0.300000 0.038251 0.069091
0 0.595628 0.293636 0.032787 0.052727
0 0.680328 0.329091 0.032787 0.058182
0 0.750000 0.497273 0.084699 0.143636
0 0.766393 0.464545 0.084699 0.136364
0 0.650273 0.321818 0.032787 0.058182
0 0.979508 0.495455 0.084699 0.143636
0 0.923497 0.474545 0.087432 0.141818
0 0.949454 0.452727 0.079235 0.127273
0 0.883880 0.432727 0.079235 0.130909
0 0.860656 0.427273 0.065574 0.109091
0 0.829235 0.412727 0.068306 0.116364
0 0.808743 0.400909 0.071038 0.118182
0 0.778689 0.372727 0.049180 0.083636
0 0.747268 0.362727 0.051913 0.085455
0 0.728142 0.350000 0.040984 0.070909
0 0.707650 0.339091 0.038251 0.067273
0 1.077869 0.432727 0.079235 0.127273
0 1.034153 0.420000 0.073770 0.123636
0 1.010929 0.406364 0.060109 0.100000
0 0.984973 0.379091 0.035519 0.060000
0 0.954918 0.360909 0.030055 0.049091
0 0.930328 0.350909 0.035519 0.058182
0 0.909836 0.347273 0.032787 0.054545
0 0.886612 0.339091 0.035519 0.060000
0 0.860656 0.334545 0.038251 0.065455
0 0.833333 0.325455 0.032787 0.058182
0 0.804645 0.318182 0.024590 0.043636
0 0.765027 0.290909 0.032787 0.058182
0 1.416667 0.263636 0.051913 0.087273
0 1.243169 0.262727 0.054645 0.089091
0 1.183060 0.245455 0.054645 0.090909
0 1.147541 0.240000 0.049180 0.083636
0 1.075137 0.258182 0.051913 0.087273
0 1.058743 0.255455 0.051913 0.085455
0 1.043716 0.247273 0.054645 0.090909
0 1.021858 0.243636 0.054645 0.087273
0 0.997268 0.236364 0.049180 0.083636
0 0.964481 0.224545 0.049180 0.078182
0 0.946721 0.218182 0.046448 0.080000
0 0.919399 0.205455 0.051913 0.083636
0 0.890710 0.200909 0.043716 0.074545
0 0.870219 0.193636 0.046448 0.074545
0 1.166667 0.178182 0.038251 0.065455
0 1.136612 0.148182 0.021858 0.041818
0 1.091530 0.178182 0.024590 0.040000
0 1.069672 0.191818 0.019126 0.030909
0 1.030055 0.188182 0.021858 0.041818
0 1.008197 0.185455 0.016393 0.032727
0 0.986339 0.174545 0.016393 0.032727
0 0.948087 0.166364 0.016393 0.027273
0 1.094262 0.150000 0.019126 0.030909
0 1.277322 0.209091 0.046448 0.076364
0 1.222678 0.194545 0.040984 0.065455
0 1.191257 0.164545 0.032787 0.060000
0 0.748634 0.110909 0.016393 0.025455
0 0.628415 0.108182 0.010929 0.023636
0 0.459016 0.124545 0.021858 0.034545
0 0.397541 0.162727 0.030055 0.049091
0 0.379781 0.134545 0.010929 0.021818
0 0.412568 0.221818 0.032787 0.058182
0 0.685792 0.269091 0.027322 0.050909
0 0.713115 0.278182 0.027322 0.047273
0 0.736339 0.281818 0.030055 0.054545
0 0.601093 0.240000 0.021858 0.036364
0 0.661202 0.265455 0.021858 0.036364
0 0.646175 0.256364 0.024590 0.040000
0 0.580601 0.231818 0.030055 0.049091
0 0.545082 0.279091 0.035519 0.056364
0 0.525956 0.271818 0.030055 0.049091
0 0.484973 0.258182 0.030055 0.050909
0 0.590164 0.163636 0.043716 0.072727
0 0.131148 0.255455 0.049180 0.085455
0 0.117486 0.245455 0.054645 0.090909
0 1.150273 0.631818 0.032787 0.060000
0 1.234973 0.577273 0.098361 0.161818
0 1.322404 0.578182 0.092896 0.156364
0 1.411202 0.577273 0.095628 0.161818
0 1.471311 0.566364 0.062842 0.169091
0 0.793716 0.289091 0.030055 0.018182
0 1.224044 0.149091 0.032787 0.021818
0 0.987705 0.139091 0.030055 0.016364
0 1.027322 0.142727 0.032787 0.038182
0 1.058743 0.153636 0.030055 0.038182
0 1.114754 0.169091 0.027322 0.040000
0 0.528689 0.638182 0.101093 0.050909
0 0.433060 0.074545 0.112022 0.043636
0 0.351093 0.076364 0.024590 0.032727
0 0.127049 0.100000 0.046448 0.040000
0 0.911202 0.132727 0.117486 0.040000
0 1.162568 0.136364 0.024590 0.014545
0 0.554645 0.100000 0.125683 0.054545
0 0.683060 0.114545 0.087432 0.050909
0 0.692623 0.154545 0.057377 0.029091
0 0.517760 0.156364 0.051913 0.058182
0 0.452186 0.170909 0.079235 0.050909
0 0.633880 0.232727 0.021858 0.025455
0 0.505464 0.251818 0.027322 0.056364
0 0.528689 0.210000 0.024590 0.045455
0 0.340164 0.110909 0.040984 0.040000
0 0.088798 0.135455 0.035519 0.045455
0 0.132514 0.139091 0.046448 0.038182
0 0.245902 0.100000 0.049180 0.043636
0 0.248634 0.138182 0.060109 0.036364
0 0.325137 0.143636 0.092896 0.040000
0 0.124317 0.176364 0.062842 0.040000
