0 0.023750 0.485000 0.047500 0.245000
0 0.033750 0.474375 0.060833 0.226250
0 0.146667 0.467500 0.058333 0.217500
0 0.175833 0.430000 0.038333 0.140000
0 0.097083 0.413750 0.035833 0.132500
0 0.078750 0.393750 0.032500 0.120000
0 0.222500 0.435000 0.041667 0.152500
0 0.257083 0.500625 0.062500 0.228750
0 0.293750 0.560000 0.089167 0.327500
0 0.326667 0.443125 0.036667 0.133750
0 0.233333 0.347500 0.011667 0.045000
0 0.412083 0.519375 0.079167 0.288750
0 0.382500 0.458125 0.045000 0.168750
0 0.460833 0.432500 0.043333 0.157500
0 0.471250 0.436875 0.032500 0.121250
0 0.531250 0.445625 0.034167 0.126250
0 0.544583 0.468750 0.045833 0.170000
0 0.558750 0.495625 0.059167 0.216250
0 0.493333 0.394375 0.018333 0.071250
0 0.505417 0.395000 0.017500 0.065000
0 0.352500 0.448125 0.041667 0.156250
0 0.133333 0.457500 0.051667 0.192500
0 0.600000 0.426250 0.028333 0.102500
0 0.613333 0.440000 0.031667 0.115000
0 0.656667 0.471875 0.045000 0.168750
0 0.749167 0.541875 0.071667 0.261250
0 0.737083 0.510000 0.050833 0.185000
0 0.695000 0.455625 0.030000 0.111250
0 0.670000 0.366875 0.008333 0.031250
0 0.686667 0.383125 0.010000 0.041250
0 0.705833 0.381875 0.010000 0.038750
0 0.891667 0.515000 0.051667 0.192500
0 0.858333 0.483750 0.038333 0.145000
0 0.967500 0.469375 0.031667 0.116250
0 0.846250 0.395625 0.012500 0.046250
0 0.873750 0.400625 0.009167 0.036250
0 0.932917 0.450625 0.030833 0.116250
0 0.990417 0.448750 0.019167 0.085000
0 0.980000 0.414375 0.013333 0.048750
0 0.986250 0.529375 0.027500 0.153750
0 0.650000 0.414375 0.020000 0.076250
0 0.781250 0.391250 0.009167 0.035000
0 0.767917 0.383125 0.007500 0.031250
0 0.007083 0.320000 0.014167 0.032500
0 0.059583 0.326875 0.020833 0.028750
0 0.265000 0.341250 0.018333 0.037500
0 0.390417 0.356875 0.020833 0.033750
0 0.322500 0.349375 0.056667 0.048750
0 0.898750 0.391875 0.035833 0.041250
0 0.525000 0.380000 0.020000 0.032500
