0 0.876389 0.303704 0.063889 0.207407
0 0.952778 0.157407 0.033333 0.122222
0 0.787500 0.244444 0.063889 0.214815
0 0.661111 0.551852 0.111111 0.362963
0 0.502778 0.531481 0.116667 0.388889
0 0.362500 0.500000 0.136111 0.451852
0 0.572222 0.337037 0.038889 0.133333
0 0.686111 0.309259 0.022222 0.085185
0 0.754167 0.181481 0.041667 0.133333
0 0.698611 0.175926 0.019444 0.062963
0 0.662500 0.248148 0.025000 0.081481
0 0.636111 0.459259 0.100000 0.333333
0 0.861111 0.220370 0.055556 0.181481
0 0.901389 0.122222 0.013889 0.051852
0 0.493056 0.129630 0.030556 0.111111
0 0.455556 0.107407 0.027778 0.088889
0 0.737500 0.337037 0.025000 0.081481
0 0.256944 0.748148 0.147222 0.488889
0 0.115278 0.068519 0.025000 0.085185
0 0.076389 0.055556 0.025000 0.081481
0 0.200000 0.103704 0.022222 0.081481
0 0.293056 0.100000 0.019444 0.066667
0 0.334722 0.100000 0.019444 0.074074
0 0.398611 0.137037 0.036111 0.125926
0 0.361111 0.077778 0.022222 0.074074
0 0.513889 0.098148 0.022222 0.085185
0 0.223611 0.088889 0.025000 0.081481
0 0.261111 0.072222 0.022222 0.085185
0 0.651389 0.138889 0.030556 0.107407
0 0.570833 0.146296 0.030556 0.100000
0 0.629167 0.127778 0.025000 0.085185
0 0.422222 0.092593 0.027778 0.059259
0 0.179167 0.120370 0.025000 0.070370
0 0.304167 0.031481 0.075000 0.062963
0 0.458333 0.029630 0.133333 0.059259
0 0.629167 0.037037 0.113889 0.066667
0 0.758333 0.035185 0.111111 0.070370
0 0.911111 0.042593 0.038889 0.085185
0 0.952778 0.040741 0.038889 0.081481
0 0.754167 0.087037 0.063889 0.040741
0 0.597222 0.111111 0.050000 0.081481
0 0.706944 0.109259 0.030556 0.062963
0 0.806944 0.096296 0.041667 0.051852
0 0.983333 0.051852 0.027778 0.081481
0 0.986111 0.144444 0.022222 0.088889
