0 0.134831 0.340625 0.213483 0.348750
0 0.183521 0.358750 0.209738 0.342500
0 0.273408 0.309375 0.183521 0.298750
0 0.448502 0.378125 0.222846 0.363750
0 0.717228 0.302500 0.164794 0.270000
0 0.659176 0.335625 0.116105 0.191250
0 0.830524 0.325625 0.095506 0.156250
0 0.065543 0.460625 0.131086 0.403750
0 0.043071 0.244375 0.041199 0.071250
0 0.354869 0.272500 0.080524 0.132500
0 1.386704 0.491250 0.207865 0.342500
0 1.444757 0.525000 0.106742 0.280000
0 1.273408 0.449375 0.228464 0.373750
0 0.919476 0.320000 0.119850 0.195000
0 0.940075 0.325000 0.123596 0.200000
0 0.962547 0.343750 0.127341 0.210000
0 1.013109 0.367500 0.149813 0.245000
0 1.048689 0.352500 0.134831 0.222500
0 1.121723 0.330625 0.138577 0.226250
0 1.244382 0.346875 0.114232 0.188750
0 1.245318 0.360000 0.119850 0.195000
0 1.229401 0.243750 0.069288 0.112500
0 1.323034 0.238125 0.076779 0.128750
0 1.187266 0.218750 0.052434 0.087500
0 1.033708 0.219375 0.026217 0.043750
0 1.467228 0.207500 0.046816 0.077500
0 1.373596 0.237500 0.061798 0.102500
0 1.262172 0.170625 0.011236 0.021250
0 0.422285 0.175625 0.046816 0.051250
0 0.058052 0.216250 0.026217 0.027500
0 1.412921 0.295000 0.084270 0.050000
0 1.419476 0.255625 0.052434 0.028750
0 1.463483 0.283125 0.035581 0.081250
0 1.488764 0.282500 0.014981 0.080000
0 1.155431 0.215625 0.022472 0.016250
0 0.875468 0.208750 0.024345 0.022500
0 0.896067 0.198750 0.024345 0.015000
0 1.297753 0.185625 0.022472 0.033750
0 0.661049 0.201250 0.018727 0.030000
0 0.678839 0.203125 0.016854 0.016250
0 0.626404 0.246875 0.046816 0.038750
0 0.347378 0.190000 0.099251 0.032500
0 0.205993 0.186875 0.059925 0.028750
0 0.041199 0.186875 0.082397 0.033750
0 0.615169 0.203750 0.043071 0.042500
0 0.827715 0.200000 0.071161 0.027500
0 1.116105 0.189375 0.119850 0.026250
0 1.227528 0.171250 0.043071 0.032500
0 1.021536 0.187500 0.065543 0.020000
0 0.963483 0.205000 0.073034 0.045000
0 1.012172 0.207500 0.016854 0.017500
0 1.133895 0.208125 0.024345 0.018750
0 1.273408 0.179375 0.014981 0.018750
0 1.266854 0.193125 0.024345 0.011250
0 1.267790 0.208125 0.022472 0.016250
0 0.765918 0.196875 0.056180 0.026250
0 0.643258 0.201875 0.016854 0.031250
0 1.440075 0.173125 0.037453 0.056250
