0 0.911658 0.387435 0.176685 0.764398
0 0.797814 0.407068 0.189435 0.662304
0 0.702186 0.342932 0.165756 0.581152
0 0.534608 0.319372 0.169399 0.591623
0 0.429872 0.267016 0.131148 0.460733
0 0.622040 0.293194 0.122040 0.434555
0 0.871585 0.346859 0.176685 0.625654
0 0.330601 0.544503 0.238616 0.837696
0 0.462659 0.510471 0.229508 0.811518
0 0.224954 0.392670 0.202186 0.717277
0 0.152095 0.350785 0.122040 0.434555
0 0.289617 0.142670 0.069217 0.170157
0 0.169399 0.125654 0.069217 0.104712
0 0.367031 0.075916 0.038251 0.078534
0 0.777778 0.117801 0.058288 0.146597
