0 0.163146 0.296094 0.152582 0.251563
0 0.282864 0.289062 0.152582 0.253125
0 0.393192 0.279687 0.147887 0.243750
0 0.478873 0.281250 0.145540 0.237500
0 0.542254 0.271875 0.145540 0.237500
0 0.612676 0.275000 0.131455 0.218750
0 0.701878 0.274219 0.136150 0.220312
0 0.765258 0.264844 0.140845 0.229687
0 0.842723 0.273438 0.140845 0.231250
0 0.917840 0.269531 0.136150 0.226562
0 1.009390 0.269531 0.131455 0.217188
0 1.100939 0.261719 0.140845 0.232813
0 1.159624 0.273438 0.126761 0.209375
0 1.234742 0.283594 0.145540 0.235937
0 1.341549 0.296094 0.147887 0.239063
0 0.657277 0.179688 0.042254 0.043750
0 0.063380 0.355469 0.126761 0.220312
0 0.186620 0.348438 0.119718 0.225000
0 0.321596 0.346875 0.122066 0.228125
0 0.414319 0.337500 0.115023 0.215625
0 0.510563 0.346875 0.115023 0.190625
0 0.604460 0.326562 0.096244 0.209375
0 0.700704 0.330469 0.100939 0.207813
0 0.799296 0.325000 0.086854 0.193750
0 0.908451 0.334375 0.117371 0.209375
0 1.016432 0.347656 0.126761 0.204687
0 1.187793 0.346875 0.131455 0.209375
0 1.347418 0.367969 0.136150 0.232813
0 1.450704 0.371875 0.093897 0.231250
