0 1.061558 0.353333 0.103015 0.170000
0 0.972362 0.345000 0.135678 0.223333
0 0.751256 0.350000 0.100503 0.166667
0 0.680905 0.354167 0.100503 0.168333
0 0.523869 0.317500 0.062814 0.105000
0 0.312814 0.300000 0.047739 0.076667
0 0.369347 0.300000 0.050251 0.080000
0 0.423367 0.299167 0.042714 0.068333
0 0.456030 0.297500 0.037688 0.061667
0 0.498744 0.297500 0.042714 0.071667
0 0.547739 0.293333 0.045226 0.073333
0 0.577889 0.320000 0.035176 0.060000
0 0.606784 0.301667 0.047739 0.083333
0 0.626884 0.310000 0.052764 0.086667
