0 0.027885 0.605263 0.048077 0.175439
0 0.078846 0.606725 0.050000 0.190058
0 0.122115 0.599415 0.036538 0.140351
0 0.163462 0.609649 0.069231 0.254386
0 0.232692 0.602339 0.046154 0.181287
0 0.292308 0.605263 0.080769 0.309942
0 0.257692 0.608187 0.034615 0.128655
0 0.327885 0.602339 0.036538 0.134503
0 0.360577 0.615497 0.051923 0.190058
0 0.380769 0.628655 0.161538 0.602339
0 0.450962 0.609649 0.025000 0.102339
0 0.513462 0.597953 0.080769 0.307018
0 0.612500 0.605263 0.055769 0.210526
0 0.675000 0.602339 0.084615 0.315789
0 0.744231 0.590643 0.184615 0.690058
0 0.869231 0.614035 0.092308 0.345029
0 0.820192 0.619883 0.040385 0.157895
0 0.928846 0.619883 0.053846 0.210526
