0 0.920868 0.346094 0.019930 0.064062
0 0.257327 0.564063 0.155920 0.506250
0 0.348769 0.573438 0.153576 0.500000
0 0.385111 0.550000 0.141852 0.462500
0 0.462485 0.575000 0.134818 0.437500
0 0.500000 0.507031 0.127784 0.417187
0 0.559203 0.555469 0.131301 0.432812
0 0.620164 0.516406 0.126612 0.414062
0 0.692849 0.557031 0.126612 0.417187
0 0.642438 0.619531 0.131301 0.432812
0 0.541618 0.658594 0.126612 0.417187
0 0.399179 0.659375 0.139508 0.459375
0 0.186987 0.383594 0.019930 0.064062
0 0.777843 0.357031 0.022274 0.039062
0 0.091442 0.382812 0.114889 0.068750
