0 0.131661 0.364545 0.163009 0.234545
0 0.227273 0.343636 0.141066 0.200000
0 0.365204 0.325455 0.090909 0.127273
0 0.429467 0.335455 0.106583 0.150909
0 0.456113 0.340909 0.109718 0.158182
0 0.590909 0.350909 0.141066 0.200000
0 0.661442 0.333636 0.119122 0.172727
0 0.775862 0.321818 0.115987 0.163636
0 0.819749 0.362727 0.172414 0.245455
0 0.954545 0.359091 0.141066 0.205455
0 0.993730 0.339091 0.125392 0.183636
0 1.095611 0.330000 0.103448 0.147273
0 1.429467 0.339091 0.137931 0.194545
0 1.598746 0.317273 0.094044 0.140000
0 1.645768 0.342727 0.144201 0.209091
0 1.053292 0.280000 0.062696 0.087273
0 1.293103 0.342727 0.141066 0.201818
0 0.289969 0.290000 0.072100 0.049091
0 0.553292 0.264545 0.059561 0.049091
0 1.095611 0.245455 0.059561 0.036364
