0 0.344444 0.391667 0.161111 0.264815
0 0.394444 0.382407 0.116667 0.194444
0 0.473611 0.381481 0.125000 0.207407
0 0.558333 0.375000 0.138889 0.231481
0 0.629167 0.374074 0.152778 0.255556
0 0.727778 0.373148 0.177778 0.294444
0 0.791667 0.376852 0.138889 0.224074
0 0.866667 0.375926 0.144444 0.237037
0 0.958333 0.375926 0.127778 0.211111
0 1.026389 0.380556 0.113889 0.190741
0 1.072222 0.379630 0.105556 0.170370
0 1.123611 0.378704 0.091667 0.153704
0 1.169444 0.379630 0.083333 0.140741
0 1.209722 0.380556 0.075000 0.127778
0 1.240278 0.380556 0.075000 0.124074
0 1.265278 0.378704 0.069444 0.112963
0 1.379167 0.376852 0.086111 0.138889
0 0.523611 0.381481 0.108333 0.181481
0 1.283333 0.380556 0.061111 0.105556
0 1.301389 0.379630 0.058333 0.096296
0 1.326389 0.380556 0.058333 0.098148
0 0.694444 0.380556 0.122222 0.205556
