0 0.602225 0.329297 0.105702 0.146094
0 0.850487 0.334375 0.115438 0.160938
0 0.906815 0.384375 0.172462 0.239063
0 1.129346 0.314844 0.108484 0.151562
0 1.671071 0.260547 0.020862 0.028906
0 1.730876 0.258984 0.031989 0.046094
0 1.595967 0.261328 0.020862 0.028906
0 1.575800 0.256250 0.016690 0.025000
0 1.549374 0.259375 0.022253 0.032813
0 1.473574 0.258594 0.020862 0.031250
0 1.447844 0.255859 0.025035 0.033594
0 1.381780 0.255469 0.029207 0.040625
0 1.405424 0.257812 0.026426 0.035937
0 1.315716 0.257031 0.127955 0.035937
