0 0.136364 0.367273 0.178886 0.269091
0 0.046921 0.388182 0.082111 0.125455
0 0.338710 0.371818 0.126100 0.194545
0 0.472141 0.374545 0.087977 0.138182
0 0.576246 0.373636 0.079179 0.125455
0 0.671554 0.353636 0.170088 0.263636
0 0.743402 0.361818 0.126100 0.196364
0 0.794721 0.366364 0.099707 0.150909
0 0.826979 0.369091 0.076246 0.116364
0 1.171554 0.360000 0.073314 0.116364
0 1.222874 0.359091 0.099707 0.154545
0 1.319648 0.353636 0.129032 0.198182
0 1.450147 0.343636 0.178886 0.276364
0 1.571848 0.354545 0.082111 0.138182
0 0.966276 0.369091 0.067449 0.076364
0 1.035191 0.393636 0.041056 0.052727
0 1.117302 0.360909 0.064516 0.081818
0 0.868035 0.393636 0.041056 0.056364
