0 0.140833 0.496250 0.095000 0.175000
0 0.237500 0.478125 0.071667 0.133750
0 0.274167 0.465625 0.061667 0.113750
0 0.313333 0.451875 0.053333 0.101250
0 0.368333 0.493750 0.093333 0.170000
0 0.406667 0.478750 0.066667 0.122500
0 0.425833 0.465625 0.058333 0.108750
0 0.572500 0.479375 0.068333 0.128750
0 0.605833 0.493125 0.091667 0.171250
0 0.706667 0.455625 0.050000 0.096250
0 0.740000 0.464375 0.060000 0.113750
0 0.779167 0.481250 0.068333 0.125000
0 0.849167 0.491875 0.085000 0.156250
0 0.940000 0.477500 0.063333 0.120000
0 1.002500 0.465000 0.048333 0.092500
0 1.040000 0.486875 0.080000 0.146250
0 1.101667 0.475000 0.063333 0.117500
0 0.831667 0.458125 0.050000 0.096250
