0 0.029333 0.456000 0.058667 0.164000
0 0.070667 0.466000 0.072000 0.136000
0 0.161333 0.445000 0.040000 0.074000
0 0.200000 0.458000 0.069333 0.132000
0 0.301333 0.451000 0.080000 0.154000
0 0.338667 0.453000 0.069333 0.130000
0 0.408000 0.452000 0.064000 0.124000
0 0.429333 0.451000 0.074667 0.138000
0 0.461333 0.456000 0.074667 0.136000
0 0.577333 0.468000 0.194667 0.356000
0 0.729333 0.484000 0.253333 0.468000
0 0.828000 0.471000 0.189333 0.346000
0 0.940000 0.468000 0.200000 0.372000
0 1.106667 0.174000 0.026667 0.056000
0 1.120000 0.464000 0.202667 0.376000
0 1.188000 0.462000 0.184000 0.344000
0 1.252000 0.466000 0.162667 0.360000
0 1.250667 0.459000 0.165333 0.554000
0 1.012000 0.207000 0.050667 0.050000
