0 0.200000 0.446809 0.121739 0.398453
0 0.314493 0.622824 0.226087 0.738878
0 0.505797 0.572534 0.168116 0.545455
0 0.710870 0.499033 0.157971 0.518375
0 0.799275 0.579304 0.184058 0.605416
0 0.321739 0.300774 0.034783 0.114120
0 0.347101 0.304642 0.039130 0.129594
0 0.379710 0.287234 0.031884 0.102515
0 0.415217 0.305609 0.042029 0.135397
0 0.460145 0.296905 0.036232 0.117988
0 0.471739 0.292070 0.027536 0.096712
0 0.486232 0.285300 0.024638 0.087041
0 0.818841 0.266925 0.023188 0.081238
0 0.939855 0.647002 0.120290 0.694391
0 0.615942 0.280464 0.026087 0.088975
0 0.977536 0.274662 0.036232 0.058027
0 0.197101 0.773694 0.153623 0.282398
0 0.563768 0.919729 0.205797 0.156673
