0 0.165568 0.282075 0.067545 0.194340
0 0.256178 0.293396 0.060956 0.171698
0 0.299835 0.300000 0.056013 0.158491
0 0.330313 0.298113 0.054366 0.150943
0 0.364086 0.306604 0.049423 0.137736
0 0.421746 0.341509 0.029654 0.083019
0 0.520593 0.478302 0.082372 0.228302
0 0.570840 0.475472 0.031301 0.094340
0 0.691104 0.484906 0.077430 0.215094
0 0.716639 0.450000 0.062603 0.179245
0 0.790774 0.474528 0.082372 0.228302
0 0.140033 1.056604 0.059308 0.169811
0 0.224876 1.033019 0.077430 0.216981
0 0.331137 1.022642 0.079077 0.222642
0 0.364086 1.049057 0.065898 0.184906
0 0.404448 0.996226 0.070840 0.203774
0 0.395387 0.829245 0.065898 0.183019
0 0.450577 0.884906 0.070840 0.200000
0 0.485997 0.940566 0.075783 0.216981
0 0.616969 1.076415 0.044481 0.126415
0 0.414333 1.097170 0.070840 0.088679
0 0.450577 1.032075 0.054366 0.060377
0 0.449753 1.078302 0.042834 0.066038
0 0.489292 1.103774 0.062603 0.075472
