0 0.056522 0.278125 0.104348 0.375000
0 0.288043 0.276562 0.097826 0.353125
0 0.343478 0.278125 0.100000 0.356250
0 0.251087 0.237500 0.097826 0.350000
0 0.172826 0.367188 0.197826 0.696875
0 0.221739 0.275000 0.091304 0.331250
0 0.182609 1.107813 0.186957 0.653125
0 0.527174 1.098437 0.184783 0.659375
0 0.291304 1.020312 0.100000 0.359375
0 0.058696 1.014063 0.082609 0.290625
0 0.081522 0.981250 0.076087 0.268750
0 0.128261 0.984375 0.060870 0.225000
0 0.321739 1.015625 0.078261 0.281250
0 0.216304 1.006250 0.089130 0.312500
0 0.034783 0.993750 0.069565 0.250000
0 0.260870 0.982812 0.056522 0.203125
0 0.455435 1.064062 0.132609 0.471875
0 0.644565 0.984375 0.102174 0.387500
0 0.606522 0.998437 0.113043 0.396875
0 0.092391 0.128125 0.036957 0.062500
0 0.140217 0.128125 0.032609 0.068750
0 0.305435 0.087500 0.032609 0.056250
0 0.023913 0.125000 0.039130 0.081250
0 0.522826 0.378125 0.336957 0.712500
0 0.247826 0.873437 0.017391 0.046875
0 0.402174 0.890625 0.043478 0.106250
0 0.560870 0.853125 0.039130 0.087500
