0 0.668850 0.271762 0.135371 0.244161
0 0.761281 0.277601 0.131004 0.232484
0 0.157933 0.737261 0.216885 0.385350
0 0.318049 0.721868 0.196507 0.350318
0 0.825328 0.757962 0.241630 0.433121
0 0.344978 0.339703 0.186317 0.331210
0 0.612809 0.497346 0.110626 0.198514
0 0.232897 0.390658 0.302766 0.229299
0 0.633188 0.779724 0.215429 0.385350
0 0.209607 0.188429 0.101892 0.141189
0 0.389374 0.209660 0.135371 0.111465
0 0.429403 0.146497 0.055313 0.089172
0 0.491266 0.159766 0.039301 0.069002
0 0.316594 0.144904 0.050946 0.047771
0 0.343523 0.136412 0.029112 0.028662
