0 0.788647 0.698182 0.176329 0.323636
0 0.123188 0.320909 0.096618 0.183636
0 0.065217 0.394545 0.130435 0.316364
0 0.876812 0.490000 0.246377 0.452727
0 0.324879 0.291818 0.055556 0.103636
0 0.149758 0.328182 0.082126 0.154545
0 0.363527 0.313636 0.036232 0.067273
0 0.352657 0.290909 0.038647 0.076364
0 0.287440 0.281818 0.038647 0.076364
0 0.379227 0.289091 0.038647 0.076364
0 0.415459 0.299091 0.048309 0.089091
0 0.522947 0.301818 0.060386 0.109091
0 0.560386 0.302727 0.053140 0.103636
0 0.584541 0.302727 0.048309 0.089091
0 0.613527 0.303636 0.048309 0.087273
0 0.188406 0.279091 0.033816 0.041818
0 0.182367 0.244545 0.026570 0.027273
0 0.170290 0.410000 0.113527 0.110909
0 0.477053 0.541818 0.321256 0.130909
0 0.908213 0.692727 0.154589 0.305455
