0 1.396557 0.498746 0.199363 0.324653
0 1.384404 0.490837 0.207465 0.337770
0 1.259983 0.506848 0.185475 0.301505
0 1.253183 0.487751 0.205440 0.333912
0 0.991898 0.506366 0.190972 0.310957
0 0.875289 0.494117 0.207755 0.338542
0 0.828559 0.488040 0.212095 0.345293
0 0.722656 0.504340 0.195891 0.318480
0 0.653501 0.484279 0.220775 0.358989
0 0.434172 0.504726 0.197049 0.320795
0 0.465712 0.502508 0.197049 0.320216
0 0.263455 0.512828 0.186632 0.303819
0 0.309028 0.487076 0.219329 0.357253
0 0.139323 0.525367 0.171586 0.279128
0 0.149161 0.484664 0.223090 0.362847
0 1.110677 0.539352 0.086516 0.081790
0 1.446325 0.580633 0.107350 0.079475
