0 0.852222 0.615385 0.082222 0.314381
0 0.906667 0.618729 0.084444 0.307692
0 0.747778 0.714047 0.148889 0.558528
0 0.666667 0.605351 0.066667 0.254181
0 0.627778 0.608696 0.060000 0.227425
0 0.561111 0.714047 0.148889 0.545151
0 0.490000 0.704013 0.126667 0.471572
0 0.426667 0.698997 0.111111 0.414716
0 0.332222 0.724080 0.140000 0.525084
0 0.372222 0.687291 0.095556 0.357860
0 0.266667 0.742475 0.133333 0.488294
0 0.190000 0.729097 0.135556 0.501672
0 0.155556 0.714047 0.115556 0.431438
0 0.123333 0.700669 0.113333 0.424749
0 0.943333 0.593645 0.082222 0.304348
0 0.893333 0.600334 0.071111 0.270903
0 0.060000 0.698997 0.106667 0.354515
