0 0.175455 0.756831 0.125455 0.464481
0 0.059091 0.770492 0.118182 0.431694
0 0.358182 0.751366 0.130909 0.486339
0 0.450000 0.722678 0.110909 0.412568
0 0.512727 0.752732 0.105455 0.385246
0 0.583636 0.730874 0.112727 0.412568
0 0.626364 0.693989 0.107273 0.398907
0 0.675455 0.687158 0.096364 0.363388
0 0.735455 0.669399 0.078182 0.284153
0 0.764545 0.666667 0.074545 0.278689
0 0.825455 0.663934 0.069091 0.262295
0 0.853636 0.648907 0.060000 0.226776
0 0.920909 0.648907 0.052727 0.199454
0 0.358182 0.685792 0.712727 0.371585
0 0.859091 0.620219 0.274545 0.278689
