0 0.124190 0.324638 0.136069 0.226087
0 0.265659 0.431159 0.263499 0.436232
0 0.449244 0.344203 0.112311 0.184058
0 0.361771 0.242754 0.041037 0.068116
0 0.436285 0.242754 0.038877 0.065217
0 0.515119 0.244203 0.036717 0.065217
0 0.577754 0.244928 0.041037 0.072464
0 0.670626 0.247101 0.045356 0.073913
0 0.727862 0.255072 0.051836 0.084058
0 0.762419 0.250000 0.043197 0.071014
0 0.646868 0.369565 0.161987 0.266667
0 0.830454 0.397101 0.209503 0.347826
0 0.961123 0.306522 0.095032 0.155072
0 1.131749 0.302899 0.099352 0.165217
0 1.130670 0.333333 0.105832 0.176812
0 1.366091 0.242029 0.045356 0.078261
0 1.266739 0.254348 0.041037 0.068116
0 1.245140 0.242029 0.032397 0.055072
0 1.217063 0.306522 0.092873 0.062319
0 1.311015 0.296377 0.099352 0.053623
0 1.354212 0.355797 0.151188 0.131884
0 1.406048 0.422464 0.146868 0.160870
0 0.695464 0.471014 0.211663 0.257971
0 0.414687 0.226812 0.751620 0.073913
0 1.059395 0.234058 0.447084 0.073913
