0 0.153707 0.471642 0.162749 0.656716
0 0.216998 0.394030 0.148282 0.597015
0 0.330922 0.386567 0.141049 0.576119
0 0.417722 0.408955 0.133816 0.549254
0 0.535262 0.213433 0.039783 0.170149
0 0.557866 0.238806 0.056058 0.232836
0 0.594937 0.214925 0.028933 0.125373
0 0.630199 0.210448 0.037975 0.158209
0 0.674503 0.231343 0.050633 0.211940
0 0.694394 0.194030 0.039783 0.167164
0 0.728752 0.207463 0.039783 0.164179
0 0.750452 0.208955 0.043400 0.185075
0 0.766727 0.210448 0.036166 0.146269
0 0.808318 0.191045 0.039783 0.167164
0 0.617541 0.516418 0.128391 0.286567
0 0.866184 0.586567 0.173599 0.307463
0 0.127486 0.695522 0.240506 0.501493
