0 0.021739 0.352998 0.026087 0.087041
0 0.028261 0.350097 0.027536 0.096712
0 0.032609 0.365571 0.021739 0.073501
0 0.073188 0.356867 0.033333 0.114120
0 0.060145 0.352998 0.027536 0.094778
0 0.131159 0.373308 0.047826 0.162476
0 0.145652 0.360735 0.044928 0.145068
0 0.194203 0.351064 0.031884 0.102515
0 0.209420 0.351064 0.030435 0.102515
0 0.228261 0.362669 0.033333 0.114120
0 0.258696 0.361702 0.039130 0.131528
0 0.389855 0.347195 0.028986 0.094778
0 0.354348 0.552224 0.242029 0.791103
0 0.442029 0.496132 0.139130 0.454545
0 0.483333 0.478723 0.137681 0.446809
0 0.581159 0.541586 0.202899 0.661509
0 0.726812 0.421663 0.108696 0.352031
0 0.778986 0.432302 0.094203 0.311412
0 0.875362 0.411025 0.069565 0.226306
0 0.952899 0.363636 0.042029 0.135397
0 0.670290 0.360735 0.039130 0.125725
0 0.626087 0.415861 0.078261 0.259188
0 0.684783 0.361702 0.036232 0.119923
0 0.804348 0.320116 0.011594 0.040619
0 0.797826 0.321083 0.013043 0.042553
0 0.837681 0.321083 0.014493 0.046422
0 0.847826 0.322050 0.011594 0.044487
0 0.866667 0.322050 0.014493 0.052224
0 0.106522 0.370406 0.013043 0.044487
0 0.174638 0.343327 0.024638 0.056093
