0 1.138568 0.422308 0.069284 0.112308
0 0.234411 0.496923 0.200924 0.332308
0 0.356813 0.418462 0.066975 0.113846
0 0.389145 0.425385 0.071594 0.121538
0 0.474596 0.426154 0.076212 0.123077
0 0.516166 0.410769 0.066975 0.107692
0 0.576212 0.425385 0.076212 0.127692
0 0.635104 0.429231 0.078522 0.129231
0 0.696305 0.410000 0.057737 0.093846
0 0.751732 0.408462 0.062356 0.106154
0 0.796767 0.426154 0.069284 0.116923
0 0.830254 0.413077 0.066975 0.109231
0 0.874134 0.405385 0.053118 0.087692
0 0.974596 0.420000 0.060046 0.098462
0 0.920323 0.413077 0.090069 0.146154
0 1.023095 0.430769 0.069284 0.113846
0 1.095843 0.425385 0.066975 0.112308
0 1.068129 0.420000 0.057737 0.098462
0 1.361432 0.423077 0.066975 0.113846
0 1.390300 0.417692 0.078522 0.127692
0 0.024249 0.396923 0.048499 0.061538
0 0.056582 0.390000 0.048499 0.063077
0 0.098152 0.381538 0.053118 0.055385
0 0.757506 0.386154 0.831409 0.080000
