0 0.090909 0.509494 0.154545 0.259494
0 0.227273 0.515823 0.127273 0.227848
0 0.338636 0.501582 0.140909 0.243671
0 0.440909 0.495253 0.118182 0.212025
0 0.518182 0.498418 0.118182 0.205696
0 0.613636 0.512658 0.136364 0.240506
0 0.740909 0.512658 0.127273 0.227848
0 0.977273 0.487342 0.100000 0.170886
0 0.925000 0.474684 0.095455 0.170886
0 0.856818 0.487342 0.113636 0.202532
0 1.063636 0.473101 0.100000 0.180380
0 1.106818 0.474684 0.113636 0.189873
0 1.213636 0.482595 0.100000 0.174051
0 1.275000 0.477848 0.113636 0.196203
0 1.340909 0.482595 0.100000 0.167722
0 0.718182 0.458861 1.390909 0.170886
