0 0.166667 0.405714 0.156989 0.257143
0 0.266667 0.462143 0.215054 0.352857
0 0.229032 0.355000 0.113978 0.184286
0 0.474194 0.390714 0.144086 0.232857
0 0.605376 0.466429 0.195699 0.321429
0 0.468817 0.497857 0.202151 0.330000
0 0.645161 0.372143 0.120430 0.195714
0 0.718280 0.350000 0.098925 0.165714
0 0.520430 0.333571 0.094624 0.158571
0 0.840860 0.506429 0.193548 0.312857
0 0.973118 0.484286 0.217204 0.357143
0 1.144086 0.410000 0.163441 0.265714
0 1.234409 0.419286 0.154839 0.252857
0 1.384946 0.348571 0.111828 0.185714
0 1.446237 0.413571 0.118280 0.287143
0 1.433333 0.335714 0.109677 0.182857
0 1.026882 0.364286 0.126882 0.208571
0 0.913978 0.299286 0.086022 0.141429
0 0.949462 0.276429 0.066667 0.050000
0 0.810753 0.324286 0.111828 0.057143
0 0.630108 0.265714 0.064516 0.045714
0 1.255914 0.547143 0.335484 0.231429
0 1.138710 0.260000 0.058065 0.037143
