0 0.088000 0.242515 0.029333 0.109780
0 0.126000 0.229541 0.033333 0.127745
0 0.141333 0.220559 0.032000 0.117764
0 0.160667 0.214571 0.030667 0.113772
0 0.176000 0.214571 0.032000 0.121756
0 0.754000 0.824351 0.068000 0.251497
0 0.663333 0.777445 0.070667 0.261477
0 0.598000 0.757485 0.068000 0.253493
0 0.550000 0.740519 0.068000 0.247505
0 0.481333 0.719561 0.066667 0.241517
0 0.423333 0.700599 0.060000 0.223553
0 0.382667 0.678643 0.061333 0.231537
0 0.348000 0.665669 0.056000 0.205589
0 0.222667 0.371257 0.040000 0.147705
0 0.259333 0.345309 0.044000 0.163673
0 0.307333 0.297405 0.036000 0.131737
0 0.332667 0.290419 0.033333 0.125749
0 0.347333 0.301397 0.033333 0.127745
0 0.348667 0.281437 0.033333 0.127745
0 0.368667 0.292415 0.033333 0.125749
0 0.385333 0.306387 0.034667 0.125749
0 0.404667 0.295409 0.036000 0.131737
0 0.423333 0.308383 0.036000 0.129741
0 0.435333 0.291417 0.033333 0.123752
0 0.453333 0.303393 0.032000 0.123752
0 0.461333 0.281437 0.034667 0.131737
0 0.476667 0.294411 0.036000 0.129741
0 0.498667 0.288423 0.034667 0.125749
0 0.482667 0.276447 0.034667 0.129741
0 0.506000 0.267465 0.033333 0.123752
0 0.522667 0.280439 0.034667 0.129741
0 0.545333 0.271457 0.034667 0.131737
0 0.576000 0.267465 0.032000 0.123752
0 0.566667 0.258483 0.034667 0.125749
0 0.598667 0.242515 0.034667 0.133733
0 0.602000 0.252495 0.033333 0.125749
0 0.605333 0.262475 0.034667 0.133733
0 0.630000 0.246507 0.036000 0.129741
0 0.634000 0.257485 0.033333 0.123752
0 0.667333 0.248503 0.033333 0.125749
0 0.698000 0.359281 0.038667 0.139721
0 0.672000 0.370259 0.034667 0.133733
0 0.656000 0.378244 0.037333 0.137725
0 0.635333 0.386228 0.036000 0.133733
0 0.621333 0.397206 0.032000 0.123752
0 0.612667 0.402196 0.030667 0.113772
0 0.621333 0.500000 0.048000 0.173653
0 0.608667 0.488024 0.044000 0.165669
0 0.598667 0.474052 0.042667 0.157685
0 0.599333 0.460080 0.041333 0.153693
0 0.601333 0.450100 0.040000 0.145709
0 0.641333 0.526946 0.045333 0.171657
0 0.663333 0.542914 0.046667 0.175649
0 0.692667 0.565868 0.049333 0.181637
0 0.725333 0.585828 0.048000 0.181637
0 0.818000 0.632735 0.049333 0.187625
0 0.870667 0.657685 0.050667 0.189621
0 0.938667 0.678643 0.056000 0.203593
0 0.726000 0.346307 0.036000 0.137725
0 0.752000 0.340319 0.034667 0.129741
0 0.782667 0.331337 0.034667 0.131737
0 0.812000 0.322355 0.032000 0.121756
0 0.850667 0.315369 0.034667 0.127745
0 0.891333 0.304391 0.036000 0.129741
0 0.931333 0.298403 0.036000 0.129741
0 0.973333 0.297405 0.032000 0.115768
0 0.422667 0.197605 0.026667 0.103792
0 0.440667 0.073852 0.025333 0.095808
0 0.511333 0.064870 0.012000 0.045908
0 0.560667 0.248503 0.033333 0.121756
0 0.385333 0.284431 0.034667 0.125749
0 0.264667 0.035928 0.017333 0.067864
0 0.385333 0.064870 0.016000 0.057884
0 0.482000 0.044910 0.022667 0.089820
0 0.507333 0.046906 0.022667 0.085828
0 0.337333 0.065868 0.016000 0.059880
0 0.597333 0.375250 0.013333 0.015968
0 0.602667 0.364271 0.016000 0.025948
0 0.558000 0.195609 0.020000 0.043912
0 0.538000 0.220559 0.014667 0.041916
0 0.530000 0.207585 0.012000 0.031936
0 0.521333 0.211577 0.016000 0.059880
0 0.500000 0.213573 0.013333 0.035928
0 0.493333 0.211577 0.016000 0.043912
0 0.466667 0.206587 0.013333 0.025948
0 0.471333 0.230539 0.014667 0.053892
0 0.438000 0.213573 0.014667 0.027944
0 0.446000 0.235529 0.017333 0.047904
0 0.415333 0.244511 0.017333 0.049900
0 0.376000 0.231537 0.013333 0.039920
0 0.396667 0.232535 0.017333 0.045908
0 0.538000 0.141717 0.025333 0.079840
0 0.460000 0.031936 0.026667 0.063872
0 0.530667 0.017964 0.021333 0.035928
0 0.438667 0.019960 0.018667 0.039920
0 0.370000 0.059880 0.028000 0.067864
0 0.372667 0.015968 0.012000 0.031936
0 0.383333 0.021956 0.014667 0.027944
0 0.293333 0.020958 0.026667 0.041916
0 0.328667 0.015968 0.020000 0.031936
0 0.347333 0.036926 0.017333 0.061876
0 0.320667 0.060878 0.022667 0.073852
0 0.392000 0.013972 0.013333 0.027944
0 0.475333 0.004990 0.009333 0.009980
0 0.502000 0.011976 0.014667 0.023952
0 0.225333 0.021956 0.064000 0.043912
0 0.336667 0.018962 0.060000 0.037924
