0 0.155382 0.530952 0.272569 0.914286
0 0.415799 0.464286 0.206597 0.700000
0 0.556424 0.380952 0.151042 0.509524
0 0.694444 0.567857 0.260417 0.864286
0 0.805556 0.429762 0.152778 0.516667
0 0.881944 0.396429 0.121528 0.407143
0 0.932292 0.377381 0.114583 0.383333
0 0.040799 0.398810 0.081597 0.426190
0 0.092014 0.386905 0.118056 0.402381
0 0.033854 0.361905 0.067708 0.366667
0 0.208333 0.360714 0.100694 0.345238
0 0.234375 0.342857 0.093750 0.319048
0 0.270833 0.385714 0.104167 0.357143
0 0.324653 0.341667 0.093750 0.316667
0 0.284722 0.357143 0.100694 0.342857
0 0.355035 0.353571 0.102431 0.350000
0 0.460938 0.341667 0.102431 0.345238
0 0.493924 0.320238 0.092014 0.307143
0 0.635417 0.322619 0.086806 0.288095
0 0.050347 0.350000 0.086806 0.290476
0 0.784722 0.285714 0.017361 0.061905
0 0.971354 0.358333 0.057292 0.340476
0 0.951389 0.354762 0.097222 0.347619
0 0.079861 0.239286 0.017361 0.045238
0 0.059896 0.232143 0.022569 0.054762
0 0.297743 0.228571 0.012153 0.042857
0 0.330729 0.229762 0.008681 0.021429
0 0.507812 0.217857 0.029514 0.045238
0 0.960069 0.213095 0.027778 0.073810
0 0.980035 0.216667 0.026042 0.076190
0 0.755208 0.217857 0.034722 0.064286
0 0.592014 0.215476 0.048611 0.069048
