0 1.415323 0.341960 0.044355 0.062775
0 1.483871 0.373899 0.072581 0.100220
0 1.648185 0.399229 0.082661 0.113436
0 1.311492 0.412445 0.070565 0.093612
0 1.292339 0.366740 0.056452 0.077093
0 1.130040 0.379956 0.062500 0.085903
0 1.004032 0.401982 0.080645 0.110132
0 1.001008 0.370595 0.054435 0.073789
0 0.182460 0.413546 0.054435 0.073789
0 0.085685 0.323789 0.026210 0.035242
0 0.127016 0.319934 0.020161 0.029736
0 0.160282 0.319383 0.018145 0.024229
0 1.035282 0.329295 0.022177 0.028634
0 1.111895 0.337004 0.038306 0.052863
0 1.142137 0.335903 0.034274 0.048458
0 0.933468 0.345264 0.032258 0.042952
0 0.899194 0.354626 0.048387 0.063877
0 0.789315 0.379956 0.058468 0.079295
0 0.745968 0.366189 0.052419 0.073789
0 0.687500 0.361233 0.040323 0.057269
0 0.664315 0.400881 0.074597 0.101322
0 0.509073 0.387665 0.046371 0.061674
0 0.410282 0.371145 0.042339 0.057269
0 0.675403 0.325991 0.024194 0.028634
0 0.845766 0.322137 0.018145 0.020925
0 0.887097 0.322137 0.036290 0.018722
0 0.925403 0.325441 0.024194 0.025330
0 0.540323 0.197137 0.157258 0.132159
