0 0.088971 0.777839 0.177941 0.435502
0 0.169853 0.524256 0.098529 0.179713
0 0.199265 0.481808 0.083824 0.154355
0 0.284559 0.415656 0.060294 0.110254
0 0.522059 0.449835 0.067647 0.123484
0 0.496324 0.412348 0.054412 0.099228
0 0.468382 0.448732 0.069118 0.125689
0 0.435294 0.447630 0.067647 0.127894
0 0.405882 0.454796 0.061765 0.115766
0 0.378676 0.423374 0.039706 0.072767
0 0.357353 0.412900 0.052941 0.100331
0 0.332353 0.406284 0.052941 0.098126
0 0.383824 0.503859 0.094118 0.174201
0 0.638235 0.438258 0.061765 0.115766
0 0.576471 0.408490 0.052941 0.098126
0 0.550735 0.413451 0.045588 0.085998
0 0.527206 0.380926 0.036765 0.067255
0 0.384559 0.374862 0.042647 0.081588
0 0.265441 0.409041 0.045588 0.083793
0 0.227941 0.360529 0.041176 0.079383
0 0.244118 0.350606 0.047059 0.085998
0 0.335294 0.356119 0.041176 0.079383
0 0.356618 0.366042 0.033824 0.061742
0 0.502206 0.362734 0.039706 0.074972
0 0.544118 0.345094 0.029412 0.055127
0 0.531618 0.348953 0.030882 0.058434
0 0.194853 0.358324 0.036765 0.066152
0 0.219853 0.356119 0.039706 0.072767
0 0.326471 0.432194 0.026471 0.050717
0 0.263235 0.348953 0.032353 0.062845
0 0.478676 0.352260 0.039706 0.073870
0 0.633824 0.346748 0.026471 0.051819
0 0.644853 0.345094 0.019118 0.035281
0 0.678676 0.502756 0.639706 0.994487
0 0.543382 0.377619 0.025000 0.042999
0 0.414706 0.388093 0.035294 0.041896
0 0.439706 0.368798 0.035294 0.029768
0 0.393382 0.341786 0.016176 0.033076
0 0.430882 0.333517 0.023529 0.025358
0 0.453676 0.337376 0.022059 0.024256
0 0.491912 0.334068 0.022059 0.028666
0 0.558088 0.357773 0.027941 0.027563
0 0.204412 0.330761 0.017647 0.022051
0 0.288235 0.332415 0.035294 0.040794
0 0.455882 0.399118 0.020588 0.033076
0 0.445588 0.378721 0.014706 0.007718
0 0.444853 0.371003 0.022059 0.018743
0 0.513235 0.330209 0.011765 0.014333
0 0.518382 0.339581 0.025000 0.024256
0 0.253676 0.316979 0.013235 0.012128
0 0.369118 0.350055 0.014706 0.020948
