0 0.340580 0.526201 0.127536 0.475983
0 0.591304 0.503275 0.130435 0.478166
0 0.815217 0.349345 0.018841 0.069869
0 0.792754 0.350437 0.017391 0.063319
0 0.779710 0.351528 0.017391 0.065502
0 0.771014 0.342795 0.011594 0.043668
0 0.761594 0.352620 0.018841 0.076419
0 0.739855 0.356987 0.021739 0.085153
0 0.750725 0.334061 0.005797 0.026201
0 0.726087 0.349345 0.017391 0.065502
0 0.710145 0.347162 0.014493 0.061135
0 0.714493 0.343886 0.011594 0.050218
0 0.226812 0.403930 0.021739 0.082969
0 0.210870 0.395197 0.021739 0.087336
0 0.184783 0.421397 0.027536 0.109170
0 0.165217 0.422489 0.031884 0.115721
0 0.135507 0.420306 0.027536 0.102620
0 0.063043 0.427948 0.033333 0.122271
0 0.041304 0.425764 0.033333 0.122271
0 0.094203 0.403930 0.014493 0.056769
0 0.150725 0.411572 0.026087 0.098253
0 0.428261 0.368996 0.015942 0.056769
0 0.414493 0.364629 0.014493 0.052402
0 0.408696 0.379913 0.017391 0.069869
0 0.513043 0.381004 0.023188 0.089520
0 0.528261 0.361354 0.013043 0.050218
0 0.537681 0.359170 0.005797 0.028384
0 0.550000 0.374454 0.024638 0.093886
0 0.502174 0.368996 0.015942 0.056769
0 0.491304 0.368996 0.014493 0.052402
0 0.560145 0.381004 0.024638 0.089520
0 0.439130 0.360262 0.005797 0.026201
0 0.463768 0.405022 0.028986 0.111354
0 0.653623 0.343886 0.020290 0.067686
0 0.696377 0.343886 0.015942 0.041485
0 0.687681 0.343886 0.013043 0.041485
0 0.673913 0.350437 0.017391 0.032751
0 0.631884 0.323144 0.011594 0.026201
0 0.172464 0.386463 0.011594 0.026201
0 0.197101 0.375546 0.008696 0.017467
0 0.251449 0.376638 0.007246 0.019651
0 0.281884 0.391921 0.013043 0.050218
0 0.395652 0.361354 0.011594 0.024017
0 0.434058 0.353712 0.004348 0.017467
0 0.468841 0.356987 0.013043 0.028384
0 0.484783 0.360262 0.010145 0.021834
0 0.447826 0.365721 0.011594 0.019651
0 0.455072 0.363537 0.008696 0.015284
0 0.568116 0.344978 0.014493 0.034934
0 0.858696 0.354803 0.010145 0.054585
0 0.871014 0.355895 0.017391 0.052402
0 0.907246 0.361354 0.014493 0.067686
0 0.421014 0.361354 0.007246 0.028384
0 0.476812 0.355895 0.011594 0.026201
0 0.802899 0.334061 0.011594 0.034934
0 0.884058 0.351528 0.043478 0.061135
0 0.260145 0.394105 0.042029 0.050218
0 0.379710 0.361354 0.026087 0.024017
0 0.972464 0.351528 0.052174 0.078603
