0 1.415691 0.375781 0.166276 0.301563
0 1.348946 0.379688 0.163934 0.265625
0 1.286885 0.376563 0.194379 0.318750
0 1.139344 0.375781 0.166276 0.273438
0 1.073770 0.371875 0.185012 0.303125
0 1.010539 0.337500 0.166276 0.275000
0 0.984778 0.419531 0.189696 0.307812
0 0.920375 0.372656 0.163934 0.270313
0 0.774005 0.438281 0.199063 0.326562
0 0.500000 0.375781 0.199063 0.329688
0 0.415691 0.374219 0.166276 0.276562
0 0.322014 0.374219 0.199063 0.326562
0 0.244731 0.374219 0.175644 0.289062
0 0.162763 0.376563 0.208431 0.340625
0 0.071429 0.382031 0.142857 0.276562
0 0.436768 0.246094 0.114754 0.089063
