0 0.881250 0.513542 0.068750 0.222917
0 0.842187 0.521875 0.068750 0.222917
0 0.819531 0.520833 0.073438 0.245833
0 0.789844 0.527083 0.076563 0.250000
0 0.749219 0.533333 0.076563 0.254167
0 0.714063 0.530208 0.084375 0.272917
0 0.672656 0.531250 0.089063 0.291667
0 0.628125 0.538542 0.093750 0.306250
0 0.584375 0.545833 0.096875 0.320833
0 0.525781 0.545833 0.107813 0.350000
0 0.467969 0.551042 0.117188 0.385417
0 0.380469 0.531250 0.135937 0.445833
0 0.053906 0.516667 0.092188 0.304167
0 0.111719 0.523958 0.098437 0.322917
0 0.121875 0.511458 0.090625 0.297917
0 0.185938 0.523958 0.106250 0.347917
0 0.263281 0.537500 0.110937 0.366667
0 0.242188 0.532292 0.090625 0.297917
0 0.330469 0.539583 0.104688 0.345833
0 0.253906 0.529167 0.098437 0.320833
0 0.495312 0.529167 0.090625 0.300000
0 0.546094 0.531250 0.079687 0.258333
0 0.445312 0.534375 0.093750 0.306250
0 0.239063 0.391667 0.018750 0.037500
0 0.286719 0.404167 0.023438 0.054167
0 0.295312 0.414583 0.021875 0.041667
0 0.305469 0.394792 0.014063 0.047917
0 0.542188 0.391667 0.015625 0.025000
0 0.560937 0.416667 0.018750 0.050000
0 0.604688 0.417708 0.018750 0.052083
0 0.645312 0.422917 0.009375 0.050000
0 0.483594 0.407292 0.014063 0.039583
0 0.422656 0.408333 0.026562 0.058333
0 0.700000 0.423958 0.009375 0.031250
