0 0.044601 0.378125 0.089202 0.153125
0 0.075117 0.380469 0.093897 0.157812
0 0.154930 0.382031 0.145540 0.242188
0 0.213615 0.387500 0.164319 0.265625
0 1.339202 0.380469 0.255869 0.417187
0 1.178404 0.392188 0.197183 0.318750
0 1.057512 0.426563 0.255869 0.418750
0 0.951878 0.386719 0.161972 0.264062
0 0.904930 0.409375 0.213615 0.346875
0 0.834507 0.392188 0.208920 0.343750
0 0.748826 0.390625 0.173709 0.287500
0 0.775822 0.385937 0.138498 0.225000
0 0.671362 0.392188 0.169014 0.275000
0 0.586854 0.383594 0.164319 0.267188
0 0.505869 0.396094 0.143192 0.232813
0 0.501174 0.382031 0.110329 0.182812
0 0.433099 0.386719 0.138498 0.223438
0 0.395540 0.376563 0.100939 0.162500
0 0.350939 0.385156 0.129108 0.214062
0 0.292254 0.377344 0.124413 0.204687
0 0.262911 0.382812 0.112676 0.184375
0 0.322770 0.381250 0.086854 0.146875
0 0.654930 0.387500 0.122066 0.203125
0 0.102113 0.382031 0.096244 0.160938
0 0.205399 0.304688 0.021127 0.015625
0 0.794601 0.217188 0.143192 0.134375
0 0.889671 0.187500 0.154930 0.131250
0 1.246479 0.298438 0.070423 0.165625
0 1.410798 0.221875 0.178404 0.231250
0 1.429577 0.325000 0.140845 0.243750
0 0.124413 0.305469 0.028169 0.010937
