0 0.207317 0.431183 0.196557 0.359140
0 0.397418 0.388710 0.131994 0.244086
0 0.513630 0.397312 0.160689 0.297849
0 0.755380 0.423118 0.208034 0.381720
0 0.713773 0.366667 0.113343 0.210753
0 0.667145 0.357527 0.086083 0.160215
0 0.639885 0.335484 0.037303 0.070968
0 0.312052 0.349462 0.041607 0.077419
0 0.356528 0.341398 0.050215 0.091398
0 0.449067 0.321505 0.014347 0.025806
0 0.428981 0.315591 0.011478 0.022581
0 0.807030 0.331183 0.035868 0.064516
0 0.827834 0.330645 0.043042 0.080645
0 0.836442 0.350000 0.051650 0.097849
0 0.871593 0.344624 0.053085 0.100000
0 0.880918 0.340323 0.043042 0.078495
0 0.908178 0.332258 0.043042 0.079570
0 0.920373 0.348925 0.044476 0.084946
0 1.015782 0.345161 0.048780 0.088172
0 1.045194 0.376882 0.133429 0.244086
0 1.078192 0.355376 0.050215 0.091398
0 1.181492 0.412903 0.199426 0.365591
0 1.243902 0.347849 0.057389 0.104301
0 1.253945 0.345161 0.054519 0.098925
0 1.280488 0.326344 0.021521 0.041935
0 1.305595 0.348925 0.057389 0.112903
0 0.098996 0.355376 0.060258 0.054839
0 0.551650 0.327419 0.012912 0.018280
0 0.573888 0.327957 0.017217 0.019355
0 0.601865 0.329032 0.012912 0.019355
0 0.617647 0.313441 0.012912 0.016129
0 0.422525 0.308602 0.010043 0.010753
0 0.337159 0.332796 0.034433 0.035484
0 0.697274 0.305376 0.014347 0.012903
0 0.961263 0.346237 0.020086 0.023656
0 1.011478 0.309677 0.011478 0.012903
0 1.292683 0.303226 0.017217 0.023656
0 1.311334 0.374731 0.037303 0.050538
0 1.327834 0.309140 0.010043 0.011828
