0 0.026875 0.771667 0.053750 0.273333
0 0.075625 0.800000 0.093750 0.310000
0 0.171250 0.797500 0.092500 0.301667
0 0.211875 0.669167 0.036250 0.118333
0 0.239375 0.660000 0.031250 0.103333
0 0.261875 0.672500 0.028750 0.098333
0 0.296875 0.670000 0.031250 0.103333
0 0.363125 0.715833 0.056250 0.188333
0 0.396250 0.670000 0.030000 0.096667
0 0.406875 0.679167 0.028750 0.095000
0 0.448125 0.705000 0.048750 0.160000
0 0.477500 0.726667 0.080000 0.260000
0 0.535625 0.746667 0.071250 0.236667
0 0.583125 0.656667 0.026250 0.086667
0 0.603750 0.662500 0.022500 0.071667
0 0.630000 0.652500 0.017500 0.061667
0 0.651250 0.663333 0.025000 0.083333
0 0.745000 0.819167 0.095000 0.308333
0 0.701250 0.663333 0.017500 0.060000
0 0.503125 0.629167 0.018750 0.038333
0 0.523125 0.635000 0.021250 0.043333
0 0.553125 0.635000 0.021250 0.050000
0 0.643750 0.629167 0.012500 0.031667
0 0.814375 0.656667 0.021250 0.090000
0 0.935625 0.834167 0.126250 0.321667
