0 0.742500 0.637801 0.123000 0.453313
0 0.461000 0.577560 0.056000 0.209337
0 0.344000 0.558735 0.048000 0.177711
0 0.252500 0.589608 0.083000 0.308735
0 0.201000 0.559488 0.048000 0.176205
0 0.157000 0.573795 0.066000 0.243976
0 0.098000 0.561747 0.050000 0.183735
0 0.076000 0.559488 0.050000 0.182229
0 0.038000 0.544428 0.044000 0.164157
0 0.006500 0.522590 0.013000 0.063253
0 0.396000 0.539910 0.098000 0.109940
0 0.588000 0.569277 0.246000 0.177711
0 0.876500 0.580572 0.241000 0.260542
0 0.270500 0.484187 0.043000 0.109940
0 0.282500 0.498494 0.027000 0.063253
0 0.178000 0.492470 0.024000 0.042169
0 0.324500 0.498494 0.011000 0.030120
0 0.315000 0.496988 0.012000 0.027108
0 0.300000 0.498494 0.012000 0.021084
