0 0.117857 0.566524 0.110000 0.403433
0 0.355000 0.507511 0.055714 0.203863
0 0.376429 0.500000 0.067143 0.244635
0 0.414286 0.501073 0.071429 0.259657
0 0.468571 0.513948 0.071429 0.263948
0 0.503571 0.521459 0.070000 0.257511
0 0.545714 0.517167 0.080000 0.291845
0 0.598571 0.519313 0.085714 0.313305
0 0.654286 0.519313 0.088571 0.330472
0 0.702857 0.548283 0.091429 0.341202
0 0.762143 0.512876 0.072857 0.270386
0 0.793571 0.551502 0.101429 0.373391
0 0.826429 0.516094 0.078571 0.293991
0 0.922143 0.567597 0.110000 0.409871
0 0.962143 0.526824 0.075714 0.349785
0 0.441429 0.450644 0.037143 0.128755
0 0.472857 0.395923 0.048571 0.070815
0 0.516429 0.420601 0.038571 0.094421
0 0.890714 0.528970 0.050000 0.332618
0 0.719286 0.181330 0.218571 0.354077
