0 0.180428 0.369278 0.223242 0.364191
0 0.332569 0.379451 0.206422 0.335707
0 0.444954 0.370295 0.201835 0.327569
0 0.803517 0.350458 0.200306 0.328586
0 0.957951 0.349440 0.209480 0.340793
0 1.106269 0.348932 0.203364 0.333672
0 1.286697 0.342828 0.215596 0.351984
0 0.521407 0.439471 0.198777 0.286877
0 0.712538 0.431841 0.217125 0.281790
0 0.902141 0.428789 0.177370 0.267548
0 1.024465 0.435910 0.177370 0.259410
0 1.204128 0.429807 0.215596 0.265514
0 1.379205 0.418108 0.195719 0.274669
0 0.563456 0.308240 0.151376 0.174975
0 0.659786 0.291455 0.166667 0.167854
