0 1.227500 0.561875 0.135000 0.251250
0 1.136667 0.553750 0.126667 0.232500
0 1.056667 0.548750 0.116667 0.215000
0 0.982500 0.454375 0.068333 0.128750
0 0.926667 0.471250 0.063333 0.115000
0 0.870833 0.473125 0.055000 0.103750
0 0.846667 0.476250 0.060000 0.110000
0 0.136667 0.488750 0.056667 0.075000
0 0.178333 0.453750 0.050000 0.035000
0 0.195833 0.489375 0.058333 0.098750
0 0.229167 0.458125 0.055000 0.048750
0 0.248333 0.490625 0.053333 0.091250
0 0.271667 0.499375 0.060000 0.083750
0 0.316667 0.440000 0.043333 0.022500
0 0.290833 0.507500 0.078333 0.087500
0 0.332500 0.472500 0.035000 0.042500
0 0.341667 0.504375 0.070000 0.088750
0 0.366667 0.514375 0.066667 0.091250
0 0.414167 0.472500 0.035000 0.042500
0 0.413333 0.534375 0.070000 0.101250
0 0.453333 0.479375 0.040000 0.038750
0 0.455833 0.511875 0.045000 0.076250
0 0.493333 0.487500 0.063333 0.055000
0 0.537500 0.490625 0.038333 0.063750
0 0.572500 0.491250 0.051667 0.070000
0 0.507500 0.542500 0.095000 0.087500
0 0.570000 0.565625 0.086667 0.088750
0 0.575000 0.526250 0.060000 0.067500
0 0.628333 0.515625 0.080000 0.101250
0 0.675833 0.497500 0.061667 0.085000
0 0.714167 0.468750 0.071667 0.085000
0 0.710833 0.546250 0.095000 0.095000
0 0.770833 0.566250 0.098333 0.125000
0 0.835000 0.555000 0.090000 0.137500
0 0.774167 0.508750 0.058333 0.050000
0 0.885833 0.701875 0.245000 0.093750
0 0.960833 0.430625 0.035000 0.056250
0 1.032500 0.430625 0.081667 0.093750
0 1.095833 0.435000 0.041667 0.072500
0 1.136667 0.417500 0.050000 0.047500
0 1.170000 0.461875 0.050000 0.051250
0 1.243333 0.469375 0.036667 0.058750
0 1.303333 0.557500 0.060000 0.292500
0 1.280833 0.441250 0.045000 0.055000
