0 0.128182 0.467879 0.038182 0.126061
0 0.277727 0.472121 0.031818 0.107879
0 0.205455 0.343636 0.020000 0.066667
0 0.339545 0.432727 0.033636 0.111515
0 0.361818 0.407879 0.040000 0.134545
0 0.382727 0.401818 0.038182 0.127273
0 0.295909 0.608485 0.064545 0.213333
0 0.385000 0.618182 0.070000 0.230303
0 0.440455 0.661212 0.064545 0.214545
0 0.460000 0.536364 0.054545 0.180606
0 0.571818 0.540000 0.052727 0.175758
0 0.625455 0.564242 0.056364 0.183030
0 0.605000 0.406061 0.039091 0.128485
0 0.570909 0.712121 0.070909 0.231515
0 0.660455 0.518788 0.051818 0.172121
0 0.692273 0.501818 0.055455 0.179394
0 0.853636 0.727273 0.085455 0.281212
0 0.910909 0.427273 0.038182 0.124848
0 0.100909 0.487879 0.061818 0.076364
0 0.217727 0.499394 0.026364 0.138182
0 0.316818 0.464848 0.050000 0.081212
0 0.334091 0.486667 0.040909 0.090909
0 0.430909 0.487273 0.040000 0.113939
0 0.426364 0.404848 0.030909 0.072727
0 0.443636 0.412121 0.023636 0.075152
0 0.447727 0.396970 0.030000 0.083636
0 0.478636 0.398182 0.040909 0.083636
0 0.505909 0.396364 0.024545 0.065455
0 0.527273 0.399394 0.032727 0.081212
0 0.573636 0.398182 0.043636 0.098182
0 0.666364 0.403030 0.036364 0.081212
0 0.716364 0.398788 0.034545 0.070303
0 0.803636 0.468485 0.034545 0.105455
0 0.877273 0.523636 0.052727 0.113939
0 0.934545 0.350303 0.025455 0.036364
0 0.865455 0.890303 0.094545 0.112727
0 0.935455 0.886061 0.069091 0.118788
