0 0.021739 0.507384 0.043478 0.124473
0 0.100000 0.494726 0.060870 0.107595
0 0.146377 0.522152 0.078261 0.141350
0 0.249275 0.552743 0.098551 0.172996
0 0.302899 0.503165 0.049275 0.086498
0 0.333333 0.498945 0.040580 0.073840
0 0.431884 0.490506 0.040580 0.073840
0 0.456522 0.488397 0.049275 0.086498
0 0.523188 0.505274 0.043478 0.078059
0 0.586957 0.492616 0.037681 0.073840
0 0.610145 0.495781 0.055072 0.105485
0 0.628986 0.505274 0.057971 0.107595
0 0.759420 0.496835 0.040580 0.078059
0 0.844928 0.501055 0.043478 0.078059
0 0.975362 0.528481 0.084058 0.149789
0 1.017391 0.485232 0.028986 0.054852
0 1.055072 0.488397 0.034783 0.069620
0 1.139130 0.482068 0.040580 0.078059
0 1.333333 0.467300 0.034783 0.061181
0 1.307246 0.471519 0.028986 0.052743
0 1.223188 0.474684 0.034783 0.067511
0 1.200000 0.472574 0.034783 0.067511
0 0.873913 0.483122 0.031884 0.059072
0 0.214493 0.448312 0.040580 0.027426
0 0.211594 0.477848 0.046377 0.056962
0 0.723188 0.472574 0.026087 0.033755
0 0.721739 0.437764 0.034783 0.044304
0 0.669565 0.498945 0.034783 0.090717
0 0.689855 0.498945 0.034783 0.099156
0 1.098551 0.459916 0.028986 0.033755
0 1.250725 0.456751 0.037681 0.040084
0 1.284058 0.456751 0.028986 0.031646
0 1.286957 0.603376 0.168116 0.236287
0 1.082609 0.594937 0.263768 0.240506
0 0.117391 0.102321 0.176812 0.204641
0 0.304348 0.116034 0.214493 0.219409
