0 0.097950 0.482877 0.141230 0.520548
0 0.156036 0.458904 0.120729 0.452055
0 0.261959 0.431507 0.091116 0.342466
0 0.297267 0.493151 0.143508 0.534247
0 0.415718 0.510274 0.129841 0.486301
0 0.487472 0.510274 0.136674 0.513699
0 0.539863 0.455479 0.104784 0.397260
0 0.611617 0.532534 0.134396 0.496575
0 0.669704 0.491438 0.095672 0.359589
0 0.799544 0.561644 0.159453 0.582192
0 0.977221 0.450342 0.045558 0.270548
0 0.939636 0.424658 0.061503 0.232877
0 0.353075 0.337329 0.041002 0.106164
0 0.382688 0.339041 0.054670 0.109589
0 0.464692 0.306507 0.041002 0.078767
0 0.568337 0.486301 0.084282 0.390411
0 0.970387 0.316781 0.045558 0.113014
0 0.649203 0.323630 0.054670 0.113014
