0 0.324545 0.545307 0.107273 0.475728
0 0.362727 0.500000 0.089091 0.385113
0 0.438182 0.512945 0.090909 0.404531
0 0.460909 0.501618 0.078182 0.336570
0 0.480000 0.461165 0.065455 0.288026
0 0.557273 0.490291 0.081818 0.352751
0 0.646364 0.571197 0.147273 0.637540
0 0.759091 0.509709 0.100000 0.436893
0 0.833636 0.506472 0.089091 0.385113
0 0.872727 0.533981 0.098182 0.427184
0 0.223636 0.563107 0.112727 0.498382
0 0.039091 0.483819 0.070909 0.359223
0 0.152727 0.644013 0.265455 0.692557
0 0.188182 0.334951 0.052727 0.100324
0 0.276364 0.451456 0.105455 0.423948
0 0.390909 0.422330 0.061818 0.210356
0 0.428182 0.313916 0.034545 0.084142
0 0.571818 0.331715 0.049091 0.113269
0 0.613636 0.325243 0.049091 0.080906
0 0.517273 0.334951 0.045455 0.093851
0 0.678182 0.351133 0.043636 0.126214
0 0.703636 0.375405 0.054545 0.161812
0 0.722727 0.352751 0.027273 0.084142
0 0.746364 0.331715 0.030909 0.080906
0 0.717273 0.292880 0.045455 0.080906
