0 0.081250 0.648496 0.072500 0.266917
0 0.123750 0.595865 0.052500 0.206767
0 0.222500 0.580827 0.050000 0.184211
0 0.288750 0.654135 0.072500 0.263158
0 0.345000 0.766917 0.090000 0.338346
0 0.390000 0.624060 0.060000 0.218045
0 0.445000 0.665414 0.080000 0.300752
0 0.526250 0.635338 0.062500 0.225564
0 0.490000 0.571429 0.035000 0.142857
0 0.580000 0.791353 0.085000 0.319549
0 0.638750 0.671053 0.087500 0.319549
0 0.658750 0.631579 0.062500 0.233083
0 0.760000 0.607143 0.050000 0.184211
0 0.838750 0.678571 0.077500 0.296992
0 0.896250 0.593985 0.037500 0.135338
0 0.863750 0.563910 0.012500 0.060150
0 0.343750 0.560150 0.037500 0.135338
0 0.316250 0.554511 0.037500 0.146617
0 0.973750 0.695489 0.042500 0.300752
0 0.813750 0.545113 0.012500 0.037594
0 0.562500 0.560150 0.025000 0.082707
0 0.540000 0.541353 0.020000 0.067669
0 0.401250 0.537594 0.032500 0.090226
0 0.418750 0.524436 0.022500 0.056391
0 0.383750 0.503759 0.022500 0.022556
0 0.291250 0.526316 0.022500 0.090226
0 0.257500 0.612782 0.035000 0.233083
