0 0.355014 0.349005 0.189702 0.314647
0 1.430894 0.256781 0.135501 0.274864
0 1.387534 0.282098 0.140921 0.231465
0 1.306233 0.273960 0.146341 0.236890
0 1.258808 0.273960 0.116531 0.193490
0 1.208672 0.271248 0.124661 0.202532
0 1.155827 0.266727 0.121951 0.204340
0 1.124661 0.268535 0.124661 0.204340
0 1.074526 0.270344 0.116531 0.193490
0 1.005420 0.278481 0.108401 0.180832
0 0.955285 0.268535 0.111111 0.186257
0 0.915989 0.276673 0.113821 0.191682
0 0.836043 0.273960 0.089431 0.150090
0 0.772358 0.288427 0.097561 0.160940
0 0.739837 0.282098 0.092141 0.148282
0 0.704607 0.283906 0.092141 0.151899
0 0.616531 0.286618 0.078591 0.128391
0 0.578591 0.287523 0.073171 0.122966
0 0.535230 0.283002 0.078591 0.132007
0 0.500000 0.283002 0.067751 0.113924
0 0.475610 0.283002 0.067751 0.113924
0 0.439024 0.289331 0.065041 0.104882
0 0.196477 0.291139 0.062331 0.104882
0 0.243902 0.289331 0.065041 0.108499
0 0.117886 0.306510 0.056911 0.099458
0 0.147696 0.294756 0.062331 0.104882
0 0.077236 0.301085 0.046070 0.074141
0 0.042005 0.299277 0.056911 0.092224
0 1.344173 0.142857 0.086721 0.065099
0 1.478320 0.131103 0.040650 0.056058
0 1.204607 0.162749 0.078591 0.068716
0 1.277778 0.146474 0.056911 0.036166
0 1.115176 0.156420 0.073171 0.045208
0 1.054201 0.157324 0.043360 0.043400
0 0.976965 0.169982 0.062331 0.028933
0 0.906504 0.170886 0.073171 0.056058
0 0.604336 0.201627 0.070461 0.063291
