0 0.383629 0.423125 0.234714 0.366250
0 0.288955 0.415000 0.112426 0.175000
0 0.250493 0.418750 0.090730 0.145000
0 0.208087 0.421250 0.069034 0.107500
0 0.477318 0.413125 0.059172 0.096250
0 0.522682 0.413125 0.051282 0.081250
0 0.576923 0.416875 0.108481 0.171250
0 0.661736 0.413125 0.076923 0.118750
0 0.710059 0.414375 0.055227 0.088750
0 0.761341 0.415000 0.059172 0.092500
0 0.838264 0.411875 0.114398 0.176250
0 0.914201 0.410625 0.143984 0.226250
0 1.205128 0.404375 0.110454 0.171250
0 1.370809 0.406250 0.138067 0.215000
0 1.532544 0.397500 0.090730 0.177500
