0 0.043027 0.503341 0.086053 0.213808
0 0.129080 0.541203 0.145401 0.267261
0 0.213650 0.495546 0.118694 0.220490
0 0.270030 0.575724 0.166172 0.305122
0 0.424332 0.535635 0.130564 0.247216
0 0.575668 0.575724 0.172107 0.314031
0 0.691395 0.489978 0.124629 0.231626
0 0.725519 0.510022 0.145401 0.271715
0 0.878338 0.573497 0.154303 0.282851
0 1.043027 0.542316 0.133531 0.247216
0 1.175074 0.505568 0.112760 0.213808
0 1.274481 0.497773 0.115727 0.229399
0 1.264095 0.463252 0.124629 0.227171
0 0.562315 0.500000 0.109792 0.202673
0 0.347181 0.511136 0.118694 0.220490
