0 0.207979 0.395534 0.103191 0.376396
0 0.518617 0.449761 0.118085 0.433812
0 0.633511 0.376396 0.096809 0.354067
0 0.835106 0.585327 0.163830 0.599681
0 0.363298 0.344498 0.058511 0.216906
0 0.132447 0.429825 0.094681 0.221691
0 0.262234 0.385965 0.047872 0.159490
0 0.309043 0.363636 0.032979 0.143541
0 0.382447 0.332536 0.045745 0.062201
0 0.446809 0.329346 0.036170 0.078150
0 0.587234 0.361244 0.044681 0.148325
0 0.707979 0.370016 0.056383 0.114833
0 0.960106 0.393939 0.073404 0.210526
0 0.450532 0.627592 0.388298 0.259968
0 0.708511 0.052632 0.040426 0.102073
0 0.769681 0.054226 0.062766 0.095694
0 0.952660 0.059809 0.043617 0.106858
