0 0.233888 0.388125 0.155925 0.228750
0 0.323285 0.395000 0.164241 0.242500
0 0.383576 0.381250 0.143451 0.212500
0 0.485447 0.378125 0.130977 0.196250
0 0.550936 0.382500 0.137214 0.205000
0 0.655925 0.365625 0.143451 0.213750
0 0.766112 0.366250 0.130977 0.192500
0 0.836798 0.359375 0.118503 0.173750
0 0.909563 0.362500 0.114345 0.170000
0 0.984407 0.383750 0.147609 0.217500
0 1.043659 0.365625 0.133056 0.196250
0 1.124740 0.375000 0.137214 0.200000
0 1.200624 0.370625 0.139293 0.206250
0 1.258836 0.369375 0.139293 0.206250
0 1.331601 0.370000 0.147609 0.217500
0 0.153846 0.446875 0.174636 0.178750
0 0.268191 0.446250 0.133056 0.155000
0 0.386694 0.437500 0.116424 0.167500
0 0.475052 0.441250 0.093555 0.160000
0 0.558212 0.444375 0.089397 0.161250
0 0.639293 0.446250 0.093555 0.162500
0 0.735967 0.433125 0.103950 0.156250
0 0.817048 0.435625 0.095634 0.151250
0 0.895010 0.426875 0.081081 0.151250
0 1.004158 0.435625 0.103950 0.163750
0 1.083160 0.440625 0.091476 0.158750
0 1.160083 0.441250 0.103950 0.172500
0 1.235967 0.429375 0.093555 0.146250
0 1.327443 0.433750 0.122661 0.165000
0 1.426195 0.437500 0.158004 0.167500
0 1.510395 0.378750 0.081081 0.070000
0 1.611227 0.391875 0.103950 0.083750
0 1.530146 0.346875 0.062370 0.051250
0 1.464657 0.337500 0.060291 0.035000
0 1.436590 0.368125 0.058212 0.073750
0 0.607069 0.288125 0.079002 0.051250
0 0.704782 0.282500 0.058212 0.057500
0 0.795218 0.284375 0.051975 0.048750
0 0.863825 0.288125 0.035343 0.038750
0 0.926195 0.283125 0.043659 0.043750
0 0.981289 0.271875 0.041580 0.038750
0 1.069647 0.283125 0.039501 0.038750
0 0.514553 0.282500 0.072765 0.052500
0 1.356549 0.293750 0.039501 0.045000
0 1.406445 0.288750 0.047817 0.030000
0 1.456341 0.295625 0.051975 0.048750
0 1.511435 0.298750 0.066528 0.057500
0 1.565489 0.309375 0.074844 0.068750
0 1.619543 0.314375 0.070686 0.083750
0 1.086279 0.263750 0.172557 0.035000
