0 0.039927 0.365333 0.079855 0.205333
0 0.084392 0.343333 0.121597 0.217333
0 0.106171 0.360000 0.117967 0.213333
0 0.185118 0.386000 0.148820 0.268000
0 0.269510 0.350000 0.092559 0.166667
0 0.440109 0.470000 0.284936 0.513333
0 0.368421 0.473333 0.203267 0.365333
0 0.532668 0.409333 0.183303 0.330667
0 0.672414 0.533333 0.219601 0.397333
0 0.876588 0.409333 0.348457 0.629333
0 1.081670 0.486667 0.272232 0.490667
0 0.724138 0.390667 0.166969 0.301333
0 0.614338 0.372000 0.136116 0.242667
0 1.298548 0.382000 0.125227 0.268000
0 1.202359 0.378667 0.150635 0.269333
0 1.248639 0.329333 0.083485 0.152000
0 0.198730 0.269333 0.049002 0.050667
0 0.756806 0.276667 0.047187 0.054667
0 0.777677 0.254000 0.085299 0.132000
0 0.937387 0.231333 0.045372 0.046667
0 0.978221 0.249333 0.021779 0.029333
0 0.383848 0.272667 0.034483 0.046667
