0 0.047674 0.141935 0.095349 0.203226
0 0.069767 0.183065 0.093023 0.159677
0 0.124419 0.196774 0.086047 0.145161
0 0.163953 0.211290 0.090698 0.154839
0 0.225581 0.179032 0.106977 0.187097
0 0.251163 0.228226 0.083721 0.140323
0 0.284884 0.236290 0.081395 0.140323
0 0.337209 0.214516 0.116279 0.196774
0 0.374419 0.237097 0.093023 0.161290
0 0.415116 0.244355 0.081395 0.140323
0 0.456977 0.263710 0.072093 0.127419
0 0.475581 0.220161 0.127907 0.220968
0 0.561628 0.272581 0.100000 0.167742
0 0.560465 0.217742 0.144186 0.245161
0 0.636047 0.236290 0.127907 0.220968
0 0.697674 0.262903 0.111628 0.193548
0 0.779070 0.270161 0.120930 0.208065
0 0.861628 0.290323 0.141860 0.238710
0 0.934884 0.309677 0.116279 0.200000
0 0.963953 0.366935 0.104651 0.175806
0 1.023256 0.331452 0.130233 0.224194
0 1.018605 0.387097 0.097674 0.167742
0 1.105814 0.341129 0.113953 0.195161
0 1.133721 0.395161 0.100000 0.174194
0 1.181395 0.346774 0.130233 0.219355
0 1.203488 0.404032 0.104651 0.175806
0 1.259302 0.362903 0.123256 0.212903
0 1.304651 0.418548 0.093023 0.159677
0 1.362791 0.439516 0.088372 0.150000
0 1.393023 0.387903 0.097674 0.230645
0 0.102326 0.088710 0.060465 0.080645
0 0.155814 0.104032 0.065116 0.082258
0 0.287209 0.119355 0.076744 0.100000
0 0.419767 0.152419 0.090698 0.079032
0 1.348837 0.316129 0.083721 0.096774
0 0.874419 0.092742 0.074419 0.120968
0 1.066279 0.039516 0.113953 0.072581
0 1.105814 0.124194 0.100000 0.132258
0 1.333721 0.088710 0.109302 0.129032
