0 0.077224 0.583333 0.041056 0.166667
0 0.037146 0.572006 0.015640 0.063107
0 0.043011 0.572006 0.013685 0.059871
0 0.128055 0.603560 0.041056 0.168285
0 0.155914 0.631877 0.075269 0.309061
0 0.249267 0.652913 0.087977 0.357605
0 0.400782 0.627023 0.060606 0.250809
0 0.470186 0.659385 0.086022 0.351133
0 0.603128 0.644013 0.056696 0.233010
0 0.671554 0.656149 0.091887 0.370550
0 0.865103 0.667476 0.080156 0.328479
0 0.899804 0.657767 0.065494 0.270227
0 0.972630 0.632686 0.044966 0.187702
0 0.275171 0.543689 0.065494 0.278317
