0 0.046667 0.296111 0.093333 0.170000
0 0.196667 0.301111 0.096667 0.157778
0 0.247500 0.323333 0.151667 0.248889
0 0.384167 0.337222 0.208333 0.341111
0 0.495000 0.334444 0.213333 0.346667
0 0.600833 0.318333 0.141667 0.232222
0 0.683333 0.313889 0.150000 0.243333
0 0.765000 0.328889 0.126667 0.206667
0 0.822500 0.324444 0.131667 0.217778
0 0.954167 0.303889 0.131667 0.214444
0 1.018333 0.325000 0.146667 0.238889
0 1.125833 0.327778 0.141667 0.233333
0 1.238333 0.325556 0.180000 0.295556
0 1.330000 0.331111 0.176667 0.288889
0 0.141667 0.348333 0.086667 0.114444
0 0.322500 0.204444 0.075000 0.064444
