0 0.104205 0.612536 0.168190 0.643875
0 0.145338 0.601140 0.133455 0.507123
0 0.201097 0.585470 0.117002 0.452991
0 0.266910 0.568376 0.095064 0.361823
0 0.325411 0.527066 0.084095 0.319088
0 0.275137 0.514245 0.060329 0.230769
0 0.388483 0.511396 0.074954 0.287749
0 0.442413 0.511396 0.073126 0.276353
0 0.500914 0.504274 0.054845 0.210826
0 0.598720 0.514245 0.093236 0.361823
0 0.642596 0.495726 0.060329 0.227920
0 0.841865 0.480057 0.056673 0.225071
0 0.881170 0.488604 0.065814 0.253561
0 0.546618 0.465812 0.047532 0.122507
0 0.685558 0.460114 0.043876 0.094017
0 0.731261 0.450142 0.051188 0.096866
0 0.733090 0.569801 0.098720 0.188034
