0 0.534698 0.488000 0.272242 0.498667
0 0.985765 0.456667 0.234875 0.433333
0 0.840747 0.340667 0.058719 0.108000
0 0.785587 0.330000 0.044484 0.081333
0 0.756228 0.317333 0.042705 0.077333
0 0.714413 0.353333 0.065836 0.125333
0 0.688612 0.334000 0.049822 0.094667
0 0.669929 0.320667 0.040925 0.076000
0 0.631673 0.345333 0.071174 0.133333
0 0.433274 0.330000 0.058719 0.110667
0 0.400356 0.335333 0.056940 0.108000
0 0.350534 0.326667 0.064057 0.117333
0 0.322954 0.328667 0.055160 0.105333
0 0.283808 0.328000 0.058719 0.112000
0 0.251779 0.316667 0.048043 0.089333
0 0.209964 0.324667 0.056940 0.105333
0 0.135231 0.364667 0.113879 0.209333
0 0.070285 0.306667 0.048043 0.088000
0 0.031139 0.312667 0.040925 0.076000
0 0.298043 0.272667 0.033808 0.028000
0 0.604982 0.290000 0.035587 0.033333
0 0.483986 0.286000 0.035587 0.036000
0 0.462633 0.292000 0.032028 0.042667
0 0.303381 0.494667 0.279359 0.072000
