0 0.045000 0.547500 0.090000 0.585000
0 0.125833 0.562500 0.141667 0.520000
0 0.208333 0.547500 0.143333 0.530000
0 0.295833 0.551250 0.135000 0.502500
0 0.384167 0.538750 0.138333 0.507500
0 0.456667 0.555000 0.130000 0.480000
0 0.529167 0.542500 0.125000 0.465000
0 0.595000 0.553750 0.120000 0.437500
0 0.659167 0.543750 0.115000 0.427500
0 0.703333 0.537500 0.123333 0.450000
0 0.763333 0.533750 0.113333 0.422500
0 0.834167 0.546250 0.101667 0.377500
0 0.908333 0.541250 0.103333 0.377500
0 0.939167 0.540000 0.101667 0.380000
0 0.969167 0.530000 0.061667 0.375000
