0 0.668168 0.237000 0.201201 0.334000
0 0.024024 0.299000 0.048048 0.090000
0 0.073574 0.296000 0.069069 0.116000
0 0.202703 0.287000 0.075075 0.122000
0 0.267267 0.292000 0.054054 0.092000
0 0.295796 0.298000 0.057057 0.096000
0 0.324324 0.292000 0.054054 0.088000
0 0.387387 0.289000 0.066066 0.106000
0 0.474474 0.297000 0.054054 0.090000
0 0.633634 0.297000 0.048048 0.082000
0 0.684685 0.289000 0.060060 0.102000
0 0.731231 0.298000 0.069069 0.116000
0 0.768769 0.302000 0.054054 0.088000
0 0.816817 0.306000 0.060060 0.100000
0 0.884384 0.308000 0.063063 0.104000
0 1.039039 0.292000 0.060060 0.104000
0 1.067568 0.294000 0.045045 0.080000
0 1.184685 0.307000 0.081081 0.130000
0 1.249249 0.306000 0.102102 0.172000
0 1.465465 0.329000 0.054054 0.046000
0 1.438438 0.350000 0.060060 0.052000
0 1.390390 0.341000 0.036036 0.046000
0 1.354354 0.340000 0.048048 0.056000
0 1.298799 0.347000 0.051051 0.054000
0 1.078078 0.346000 0.060060 0.064000
0 0.996997 0.330000 0.066066 0.056000
0 0.941441 0.326000 0.045045 0.048000
0 0.938438 0.278000 0.057057 0.048000
0 0.957958 0.220000 0.066066 0.056000
0 0.527027 0.309000 0.045045 0.046000
0 0.624625 0.322000 0.054054 0.052000
0 0.677177 0.321000 0.063063 0.050000
