0 0.083333 0.316260 0.113861 0.274797
0 0.113036 0.307317 0.107261 0.260163
0 0.176568 0.295122 0.115512 0.281301
0 0.185644 0.320325 0.107261 0.263415
0 0.284653 0.292683 0.120462 0.292683
0 0.269802 0.317886 0.110561 0.271545
0 0.345710 0.319512 0.110561 0.268293
0 0.376238 0.304878 0.112211 0.268293
0 0.438119 0.329268 0.100660 0.245528
0 0.466997 0.299187 0.118812 0.286179
0 0.545380 0.329268 0.100660 0.242276
0 0.659241 0.304878 0.117162 0.287805
0 0.641089 0.335772 0.097360 0.239024
0 0.721122 0.330894 0.095710 0.232520
0 0.743399 0.310569 0.110561 0.269919
0 0.811881 0.304065 0.112211 0.273171
0 0.817657 0.338211 0.094059 0.230894
0 0.899340 0.306504 0.115512 0.278049
0 0.887789 0.345528 0.089109 0.213008
0 0.716997 0.674797 0.080858 0.195122
0 0.816007 0.749593 0.202970 0.491057
0 0.594059 0.743089 0.198020 0.481301
0 0.567657 0.858537 0.108911 0.260163
0 0.399340 0.774797 0.184818 0.443902
0 0.221122 0.745528 0.204620 0.492683
