0 0.297319 0.561194 0.137224 0.632836
0 0.015773 0.447761 0.031546 0.161194
0 0.059937 0.458209 0.028391 0.140299
0 0.085962 0.471642 0.020505 0.095522
0 0.112776 0.435821 0.036278 0.167164
0 0.134858 0.465672 0.020505 0.101493
0 0.160095 0.431343 0.033123 0.152239
0 0.189274 0.410448 0.037855 0.176119
0 0.221609 0.420896 0.033123 0.161194
0 0.339117 0.410448 0.031546 0.146269
0 0.354890 0.395522 0.037855 0.176119
0 0.386435 0.392537 0.041009 0.188060
0 0.408517 0.402985 0.031546 0.155224
0 0.426656 0.401493 0.029968 0.146269
0 0.439274 0.389552 0.033123 0.152239
0 0.456625 0.401493 0.033123 0.152239
0 0.494479 0.404478 0.029968 0.140299
0 0.526025 0.414925 0.023659 0.107463
0 0.543375 0.383582 0.036278 0.170149
0 0.562303 0.385075 0.033123 0.155224
0 0.571767 0.395522 0.026814 0.128358
0 0.589905 0.380597 0.031546 0.152239
0 0.615142 0.374627 0.028391 0.140299
0 0.624606 0.402985 0.031546 0.149254
0 0.637224 0.377612 0.028391 0.134328
0 0.651420 0.380597 0.034700 0.170149
0 0.676656 0.388060 0.031546 0.149254
0 0.692429 0.374627 0.034700 0.158209
0 0.708202 0.376119 0.034700 0.161194
0 0.735016 0.368657 0.034700 0.164179
0 0.749211 0.376119 0.034700 0.161194
0 0.776025 0.371642 0.031546 0.152239
0 0.794164 0.373134 0.033123 0.161194
0 0.817823 0.377612 0.036278 0.170149
0 0.833596 0.370149 0.033123 0.155224
0 0.854101 0.368657 0.039432 0.188060
0 0.879338 0.380597 0.033123 0.164179
0 0.896688 0.383582 0.036278 0.176119
0 0.915615 0.388060 0.036278 0.173134
0 0.956625 0.377612 0.042587 0.200000
0 0.977129 0.385075 0.045741 0.208955
0 0.094637 0.425373 0.034700 0.164179
0 0.317035 0.404478 0.034700 0.170149
0 0.410883 0.602985 0.118297 0.208955
0 0.055994 0.355224 0.017350 0.041791
0 0.070189 0.349254 0.020505 0.047761
0 0.134858 0.343284 0.017350 0.029851
0 0.131703 0.367164 0.017350 0.041791
0 0.151420 0.340299 0.015773 0.035821
0 0.220820 0.323881 0.018927 0.032836
0 0.462145 0.313433 0.015773 0.041791
0 0.510252 0.332836 0.017350 0.044776
0 0.522871 0.320896 0.017350 0.038806
0 0.576498 0.322388 0.014196 0.035821
0 0.820978 0.286567 0.017350 0.041791
0 0.922713 0.282090 0.018927 0.044776
