0 0.427778 0.367105 0.248148 0.428947
0 0.038889 0.260526 0.077778 0.210526
0 0.079630 0.256579 0.114815 0.207895
0 0.140741 0.267105 0.118519 0.213158
0 0.201852 0.253947 0.100000 0.181579
0 0.146296 0.253947 0.129630 0.223684
0 0.248148 0.264474 0.118519 0.213158
0 0.325926 0.257895 0.103704 0.184211
0 0.559259 0.271053 0.125926 0.215789
0 0.614815 0.280263 0.133333 0.234211
0 0.696296 0.285526 0.111111 0.202632
0 0.722222 0.272368 0.125926 0.218421
0 0.751852 0.280263 0.111111 0.192105
0 0.859259 0.286842 0.125926 0.215789
0 0.964815 0.305263 0.159259 0.273684
0 1.055556 0.284211 0.118519 0.210526
0 1.087037 0.298684 0.114815 0.202632
0 1.137037 0.301316 0.103704 0.186842
0 1.179630 0.307895 0.122222 0.215789
0 1.229630 0.311842 0.118519 0.213158
0 1.309259 0.297368 0.107407 0.194737
0 1.368519 0.293421 0.077778 0.171053
0 1.259259 0.189474 0.059259 0.042105
0 1.135185 0.180263 0.048148 0.039474
0 0.518519 0.184211 0.066667 0.047368
0 0.594444 0.161842 0.048148 0.039474
0 0.290741 0.184211 0.048148 0.036842
0 0.050000 0.171053 0.055556 0.042105
