0 0.289333 0.547000 0.061333 0.118000
0 0.361333 0.548000 0.061333 0.112000
0 0.389333 0.542000 0.058667 0.112000
0 0.436000 0.542000 0.056000 0.104000
0 0.489333 0.547000 0.061333 0.114000
0 0.606667 0.594000 0.098667 0.180000
0 0.646667 0.578000 0.077333 0.144000
0 0.700000 0.549000 0.072000 0.138000
0 0.748000 0.569000 0.072000 0.134000
0 0.872000 0.570000 0.074667 0.144000
0 0.906667 0.541000 0.032000 0.066000
0 0.950667 0.589000 0.093333 0.170000
0 1.050667 0.572000 0.090667 0.164000
0 1.092000 0.565000 0.066667 0.126000
0 1.016000 0.567000 0.069333 0.126000
0 1.164000 0.558000 0.066667 0.120000
0 0.717333 0.534000 0.021333 0.044000
0 0.036000 0.473000 0.040000 0.034000
0 0.046667 0.514000 0.066667 0.068000
0 0.128000 0.481000 0.085333 0.078000
0 0.170667 0.535000 0.122667 0.094000
0 0.241333 0.501000 0.045333 0.058000
0 0.265333 0.490000 0.034667 0.028000
0 0.582667 0.508000 0.029333 0.032000
0 0.626667 0.498000 0.021333 0.028000
