0 0.090000 0.500000 0.032000 0.109333
0 0.118000 0.504000 0.040000 0.133333
0 0.146000 0.494667 0.032000 0.104000
0 0.191000 0.630667 0.118000 0.386667
0 0.260000 0.678667 0.144000 0.466667
0 0.233000 0.484000 0.026000 0.093333
0 0.319000 0.674667 0.190000 0.624000
0 0.407000 0.621333 0.114000 0.373333
0 0.476000 0.656000 0.152000 0.501333
0 0.515000 0.589333 0.102000 0.330667
0 0.603000 0.593333 0.114000 0.370667
0 0.749000 0.661333 0.202000 0.656000
0 0.866000 0.517333 0.048000 0.160000
0 0.899000 0.486667 0.018000 0.061333
0 0.916000 0.488000 0.016000 0.053333
0 0.943000 0.496000 0.018000 0.058667
0 0.994000 0.492000 0.012000 0.061333
0 0.939000 0.460000 0.026000 0.034667
0 0.699000 0.432000 0.046000 0.074667
0 0.650000 0.468000 0.056000 0.093333
0 0.557000 0.457333 0.038000 0.056000
0 0.436000 0.444000 0.040000 0.061333
