0 0.024540 0.228571 0.049080 0.114286
0 0.151840 0.218367 0.052147 0.089796
0 0.745399 0.171429 0.067485 0.110204
0 0.785276 0.177551 0.067485 0.110204
0 0.633436 0.325510 0.187117 0.308163
0 1.323620 0.314286 0.131902 0.220408
0 1.248466 0.197959 0.098160 0.163265
0 0.917178 0.176531 0.067485 0.108163
0 0.134969 0.420408 0.196319 0.102041
0 0.794479 0.425510 0.141104 0.100000
0 0.855828 0.348980 0.110429 0.089796
0 1.138037 0.374490 0.177914 0.091837
0 1.139571 0.192857 0.076687 0.083673
0 1.058282 0.169388 0.055215 0.048980
0 1.012270 0.174490 0.049080 0.051020
0 0.869632 0.185714 0.070552 0.069388
0 0.532209 0.171429 0.076687 0.053061
0 0.443252 0.191837 0.088957 0.085714
0 0.105828 0.211224 0.070552 0.087755
0 0.268405 0.205102 0.076687 0.104082
0 0.782209 0.255102 0.208589 0.097959
