0 0.865000 0.437500 0.042500 0.105000
0 0.908750 0.433125 0.045000 0.111250
0 0.755625 0.430625 0.036250 0.091250
0 0.680625 0.428750 0.038750 0.095000
0 0.719375 0.430000 0.036250 0.087500
0 0.595000 0.416250 0.030000 0.072500
0 0.571250 0.425625 0.027500 0.068750
0 0.955000 0.906875 0.015000 0.041250
0 0.042500 0.900625 0.045000 0.113750
0 0.123750 0.914375 0.052500 0.131250
0 0.170000 0.911875 0.047500 0.118750
0 0.285000 0.916250 0.057500 0.142500
0 0.341875 0.916875 0.053750 0.131250
0 0.381875 0.913125 0.061250 0.148750
0 0.560000 0.920000 0.047500 0.115000
0 0.744375 0.901875 0.018750 0.046250
0 0.205000 0.933750 0.035000 0.072500
