0 0.100000 0.397485 0.072464 0.241779
0 0.151449 0.487427 0.128986 0.421663
0 0.205072 0.444874 0.097101 0.321083
0 0.255072 0.510638 0.136232 0.448743
0 0.339130 0.448743 0.089855 0.294004
0 0.424638 0.560928 0.165217 0.541586
0 0.576812 0.578337 0.191304 0.626692
0 0.631159 0.511605 0.160870 0.524178
0 0.897826 0.459381 0.094203 0.311412
0 0.962319 0.428433 0.075362 0.249516
0 0.656522 0.480658 0.107246 0.350097
0 0.689855 0.466151 0.086957 0.282398
0 0.764493 0.499033 0.076812 0.255319
0 0.712319 0.422631 0.076812 0.249516
0 0.760870 0.423598 0.075362 0.243714
0 0.786957 0.433269 0.081159 0.270793
0 0.839855 0.531915 0.085507 0.243714
