0 0.117969 0.699063 0.101562 0.372365
0 0.185938 0.689696 0.100000 0.372365
0 0.239844 0.728337 0.079687 0.295082
0 0.292187 0.724824 0.084375 0.311475
0 0.348438 0.692037 0.093750 0.344262
0 0.396094 0.706089 0.089063 0.325527
0 0.475000 0.743560 0.075000 0.278689
0 0.449219 0.689696 0.098437 0.358314
0 0.522656 0.687354 0.092188 0.334895
0 0.577344 0.724824 0.076563 0.288056
0 0.632812 0.692037 0.087500 0.325527
0 0.679688 0.718970 0.075000 0.281030
0 0.710156 0.707260 0.079687 0.295082
0 0.770312 0.693208 0.087500 0.318501
0 0.835156 0.709602 0.092188 0.337237
0 0.895312 0.723653 0.084375 0.313817
0 0.757812 0.610070 0.096875 0.358314
0 0.709375 0.632319 0.090625 0.332553
0 0.596875 0.649883 0.087500 0.320843
0 0.562500 0.591335 0.081250 0.302108
0 0.497656 0.597190 0.079687 0.290398
0 0.294531 0.621780 0.092188 0.334895
0 0.346094 0.633489 0.082812 0.306792
0 0.248438 0.614754 0.087500 0.320843
0 0.203125 0.605386 0.090625 0.330211
0 0.357812 0.457845 0.034375 0.072600
0 0.400000 0.467213 0.028125 0.053864
0 0.385937 0.514052 0.037500 0.053864
0 0.431250 0.498829 0.034375 0.088993
0 0.460938 0.466042 0.037500 0.093677
0 0.626563 0.491803 0.040625 0.093677
0 0.657031 0.462529 0.032813 0.063232
0 0.667188 0.539813 0.034375 0.072600
0 0.724219 0.449649 0.039062 0.107728
