0 0.249254 0.710736 0.035821 0.121272
0 0.361940 0.618290 0.019403 0.067594
0 0.400000 0.621272 0.023881 0.077535
0 0.424627 0.615308 0.025373 0.081511
0 0.450746 0.607356 0.023881 0.077535
0 0.465672 0.602386 0.020896 0.067594
0 0.453731 0.694831 0.026866 0.093439
0 0.544776 0.588469 0.014925 0.051690
0 0.562687 0.581511 0.014925 0.053678
0 0.602239 0.579523 0.010448 0.037773
0 0.590299 0.568588 0.010448 0.035785
0 0.619403 0.572565 0.014925 0.047714
0 0.654478 0.606362 0.019403 0.063618
0 0.488806 0.567594 0.007463 0.029821
0 0.092537 0.714712 0.038806 0.073559
0 0.114179 0.716700 0.025373 0.057654
0 0.752239 0.688867 0.029851 0.089463
0 0.546269 0.955268 0.071642 0.077535
0 0.291045 0.633201 0.017910 0.049702
