0 0.227813 0.454503 0.015625 0.059099
0 0.271250 0.469043 0.023750 0.090056
0 0.283750 0.469043 0.023750 0.090056
0 0.311250 0.553940 0.085000 0.314259
0 0.375937 0.456379 0.019375 0.070356
0 0.396875 0.504221 0.050000 0.182927
0 0.487187 0.547842 0.101875 0.373358
0 0.572812 0.580675 0.126875 0.467167
0 0.715938 0.556754 0.144375 0.530019
0 0.404687 0.457786 0.016875 0.063790
0 0.421250 0.460600 0.017500 0.067542
0 0.435625 0.456379 0.018750 0.072233
0 0.454062 0.469981 0.029375 0.108818
0 0.535625 0.472326 0.027500 0.100375
0 0.526875 0.465291 0.028750 0.105066
0 0.610938 0.480769 0.036875 0.136023
0 0.630313 0.479831 0.035625 0.130394
0 0.648750 0.481238 0.033750 0.125704
0 0.677813 0.481238 0.034375 0.129456
0 0.749375 0.483114 0.037500 0.136961
0 0.767188 0.485460 0.035625 0.132270
0 0.789062 0.484053 0.035625 0.131332
0 0.805625 0.495310 0.041250 0.150094
0 0.830625 0.491088 0.040000 0.147280
0 0.870313 0.488743 0.034375 0.129456
0 0.882812 0.489212 0.038125 0.139775
0 0.902813 0.512195 0.055625 0.204503
0 0.938438 0.492026 0.036875 0.137899
0 0.950625 0.489681 0.041250 0.151970
0 0.969688 0.521107 0.058125 0.214822
0 0.983437 0.485929 0.033125 0.146341
