0 0.285156 0.664319 0.117188 0.436620
0 0.246875 0.598592 0.081250 0.305164
0 0.353906 0.568075 0.064062 0.239437
0 0.421875 0.605634 0.100000 0.370892
0 0.505469 0.658451 0.129688 0.476526
0 0.402344 0.598592 0.073438 0.272300
0 0.557813 0.546948 0.043750 0.159624
0 0.596875 0.538732 0.040625 0.157277
0 0.632812 0.522300 0.043750 0.166667
0 0.684375 0.529343 0.040625 0.152582
0 0.724219 0.528169 0.035937 0.136150
0 0.752344 0.521127 0.035937 0.131455
0 0.771094 0.528169 0.035937 0.131455
0 0.801562 0.532864 0.031250 0.122066
0 0.828906 0.528169 0.029687 0.117371
0 0.842969 0.525822 0.032813 0.122066
0 0.792188 0.522300 0.028125 0.110329
0 0.946094 0.535211 0.029687 0.112676
0 0.980469 0.530516 0.032813 0.122066
0 0.600781 0.517606 0.517188 0.143192
