0 0.969000 0.575930 0.043600 0.160264
0 0.957600 0.579532 0.042400 0.155462
0 0.931000 0.577131 0.043600 0.159064
0 0.833000 0.572629 0.044400 0.162065
0 0.689200 0.583733 0.037600 0.138655
0 0.697200 0.576831 0.038400 0.140456
0 0.809200 0.578631 0.036800 0.135654
0 0.784800 0.575930 0.036800 0.135054
0 0.567400 0.581032 0.044400 0.164466
0 0.535400 0.592137 0.035600 0.130252
0 0.311000 0.612245 0.046000 0.168067
0 0.286400 0.594838 0.044000 0.162065
0 0.337400 0.599940 0.033200 0.123049
0 0.015200 0.617347 0.030400 0.178271
0 0.256000 0.596939 0.036000 0.131453
0 0.871000 0.602341 0.124400 0.456783
0 0.734400 0.594838 0.110400 0.404562
0 0.616800 0.600840 0.185600 0.679472
0 0.473600 0.617947 0.134400 0.491597
0 0.423200 0.608043 0.106400 0.388956
0 0.162800 0.641056 0.192000 0.702281
0 0.108800 0.635354 0.139200 0.509604
0 0.064800 0.634154 0.029600 0.097839
0 0.032400 0.635354 0.032000 0.097839
0 0.251800 0.631152 0.024400 0.090636
0 0.351600 0.625750 0.026400 0.090636
0 0.375400 0.622149 0.026000 0.087035
0 0.550200 0.612545 0.033200 0.096639
0 0.786400 0.604142 0.028000 0.099040
0 0.813800 0.604742 0.027600 0.101441
