0 1.168000 0.382000 0.213333 0.396000
0 1.066667 0.432000 0.256000 0.468000
0 0.970667 0.459000 0.304000 0.558000
0 0.865333 0.380000 0.173333 0.324000
0 0.816000 0.354000 0.176000 0.320000
0 0.678667 0.387000 0.173333 0.322000
0 0.565333 0.356000 0.170667 0.316000
0 0.498667 0.366000 0.192000 0.356000
0 0.145333 0.439000 0.290667 0.602000
0 0.202667 0.467000 0.304000 0.562000
0 0.333333 0.377000 0.181333 0.330000
0 0.382667 0.333000 0.157333 0.290000
0 0.597333 0.324000 0.149333 0.272000
0 0.313333 0.204000 0.056000 0.048000
0 0.473333 0.673000 0.301333 0.138000
0 0.381333 0.522000 0.234667 0.340000
