0 0.250484 0.378261 0.176015 0.321739
0 1.125725 0.361594 0.069632 0.126087
0 1.214700 0.373188 0.050290 0.097101
0 0.915861 0.336957 0.079304 0.146377
0 0.853965 0.363043 0.056093 0.105797
0 0.848162 0.339130 0.075435 0.139130
0 0.785300 0.343478 0.069632 0.130435
0 0.735977 0.355797 0.052224 0.094203
0 0.758221 0.331159 0.077369 0.143478
0 0.674081 0.333333 0.067698 0.127536
0 0.516441 0.339855 0.085106 0.157971
0 0.471954 0.341304 0.081238 0.152174
0 0.441973 0.332609 0.059961 0.111594
0 0.405222 0.332609 0.059961 0.114493
0 0.373308 0.330435 0.065764 0.121739
0 0.325919 0.322464 0.075435 0.140580
0 0.191489 0.316667 0.081238 0.149275
0 0.111219 0.329710 0.075435 0.140580
0 0.074468 0.295652 0.040619 0.060870
0 0.342360 0.287681 0.027079 0.053623
0 0.396518 0.256522 0.038685 0.026087
0 0.424565 0.270290 0.025145 0.027536
0 0.440039 0.258696 0.029014 0.024638
0 0.544487 0.271739 0.036750 0.044928
0 0.639265 0.277536 0.021277 0.024638
0 1.042553 0.385507 0.065764 0.069565
0 1.137331 0.380435 0.104449 0.076812
