0 0.404523 0.359167 0.125628 0.205000
0 0.427136 0.385833 0.125628 0.201667
0 0.439698 0.355833 0.110553 0.178333
0 0.516332 0.355000 0.103015 0.170000
0 0.559045 0.357500 0.097990 0.161667
0 0.619347 0.385000 0.118090 0.190000
0 0.629397 0.360833 0.108040 0.175000
0 0.466080 0.345833 0.108040 0.178333
0 0.836683 0.376667 0.150754 0.246667
0 0.879397 0.336667 0.100503 0.163333
0 0.962312 0.342500 0.100503 0.161667
0 1.007538 0.356667 0.095477 0.160000
0 1.028894 0.343333 0.103015 0.166667
0 1.096734 0.341667 0.103015 0.166667
0 1.168342 0.316667 0.050251 0.083333
0 1.203518 0.307500 0.045226 0.075000
0 1.268844 0.305000 0.045226 0.076667
0 1.310302 0.299167 0.047739 0.078333
0 1.124372 0.310833 0.047739 0.081667
0 1.383166 0.330833 0.052764 0.068333
0 1.320352 0.320833 0.057789 0.058333
0 1.223618 0.322500 0.050251 0.045000
0 1.182161 0.346667 0.067839 0.060000
0 1.067839 0.333333 0.050251 0.063333
0 1.130653 0.336667 0.035176 0.056667
0 0.028894 0.332500 0.057789 0.085000
0 0.742462 0.289167 0.163317 0.051667
