0 0.194840 0.523333 0.193950 0.358667
0 0.264235 0.464667 0.129893 0.238667
0 0.300712 0.426667 0.099644 0.184000
0 0.433274 0.404667 0.094306 0.174667
0 0.502669 0.486667 0.144128 0.266667
0 0.549822 0.394000 0.092527 0.169333
0 0.622776 0.426667 0.099644 0.181333
0 0.713523 0.453333 0.128114 0.234667
0 0.484875 0.381333 0.112100 0.205333
0 0.659253 0.386000 0.087189 0.164000
0 0.762456 0.376667 0.080071 0.148000
0 0.822954 0.432667 0.112100 0.209333
0 0.920819 0.426000 0.097865 0.182667
0 0.909253 0.377333 0.085409 0.160000
0 0.968861 0.377333 0.080071 0.149333
0 1.014235 0.481333 0.138790 0.253333
0 1.000890 0.404000 0.097865 0.184000
0 1.095196 0.460667 0.119217 0.220000
0 1.147687 0.436667 0.113879 0.209333
0 1.225089 0.424000 0.101423 0.189333
0 1.282028 0.413333 0.101423 0.186667
0 1.307829 0.381333 0.053381 0.122667
0 1.140569 0.379333 0.081851 0.153333
0 1.077402 0.398667 0.097865 0.178667
0 1.091637 0.352667 0.072954 0.134667
