0 0.072289 0.226582 0.053012 0.139241
0 0.119880 0.232278 0.073494 0.188608
0 0.134940 0.227215 0.077108 0.198734
0 0.091566 0.209494 0.038554 0.100000
0 0.172289 0.220253 0.048193 0.124051
0 0.216265 0.224684 0.078313 0.201266
0 0.290964 0.233544 0.071084 0.186076
0 0.261446 0.217722 0.040964 0.103797
0 0.624699 0.225949 0.078313 0.201266
0 0.606024 0.206962 0.079518 0.203797
0 0.662651 0.203797 0.067470 0.174684
0 0.729518 0.225949 0.073494 0.191139
0 0.740361 0.193671 0.073494 0.187342
0 0.784337 0.158861 0.045783 0.120253
0 0.796386 0.274051 0.038554 0.102532
0 0.824096 0.243038 0.060241 0.156962
0 0.853012 0.210127 0.067470 0.177215
0 0.892169 0.212658 0.087952 0.227848
0 0.968675 0.202532 0.062651 0.248101
0 0.940361 0.508228 0.068675 0.178481
0 0.868675 0.504430 0.060241 0.155696
0 0.834940 0.551266 0.081928 0.208861
0 0.753012 0.543038 0.086747 0.222785
0 0.698193 0.529747 0.037349 0.094937
0 0.671687 0.518354 0.042169 0.107595
0 0.611446 0.544304 0.085542 0.222785
0 0.586145 0.537342 0.092771 0.239241
0 0.203614 0.551266 0.081928 0.211392
0 0.158434 0.570886 0.063855 0.164557
0 0.112048 0.827848 0.122892 0.313924
0 0.130120 0.861392 0.072289 0.186076
0 0.136747 0.852532 0.056627 0.145570
0 0.190361 0.850633 0.050602 0.134177
0 0.221084 0.851266 0.078313 0.203797
0 0.263855 0.791139 0.012048 0.030380
0 0.272289 0.893038 0.134940 0.183544
0 0.206627 0.792405 0.020482 0.020253
0 0.757831 0.834810 0.366265 0.302532
0 0.103012 0.168987 0.008434 0.013924
0 0.153614 0.165190 0.010843 0.013924
0 0.428313 0.498734 0.128916 0.316456
