0 0.146094 0.658451 0.076563 0.288732
0 0.213281 0.618545 0.076563 0.279343
0 0.197656 0.573944 0.082812 0.307512
0 0.259375 0.610329 0.071875 0.262911
0 0.245312 0.551643 0.081250 0.305164
0 0.259375 0.377934 0.031250 0.122066
0 0.299219 0.562207 0.076563 0.279343
0 0.363281 0.469484 0.045312 0.169014
0 0.323437 0.454225 0.040625 0.157277
0 0.340625 0.374413 0.028125 0.105634
0 0.402344 0.509390 0.067187 0.248826
0 0.440625 0.584507 0.062500 0.230047
0 0.503125 0.561033 0.068750 0.253521
0 0.455469 0.469484 0.076563 0.286385
0 0.410938 0.366197 0.028125 0.103286
0 0.511719 0.482394 0.076563 0.279343
0 0.543750 0.559859 0.068750 0.255869
0 0.341406 0.631455 0.051562 0.192488
0 0.582812 0.558685 0.065625 0.248826
0 0.607031 0.517606 0.082812 0.307512
0 0.648438 0.620892 0.062500 0.237089
0 0.678125 0.543427 0.068750 0.260563
0 0.646094 0.423709 0.035937 0.138498
0 0.559375 0.485915 0.078125 0.286385
0 0.708594 0.607981 0.073438 0.267606
0 0.717187 0.556338 0.078125 0.286385
0 0.760938 0.566901 0.078125 0.284038
0 0.781250 0.646714 0.075000 0.274648
0 0.807031 0.609155 0.082812 0.312207
0 0.857031 0.647887 0.079687 0.291080
0 0.908594 0.670188 0.089063 0.326291
0 0.487500 0.340376 0.025000 0.061033
0 0.529687 0.334507 0.025000 0.053991
