0 0.253750 0.362500 0.052500 0.085000
0 0.191250 0.358333 0.052500 0.086667
0 0.511250 0.365833 0.032500 0.058333
0 0.615000 0.377500 0.065000 0.111667
0 0.575000 0.365000 0.035000 0.063333
0 0.871250 0.384167 0.047500 0.078333
0 0.946250 0.380000 0.037500 0.066667
0 0.797500 0.384167 0.040000 0.068333
0 0.718750 0.380000 0.042500 0.070000
0 1.110000 0.380833 0.035000 0.058333
0 1.202500 0.383333 0.030000 0.050000
0 1.233750 0.383333 0.032500 0.056667
0 1.485000 0.372500 0.025000 0.041667
0 1.386250 0.379167 0.017500 0.031667
0 1.343750 0.375833 0.017500 0.031667
0 1.320000 0.375000 0.015000 0.030000
0 0.093750 0.332500 0.052500 0.031667
0 0.320000 0.339167 0.080000 0.031667
0 0.380000 0.336667 0.030000 0.016667
0 0.346250 0.375000 0.152500 0.070000
0 0.091250 0.382500 0.177500 0.068333
0 0.462500 0.364167 0.040000 0.061667
0 0.907500 0.357500 0.025000 0.028333
0 0.753750 0.371667 0.042500 0.046667
0 0.678750 0.353333 0.032500 0.026667
0 0.641250 0.365000 0.037500 0.036667
0 0.536250 0.357500 0.027500 0.018333
0 1.007500 0.373333 0.045000 0.040000
0 1.115000 0.344167 0.030000 0.018333
0 1.277500 0.376667 0.050000 0.030000
0 1.430000 0.375000 0.040000 0.036667
