0 0.037341 0.170765 0.071038 0.259563
0 0.065574 0.183060 0.065574 0.240437
0 0.154827 0.163934 0.069217 0.262295
0 0.189435 0.187158 0.069217 0.254098
0 0.238616 0.184426 0.069217 0.259563
0 0.289617 0.178962 0.072860 0.270492
0 0.402550 0.176230 0.065574 0.248634
0 0.428051 0.173497 0.072860 0.270492
0 0.487250 0.162568 0.071038 0.265027
0 0.524590 0.162568 0.069217 0.259563
0 0.947177 0.489071 0.105647 0.573770
0 0.815118 0.796448 0.107468 0.396175
0 0.642077 0.743169 0.136612 0.508197
0 0.716758 0.367486 0.107468 0.396175
0 0.679417 0.400273 0.102004 0.379781
0 0.587432 0.401639 0.111111 0.415301
0 0.501821 0.353825 0.089253 0.330601
0 0.505464 0.724044 0.147541 0.540984
0 0.429872 0.711749 0.145719 0.538251
0 0.360656 0.644809 0.138434 0.508197
0 0.294171 0.756831 0.125683 0.469945
0 0.224044 0.724044 0.145719 0.535519
0 0.173042 0.676230 0.134791 0.500000
0 0.133880 0.651639 0.140255 0.516393
0 0.051002 0.599727 0.102004 0.505464
0 0.281421 0.435792 0.038251 0.139344
0 0.184882 0.422131 0.038251 0.144809
0 0.091985 0.363388 0.045537 0.169399
0 0.054645 0.333333 0.043716 0.163934
0 0.128415 0.342896 0.045537 0.079235
