0 0.052711 0.398000 0.105422 0.212000
0 0.105422 0.409000 0.150602 0.250000
0 0.224398 0.436000 0.159639 0.264000
0 0.408133 0.461000 0.177711 0.294000
0 0.792169 0.472000 0.192771 0.312000
0 1.052711 0.468000 0.195783 0.320000
0 1.112952 0.464000 0.171687 0.284000
0 1.192771 0.454000 0.168675 0.272000
0 1.257530 0.456000 0.141566 0.236000
0 1.287651 0.450000 0.141566 0.228000
0 1.340361 0.445000 0.126506 0.206000
0 1.399096 0.445000 0.171687 0.278000
0 1.454819 0.421000 0.102410 0.182000
0 1.466867 0.418000 0.078313 0.184000
0 1.378012 0.346000 0.039157 0.036000
0 0.539157 0.350000 0.066265 0.064000
