0 0.085286 0.639648 0.040365 0.076172
0 0.417969 0.640625 0.044271 0.083984
0 0.610026 0.633789 0.045573 0.083984
0 0.647135 0.635742 0.033854 0.064453
0 0.674479 0.631836 0.031250 0.060547
0 0.677083 0.617676 0.041667 0.077148
0 0.853516 0.614258 0.040365 0.074219
0 0.893229 0.611328 0.036458 0.070312
0 0.959635 0.657227 0.096354 0.179688
0 1.259115 0.597656 0.039062 0.074219
0 0.978516 0.609375 0.042969 0.082031
0 0.908203 0.623535 0.053385 0.098633
0 1.106771 0.606934 0.036458 0.067383
0 1.211589 0.594238 0.040365 0.073242
