0 0.055000 0.530000 0.070000 0.265000
0 0.284167 0.523750 0.088333 0.322500
0 0.330833 0.508750 0.048333 0.182500
0 0.360000 0.533750 0.070000 0.257500
0 0.418333 0.526250 0.083333 0.302500
0 0.477500 0.515000 0.088333 0.330000
0 0.571667 0.485000 0.066667 0.245000
0 0.598333 0.503750 0.056667 0.212500
0 0.700000 0.496250 0.076667 0.282500
0 0.743333 0.517500 0.063333 0.230000
0 0.774167 0.543750 0.091667 0.337500
0 0.805833 0.488750 0.071667 0.267500
0 0.878333 0.531250 0.120000 0.437500
0 0.206667 0.571250 0.070000 0.262500
0 0.122500 0.463750 0.028333 0.102500
0 0.150000 0.460000 0.020000 0.080000
0 0.155000 0.460000 0.020000 0.075000
0 0.141667 0.455000 0.020000 0.080000
0 0.091667 0.481250 0.043333 0.167500
0 0.965000 0.533750 0.063333 0.232500
0 0.088333 0.527500 0.046667 0.135000
0 0.188333 0.435000 0.020000 0.040000
