0 0.088403 0.452441 0.176806 0.406758
0 0.147338 0.383605 0.119772 0.196496
0 0.344106 0.446809 0.254753 0.410513
0 0.456274 0.387985 0.144487 0.235294
0 0.713878 0.428661 0.230038 0.369212
0 0.773764 0.393617 0.171103 0.274093
0 0.965779 0.450563 0.250951 0.405507
0 1.148289 0.418023 0.193916 0.312891
0 1.345057 0.390488 0.176806 0.285357
0 1.451521 0.428661 0.134981 0.349186
0 0.536122 0.373592 0.068441 0.108886
0 0.613118 0.369837 0.062738 0.103880
0 0.534221 0.349186 0.083650 0.135169
0 0.211027 0.355444 0.087452 0.142678
0 1.264259 0.341677 0.091255 0.150188
0 1.298479 0.342303 0.091255 0.146433
0 1.192966 0.340426 0.089354 0.145181
0 0.870722 0.342929 0.087452 0.145181
0 0.846008 0.362328 0.068441 0.111389
