0 0.052553 0.397000 0.105105 0.222000
0 0.303303 0.353000 0.066066 0.114000
0 0.451952 0.305000 0.075075 0.126000
0 0.484985 0.393000 0.129129 0.210000
0 0.731231 0.390000 0.135135 0.220000
0 0.905405 0.326000 0.063063 0.108000
0 0.941441 0.324000 0.051051 0.084000
0 1.049550 0.382000 0.135135 0.220000
0 1.405405 0.396000 0.126126 0.204000
0 0.692192 0.305000 0.069069 0.114000
0 0.791291 0.315000 0.051051 0.086000
0 0.866366 0.329000 0.057057 0.094000
0 0.753754 0.330000 0.066066 0.112000
0 0.708709 0.249000 0.018018 0.030000
0 0.735736 0.264000 0.042042 0.024000
0 0.723724 0.241000 0.012012 0.018000
0 0.797297 0.268000 0.051051 0.036000
0 1.183183 0.341000 0.042042 0.058000
0 1.333333 0.343000 0.036036 0.042000
