0 0.089544 0.585833 0.179088 0.755000
0 0.148498 0.615833 0.203560 0.748333
0 0.449388 0.542500 0.186874 0.681667
0 0.239155 0.514167 0.155729 0.568333
0 0.343159 0.386667 0.092325 0.343333
0 0.533927 0.593333 0.206897 0.756667
0 0.678532 0.511667 0.157953 0.580000
0 0.597887 0.375833 0.083426 0.308333
0 0.743048 0.364167 0.075640 0.275000
0 0.783648 0.361667 0.085651 0.316667
0 0.858176 0.625000 0.199110 0.733333
0 0.907675 0.554167 0.184650 0.685000
0 0.966630 0.362500 0.066741 0.348333
0 0.927141 0.352500 0.090100 0.331667
0 0.832036 0.237500 0.024472 0.065000
0 0.863737 0.227500 0.034483 0.075000
0 0.299778 0.431667 0.067853 0.306667
