0 0.131250 0.401042 0.262500 0.518750
0 0.200000 0.416667 0.300000 0.487500
0 0.401562 0.364583 0.203125 0.337500
0 0.490625 0.377083 0.175000 0.287500
0 0.657813 0.376042 0.209375 0.343750
0 0.731250 0.378125 0.193750 0.314583
0 0.862500 0.362500 0.193750 0.320833
0 0.953125 0.354167 0.187500 0.308333
0 1.026563 0.367708 0.209375 0.347917
0 1.167188 0.368750 0.228125 0.375000
0 1.145312 0.458333 0.159375 0.258333
0 1.221875 0.402083 0.237500 0.387500
0 1.351562 0.414583 0.296875 0.500000
0 1.395312 0.389583 0.209375 0.533333
0 0.571875 0.253125 0.075000 0.068750
