0 0.031873 0.425333 0.059761 0.098667
0 0.064741 0.421333 0.065737 0.106667
0 0.103586 0.422667 0.067729 0.109333
0 0.266932 0.418667 0.067729 0.114667
0 0.311753 0.418000 0.061753 0.105333
0 0.375498 0.418000 0.057769 0.097333
0 0.335657 0.506000 0.081673 0.137333
0 0.376494 0.514000 0.071713 0.121333
0 0.491036 0.286000 0.344622 0.564000
0 0.640438 0.270667 0.328685 0.541333
0 0.815737 0.333333 0.252988 0.416000
0 1.006972 0.383333 0.161355 0.265333
0 1.091633 0.413333 0.107570 0.178667
0 1.331673 0.471333 0.105578 0.177333
0 1.407371 0.468667 0.109562 0.182667
0 1.369522 0.450667 0.073705 0.122667
0 1.439243 0.464667 0.085657 0.140000
0 1.024900 0.251333 0.077689 0.086667
0 0.291833 0.353333 0.069721 0.080000
0 1.332669 0.437333 0.306773 0.138667
