0 0.085625 0.778311 0.081250 0.305182
0 0.131250 0.770633 0.077500 0.293666
0 0.186250 0.759117 0.070000 0.266795
0 0.220000 0.738964 0.072500 0.276392
0 0.954375 0.716891 0.068750 0.259117
0 0.916250 0.712092 0.070000 0.261036
0 0.884375 0.728407 0.058750 0.224568
0 0.157500 0.644914 0.035000 0.088292
0 0.252500 0.648752 0.037500 0.088292
0 0.281250 0.798464 0.065000 0.180422
0 0.300000 0.736084 0.027500 0.086372
0 0.330625 0.773512 0.023750 0.180422
0 0.283125 0.641075 0.026250 0.084453
0 0.309375 0.648752 0.031250 0.084453
0 0.337500 0.631478 0.025000 0.080614
0 0.356875 0.627639 0.018750 0.084453
0 0.370000 0.789827 0.045000 0.147793
0 0.393750 0.761036 0.030000 0.117083
0 0.421250 0.748560 0.030000 0.092131
0 0.447500 0.750480 0.040000 0.126679
0 0.453125 0.701536 0.021250 0.067179
0 0.491875 0.740883 0.036250 0.115163
0 0.530625 0.730326 0.036250 0.086372
0 0.552500 0.699616 0.037500 0.078695
0 0.581875 0.723608 0.043750 0.072937
0 0.394375 0.664107 0.038750 0.072937
0 0.383125 0.614203 0.033750 0.057582
0 0.421875 0.615163 0.026250 0.051823
0 0.444375 0.611324 0.026250 0.059501
0 0.477500 0.643954 0.040000 0.094050
0 0.495000 0.640115 0.027500 0.086372
0 0.514375 0.641075 0.026250 0.080614
0 0.543750 0.642035 0.027500 0.082534
0 0.573125 0.642035 0.028750 0.071017
0 0.605625 0.664107 0.038750 0.092131
0 0.623125 0.719770 0.038750 0.088292
0 0.646875 0.695777 0.033750 0.067179
0 0.631875 0.631478 0.033750 0.072937
0 0.652500 0.637236 0.027500 0.080614
0 0.680625 0.675624 0.038750 0.092131
0 0.659375 0.725528 0.028750 0.065259
0 0.694375 0.738964 0.041250 0.092131
0 0.722500 0.729367 0.030000 0.130518
0 0.749375 0.743762 0.038750 0.166987
0 0.783125 0.750480 0.043750 0.157390
0 0.815000 0.757198 0.050000 0.166987
0 0.861875 0.757198 0.061250 0.174664
0 0.857500 0.642035 0.042500 0.097889
0 0.826875 0.651631 0.036250 0.105566
0 0.796875 0.642035 0.026250 0.086372
0 0.776875 0.646833 0.033750 0.103647
0 0.752500 0.635317 0.030000 0.084453
0 0.710000 0.649712 0.030000 0.067179
0 0.671875 0.620921 0.016250 0.044146
0 0.713125 0.607486 0.013750 0.044146
0 0.488750 0.338772 0.082500 0.190019
