0 0.063542 0.470833 0.052083 0.175000
0 0.111458 0.520833 0.064583 0.208333
0 0.166667 0.494444 0.058333 0.188889
0 0.267708 0.513889 0.047917 0.155556
0 0.308333 0.616667 0.070833 0.238889
0 0.347917 0.559722 0.066667 0.225000
0 0.434375 0.609722 0.072917 0.236111
0 0.473958 0.655556 0.093750 0.311111
0 0.517708 0.565278 0.068750 0.225000
0 0.536458 0.623611 0.072917 0.241667
0 0.585417 0.661111 0.091667 0.305556
0 0.721875 0.673611 0.093750 0.308333
0 0.795833 0.677778 0.087500 0.283333
0 0.870833 0.695833 0.083333 0.275000
0 0.967708 0.740278 0.064583 0.352778
0 0.365625 0.513889 0.060417 0.194444
0 0.590625 0.504167 0.052083 0.091667
