0 0.153924 0.587591 0.183099 0.810219
0 0.321932 0.609489 0.156942 0.700730
0 0.377264 0.638686 0.158954 0.715328
0 0.442656 0.618613 0.144869 0.653285
0 0.476861 0.593066 0.140845 0.631387
0 0.555332 0.640511 0.152918 0.682482
0 0.618712 0.624088 0.167002 0.744526
0 0.726358 0.622263 0.148893 0.667883
0 0.845070 0.527372 0.205231 0.908759
0 0.968813 0.405109 0.062374 0.364964
0 0.068410 0.560219 0.108652 0.485401
0 0.049296 0.574818 0.098592 0.529197
0 0.279678 0.580292 0.132797 0.598540
0 0.521127 0.260949 0.060362 0.127737
0 0.575453 0.270073 0.040241 0.109489
0 0.718310 0.282847 0.112676 0.208029
