0 0.131365 0.392969 0.258656 0.489063
0 0.267821 0.407031 0.234216 0.442188
0 0.379837 0.412500 0.221996 0.418750
0 0.510183 0.420312 0.217923 0.406250
0 0.675153 0.435156 0.230143 0.435937
0 0.763747 0.413281 0.211813 0.401562
0 0.874745 0.413281 0.221996 0.420312
0 0.964358 0.407813 0.213849 0.403125
0 1.069246 0.409375 0.219959 0.412500
0 1.171079 0.413281 0.236253 0.445312
0 0.230143 0.529687 0.195519 0.271875
0 0.447047 0.542188 0.213849 0.259375
0 0.639511 0.521875 0.158859 0.265625
0 0.853360 0.521875 0.211813 0.287500
0 1.069246 0.540625 0.228106 0.287500
