0 1.483724 0.377170 0.032552 0.080729
0 1.457031 0.379774 0.044271 0.073785
0 1.421875 0.377170 0.046875 0.075521
0 1.406250 0.381944 0.049479 0.081597
0 1.358073 0.380642 0.049479 0.080729
0 1.332031 0.376736 0.044271 0.071181
0 1.308594 0.383247 0.046875 0.078993
0 1.285156 0.378472 0.044271 0.074653
0 1.262370 0.364149 0.040365 0.065104
0 1.242188 0.383681 0.049479 0.081597
0 1.219401 0.375434 0.050781 0.084201
0 1.153646 0.380642 0.046875 0.078993
0 1.175130 0.384549 0.050781 0.083333
0 1.099609 0.386719 0.050781 0.082465
0 1.082031 0.379340 0.049479 0.081597
0 1.027344 0.389757 0.049479 0.081597
0 1.012370 0.380208 0.048177 0.078125
0 0.981771 0.373264 0.039062 0.065972
0 0.953125 0.388455 0.054688 0.091146
0 0.935547 0.387153 0.048177 0.081597
0 0.905599 0.375000 0.045573 0.076389
0 0.869792 0.390625 0.054688 0.088542
0 0.804036 0.392361 0.053385 0.086806
0 0.768880 0.370660 0.037760 0.064236
0 0.727214 0.393229 0.050781 0.083333
0 0.647135 0.391059 0.052083 0.087674
0 0.546224 0.393663 0.053385 0.087674
0 0.456380 0.391493 0.055990 0.090278
0 0.472656 0.387153 0.049479 0.081597
0 0.394531 0.394531 0.046875 0.077257
0 0.377604 0.394097 0.054688 0.090278
0 0.422526 0.375434 0.050781 0.082465
0 0.351562 0.373698 0.041667 0.070312
0 0.309245 0.392361 0.048177 0.078125
0 0.292969 0.394965 0.052083 0.086806
0 0.228516 0.390625 0.048177 0.079861
0 0.215495 0.398003 0.053385 0.087674
0 0.194661 0.380208 0.050781 0.083333
0 0.164062 0.375868 0.036458 0.062500
0 0.139974 0.394097 0.053385 0.088542
0 0.076823 0.392361 0.049479 0.083333
0 0.121094 0.398438 0.054688 0.088542
0 0.104818 0.375000 0.035156 0.057292
0 0.045573 0.397135 0.054688 0.089410
0 0.016927 0.388889 0.033854 0.083333
0 0.513672 0.376736 0.040365 0.065972
0 0.485026 0.378472 0.037760 0.064236
0 0.325521 0.358507 0.031250 0.050347
0 0.261068 0.363281 0.029948 0.051215
0 0.278646 0.360243 0.031250 0.052083
0 1.141276 0.365451 0.042969 0.069444
0 1.121094 0.353733 0.031250 0.052951
0 0.673177 0.359375 0.033854 0.057292
0 1.392578 0.349392 0.035156 0.056424
0 1.355469 0.342882 0.026042 0.043403
0 1.315755 0.332465 0.024740 0.029514
0 1.281250 0.333333 0.031250 0.032986
0 1.223307 0.327691 0.014323 0.016493
0 0.427734 0.329861 0.457031 0.038194
0 0.856771 0.333333 0.393229 0.052083
