0 0.017021 0.553191 0.034043 0.167376
0 0.163298 0.695035 0.062766 0.204255
0 0.222340 0.901418 0.053191 0.177305
0 0.457447 0.807092 0.076596 0.252482
0 0.443085 0.494326 0.047872 0.160284
0 0.040426 0.297872 0.019149 0.065248
0 0.011170 0.288652 0.020213 0.066667
0 0.054255 0.238298 0.017021 0.059574
0 0.070213 0.238298 0.014894 0.053901
0 0.119681 0.288652 0.022340 0.075177
0 0.161702 0.311348 0.025532 0.083688
0 0.202660 0.326950 0.028723 0.092199
0 0.180319 0.263830 0.013830 0.048227
0 0.139894 0.253191 0.013830 0.049645
0 0.206915 0.281560 0.013830 0.049645
0 0.229787 0.282979 0.019149 0.066667
0 0.261170 0.285816 0.018085 0.063830
0 0.350532 0.948227 0.084043 0.097872
0 0.863830 0.770213 0.065957 0.147518
0 0.789894 0.713475 0.028723 0.087943
0 0.810638 0.761702 0.044681 0.130496
0 0.960638 0.809220 0.040426 0.168794
0 0.503191 0.534752 0.061702 0.121986
0 0.584043 0.518440 0.034043 0.083688
0 0.623404 0.515603 0.036170 0.114894
0 0.287234 0.370922 0.014894 0.049645
0 0.306915 0.381560 0.024468 0.062411
0 0.328191 0.362411 0.018085 0.043972
0 0.351596 0.385816 0.024468 0.065248
0 0.380851 0.373759 0.017021 0.055319
0 0.499468 0.447518 0.035106 0.069504
0 0.021277 0.243262 0.017021 0.035461
0 0.842021 0.360284 0.307447 0.090780
0 0.593085 0.348227 0.077660 0.058156
0 0.606383 0.431206 0.029787 0.056738
0 0.680319 0.434752 0.035106 0.041135
