0 0.112500 0.693309 0.110000 0.405204
0 0.296250 0.687732 0.082500 0.297398
0 0.360000 0.657993 0.060000 0.223048
0 0.913750 0.678439 0.087500 0.330855
0 0.822500 0.684015 0.085000 0.312268
0 0.746250 0.676580 0.077500 0.282528
0 0.590000 0.652416 0.075000 0.278810
0 0.522500 0.659851 0.075000 0.278810
0 0.803750 0.754647 0.117500 0.260223
0 0.663750 0.749071 0.122500 0.278810
0 0.497500 0.765799 0.120000 0.312268
0 0.398750 0.750929 0.082500 0.289963
0 0.326250 0.739777 0.077500 0.275093
0 0.416250 0.591078 0.072500 0.171004
0 0.465000 0.607807 0.030000 0.137546
