0 0.159180 0.437073 0.025391 0.091655
0 0.188477 0.443912 0.023438 0.080711
0 0.264160 0.446648 0.016602 0.061560
0 0.284668 0.442544 0.016602 0.061560
0 0.324219 0.445964 0.017578 0.060192
0 0.339355 0.440492 0.016602 0.057456
0 0.356934 0.441860 0.016602 0.057456
0 0.392090 0.441860 0.016602 0.057456
0 0.421875 0.437073 0.015625 0.056088
0 0.434570 0.429549 0.019531 0.065663
0 0.456543 0.439808 0.014648 0.053352
0 0.477539 0.436389 0.017578 0.060192
0 0.537598 0.434337 0.020508 0.069767
0 0.559082 0.427497 0.020508 0.069767
0 0.577148 0.427497 0.019531 0.067031
0 0.640625 0.426813 0.017578 0.060192
0 0.887695 0.422709 0.023438 0.082079
0 0.908691 0.426129 0.020508 0.069767
0 0.917480 0.428181 0.022461 0.079343
0 0.930176 0.424077 0.020508 0.073871
0 0.943848 0.427497 0.022461 0.080711
0 0.961914 0.420657 0.021484 0.075239
0 0.979004 0.417237 0.018555 0.068399
0 0.993164 0.421341 0.013672 0.065663
0 0.679199 0.444596 0.024414 0.041040
0 0.701172 0.445964 0.021484 0.046512
