0 0.048701 0.293019 0.097403 0.180195
0 0.100649 0.250000 0.071429 0.090909
0 0.142857 0.259740 0.084416 0.103896
0 0.212662 0.272727 0.107143 0.136364
0 0.288961 0.299513 0.155844 0.193182
0 0.329545 0.262987 0.081169 0.103896
0 0.423701 0.242695 0.068182 0.082792
0 0.449675 0.280844 0.120130 0.149351
0 0.542208 0.271104 0.084416 0.107143
0 0.633117 0.290584 0.136364 0.172078
0 0.719156 0.279221 0.126623 0.155844
0 0.745130 0.258117 0.094156 0.113636
0 0.762987 0.250000 0.077922 0.097403
0 0.816558 0.230519 0.074675 0.090909
0 1.038961 0.312500 0.220779 0.267857
0 1.170455 0.245130 0.107143 0.129870
0 1.235390 0.260552 0.120130 0.150974
0 1.344156 0.284091 0.142857 0.178571
0 1.438312 0.243506 0.090909 0.116883
0 1.540584 0.250000 0.107143 0.129870
0 1.618506 0.224838 0.068182 0.089286
0 1.689935 0.268669 0.126623 0.154221
0 1.801948 0.212662 0.077922 0.094156
0 1.727273 0.217532 0.064935 0.081169
0 1.857143 0.235390 0.097403 0.123377
0 1.931818 0.259740 0.123377 0.149351
0 1.961039 0.228084 0.077922 0.118506
0 0.590909 0.233766 0.058442 0.071429
0 0.253247 0.200487 0.480519 0.034091
0 1.417208 0.170455 1.159091 0.022727
