0 0.176065 0.820833 0.174185 0.285000
0 0.290727 0.805833 0.190476 0.308333
0 0.342105 0.738333 0.100251 0.163333
0 0.411028 0.740000 0.097744 0.161667
0 0.445489 0.761250 0.114035 0.185833
0 0.476817 0.733750 0.111529 0.182500
0 0.533835 0.775417 0.110276 0.180833
0 0.558897 0.737500 0.092732 0.151667
0 0.617168 0.741667 0.101504 0.165000
0 0.658521 0.757083 0.121554 0.199167
0 0.854637 0.829583 0.177945 0.289167
0 0.944236 0.790000 0.111529 0.196667
0 0.867794 0.658333 0.063910 0.106667
0 0.740602 0.681250 0.087719 0.142500
0 0.666667 0.680417 0.077694 0.127500
0 0.702381 0.654583 0.076441 0.125833
0 0.632206 0.653750 0.088972 0.145833
0 0.541980 0.595417 0.061404 0.099167
0 0.434211 0.633333 0.068922 0.111667
0 0.600251 0.583333 0.075188 0.121667
0 0.763158 0.613333 0.070175 0.113333
0 0.416040 0.561667 0.057644 0.095000
0 0.359023 0.560833 0.058897 0.098333
0 0.380326 0.522083 0.056391 0.090833
0 0.397243 0.476667 0.035088 0.058333
0 0.456767 0.471667 0.041353 0.066667
0 0.471178 0.470000 0.035088 0.058333
0 0.585840 0.449583 0.031328 0.050833
0 0.620927 0.471667 0.031328 0.050000
0 0.676065 0.466667 0.033835 0.055000
0 0.700501 0.452917 0.030075 0.050833
0 0.715539 0.507917 0.037594 0.060833
0 0.664160 0.438750 0.030075 0.049167
0 0.604637 0.424167 0.031328 0.050000
0 0.686090 0.431250 0.028822 0.047500
0 0.910401 0.716250 0.043860 0.072500
0 0.577694 0.420833 0.027569 0.026667
