0 0.389167 0.638095 0.131667 0.457143
0 0.593333 0.602381 0.116667 0.409524
0 0.789167 0.630952 0.131667 0.461905
0 0.865000 0.619048 0.110000 0.390476
0 0.940000 0.583333 0.120000 0.423810
0 0.965833 0.298810 0.068333 0.326190
0 0.847500 0.348810 0.055000 0.192857
0 0.760833 0.319048 0.061667 0.223810
0 0.898333 0.291667 0.066667 0.240476
0 0.884167 0.345238 0.058333 0.209524
0 0.185000 0.494048 0.093333 0.330952
0 0.234167 0.566667 0.085000 0.304762
0 0.373333 0.292857 0.093333 0.328571
0 0.924167 0.266667 0.061667 0.214286
0 0.286667 0.617857 0.133333 0.235714
0 0.485833 0.592857 0.111667 0.280952
0 0.852500 0.239286 0.045000 0.102381
0 0.782500 0.196429 0.045000 0.083333
0 0.779167 0.128571 0.055000 0.066667
0 0.280833 0.126190 0.545000 0.171429
