0 0.282120 0.208122 0.054604 0.213198
0 0.270343 0.484772 0.082441 0.323181
0 0.339400 0.503384 0.059957 0.231810
0 0.387580 0.332487 0.055675 0.214890
0 0.393469 0.461929 0.076017 0.294416
0 0.413812 0.464467 0.076017 0.292724
0 0.467880 0.457699 0.081370 0.319797
0 0.512313 0.477157 0.069593 0.274112
0 0.567987 0.474619 0.082441 0.323181
0 0.605460 0.465313 0.078158 0.304569
0 0.668094 0.464467 0.074946 0.292724
0 0.739829 0.464467 0.083512 0.323181
0 0.371520 0.544839 0.064240 0.175973
0 0.441113 0.309645 0.042827 0.121827
0 0.467880 0.553299 0.074946 0.165821
0 0.585653 0.572758 0.119914 0.116751
0 0.679872 0.507614 0.077088 0.243655
0 0.734475 0.258037 0.074946 0.170897
