0 0.063333 0.834118 0.093333 0.327059
0 0.187500 0.781176 0.121667 0.423529
0 0.379167 0.322353 0.091667 0.324706
0 0.509167 0.232941 0.071667 0.254118
0 0.700000 0.494118 0.093333 0.320000
0 0.780833 0.540000 0.071667 0.247059
0 0.784167 0.678824 0.088333 0.308235
0 0.908333 0.547059 0.093333 0.327059
0 0.959167 0.523529 0.081667 0.303529
0 0.798333 0.380000 0.060000 0.214118
0 0.221667 0.571765 0.123333 0.197647
0 0.283333 0.747059 0.126667 0.265882
0 0.452500 0.485882 0.068333 0.185882
0 0.571667 0.415294 0.113333 0.218824
0 0.810833 0.107059 0.058333 0.129412
