0 1.376623 0.401213 0.244156 0.521664
0 1.270130 0.420277 0.280519 0.459272
0 0.975325 0.397747 0.246753 0.400347
0 1.072727 0.383016 0.223377 0.367418
0 0.764935 0.399480 0.200000 0.327556
0 0.305195 0.392548 0.220779 0.362218
0 0.225974 0.477470 0.166234 0.310225
0 0.355844 0.474870 0.098701 0.273830
0 0.441558 0.454939 0.098701 0.272097
0 0.518182 0.363951 0.059740 0.069324
0 0.580519 0.366551 0.096104 0.071057
0 0.689610 0.474870 0.122078 0.277296
0 0.862338 0.472270 0.155844 0.272097
0 0.259740 0.210572 0.145455 0.126516
0 0.407792 0.225303 0.072727 0.065858
0 0.524675 0.271231 0.067532 0.150780
0 0.624675 0.292894 0.096104 0.138648
0 0.662338 0.231369 0.083117 0.095321
0 0.705195 0.294627 0.085714 0.142114
0 0.784416 0.248700 0.083117 0.112652
0 0.855844 0.292028 0.096104 0.185442
0 0.920779 0.235702 0.049351 0.076256
0 1.145455 0.484402 0.244156 0.310225
0 0.437662 0.274697 0.184416 0.150780
