0 0.090244 0.325225 0.180488 0.351351
0 0.279268 0.383784 0.251220 0.454054
0 0.373171 0.337838 0.190244 0.347748
0 0.397561 0.209910 0.136585 0.246847
0 0.157317 0.150450 0.129268 0.236036
0 0.073171 0.433333 0.146341 0.470270
0 0.519512 0.318018 0.190244 0.347748
0 0.614634 0.328829 0.219512 0.401802
0 0.707317 0.314414 0.204878 0.372973
0 0.747561 0.299099 0.192683 0.353153
0 0.943902 0.296396 0.239024 0.434234
0 1.041463 0.278378 0.180488 0.329730
0 1.176829 0.405405 0.353659 0.641441
0 1.239024 0.136937 0.082927 0.147748
0 1.282927 0.127027 0.087805 0.156757
0 0.856098 0.145045 0.126829 0.228829
0 0.743902 0.158559 0.126829 0.230631
0 1.230488 0.430631 0.246341 0.598198
0 0.506098 0.136036 0.114634 0.109910
0 0.100000 0.180180 0.078049 0.082883
0 0.913415 0.118018 0.095122 0.066667
