0 0.350000 0.465942 0.169565 0.279710
0 0.521739 0.428986 0.121739 0.202899
0 0.604348 0.499275 0.191304 0.314493
0 0.672826 0.509420 0.145652 0.236232
0 0.732609 0.465942 0.139130 0.230435
0 0.790217 0.456522 0.132609 0.217391
0 0.890217 0.481159 0.154348 0.255072
0 0.981522 0.506522 0.184783 0.305797
0 1.107609 0.502174 0.197826 0.320290
0 1.452174 0.507971 0.095652 0.273913
0 1.280435 0.431884 0.108696 0.176812
0 1.197826 0.452899 0.104348 0.172464
0 1.345652 0.445652 0.100000 0.166667
0 1.375000 0.412319 0.089130 0.149275
0 1.410870 0.416667 0.082609 0.137681
0 0.102174 0.361594 0.108696 0.091304
0 0.185870 0.363043 0.106522 0.085507
0 0.275000 0.373188 0.063043 0.068116
0 1.159783 0.363043 0.084783 0.068116
0 1.466304 0.376087 0.063043 0.056522
