0 0.133609 0.502500 0.176309 0.525000
0 0.248623 0.507500 0.125344 0.368333
0 0.338154 0.499167 0.097796 0.295000
0 0.362948 0.505000 0.078512 0.233333
0 0.398072 0.516667 0.055096 0.163333
0 0.426997 0.503333 0.060606 0.180000
0 0.460744 0.504167 0.053719 0.158333
0 0.023416 0.495000 0.046832 0.186667
0 0.061983 0.491667 0.093664 0.276667
0 0.622590 0.494167 0.311295 0.918333
0 0.825069 0.525833 0.132231 0.391667
0 0.772727 0.524167 0.101928 0.305000
0 0.733471 0.520833 0.078512 0.231667
0 0.850551 0.511667 0.078512 0.233333
0 0.902204 0.520833 0.085399 0.255000
0 0.956612 0.510833 0.086777 0.328333
0 0.499311 0.515000 0.037190 0.113333
