0 0.178571 0.282500 0.214286 0.300000
0 0.332589 0.283750 0.209821 0.287500
0 0.426339 0.293750 0.227679 0.317500
0 0.520089 0.255000 0.218750 0.305000
0 0.026786 0.227500 0.053571 0.095000
0 0.589286 0.292500 0.187500 0.260000
0 0.669643 0.286250 0.205357 0.287500
0 0.808036 0.282500 0.223214 0.310000
0 0.937500 0.295000 0.232143 0.320000
0 1.080357 0.283750 0.241071 0.337500
0 1.207589 0.300000 0.245536 0.340000
0 1.328125 0.295000 0.236607 0.330000
0 1.571429 0.298750 0.258929 0.362500
0 1.687500 0.265000 0.125000 0.180000
0 1.424107 0.131250 0.232143 0.082500
0 0.662946 0.126250 0.093750 0.062500
0 0.765625 0.145000 0.102679 0.100000
