0 0.080000 0.674377 0.104000 0.459075
0 0.151000 0.724199 0.090000 0.402135
0 0.225000 0.708185 0.058000 0.256228
0 0.257000 0.702847 0.106000 0.459075
0 0.315000 0.711744 0.098000 0.427046
0 0.438000 0.706406 0.096000 0.423488
0 0.476000 0.708185 0.084000 0.362989
0 0.561000 0.690391 0.094000 0.419929
0 0.584000 0.706406 0.096000 0.423488
0 0.635000 0.713523 0.102000 0.451957
0 0.674000 0.709964 0.088000 0.387900
0 0.787000 0.701068 0.098000 0.434164
0 0.839000 0.731317 0.082000 0.366548
0 0.900000 0.727758 0.092000 0.402135
0 0.951000 0.693950 0.098000 0.448399
0 0.967000 0.704626 0.066000 0.483986
0 0.026000 0.697509 0.052000 0.355872
0 0.044000 0.679715 0.072000 0.313167
0 0.601000 0.530249 0.022000 0.085409
0 0.923000 0.572954 0.034000 0.085409
0 0.266000 0.313167 0.524000 0.448399
0 0.757000 0.322064 0.434000 0.274021
0 0.381000 0.727758 0.078000 0.217082
