0 0.119000 0.595166 0.130000 0.477341
0 0.338000 0.580060 0.112000 0.422961
0 0.281000 0.607251 0.086000 0.320242
0 0.229000 0.608761 0.070000 0.268882
0 0.195000 0.595166 0.066000 0.241692
0 0.167000 0.564955 0.054000 0.205438
0 0.442000 0.596677 0.080000 0.305136
0 0.468000 0.584592 0.064000 0.244713
0 0.533000 0.574018 0.102000 0.386707
0 0.567000 0.584592 0.058000 0.220544
0 0.674000 0.578550 0.096000 0.353474
0 0.730000 0.581571 0.060000 0.232628
0 0.764000 0.586103 0.080000 0.296073
0 0.853000 0.574018 0.066000 0.241692
0 0.915000 0.590634 0.062000 0.226586
0 0.979000 0.578550 0.042000 0.226586
0 0.825000 0.581571 0.050000 0.190332
0 0.891000 0.589124 0.050000 0.193353
0 0.604000 0.587613 0.044000 0.166163
