0 0.112000 0.563380 0.120000 0.521127
0 0.149000 0.468310 0.106000 0.457746
0 0.222000 0.466549 0.100000 0.433099
0 0.248000 0.556338 0.104000 0.450704
0 0.296000 0.452465 0.104000 0.447183
0 0.385000 0.665493 0.122000 0.521127
0 0.411000 0.466549 0.106000 0.461268
0 0.493000 0.672535 0.126000 0.542254
0 0.533000 0.609155 0.118000 0.507042
0 0.588000 0.716549 0.128000 0.552817
0 0.640000 0.628521 0.108000 0.461268
0 0.718000 0.646127 0.124000 0.545775
0 0.750000 0.639085 0.108000 0.468310
0 0.812000 0.691901 0.112000 0.482394
0 0.885000 0.693662 0.122000 0.521127
0 0.919000 0.610915 0.126000 0.545775
0 0.877000 0.586268 0.134000 0.573944
0 0.585000 0.383803 0.054000 0.140845
0 0.642000 0.359155 0.064000 0.176056
0 0.821000 0.318662 0.074000 0.221831
