0 0.037736 0.326250 0.075472 0.192500
0 0.062264 0.187500 0.064151 0.110000
0 0.107547 0.185000 0.079245 0.135000
0 0.143396 0.318750 0.098113 0.157500
0 0.160377 0.368750 0.109434 0.177500
0 0.205660 0.397500 0.071698 0.120000
0 0.256604 0.337500 0.105660 0.175000
0 0.433962 0.325000 0.083019 0.135000
0 0.464151 0.363750 0.067925 0.112500
0 0.573585 0.436250 0.098113 0.167500
0 0.658491 0.360000 0.124528 0.200000
0 0.722642 0.353750 0.116981 0.187500
0 0.835849 0.338750 0.116981 0.192500
0 0.873585 0.312500 0.124528 0.200000
0 0.945283 0.346250 0.116981 0.197500
0 0.971698 0.360000 0.116981 0.195000
0 1.100000 0.323750 0.109434 0.182500
0 1.096226 0.345000 0.094340 0.160000
0 1.162264 0.367500 0.120755 0.195000
0 1.258491 0.332500 0.109434 0.180000
0 1.305660 0.346250 0.113208 0.187500
0 1.349057 0.327500 0.124528 0.210000
0 1.475472 0.345000 0.067925 0.175000
0 0.386792 0.437500 0.109434 0.185000
0 0.516981 0.422500 0.083019 0.140000
0 0.401887 0.371250 0.064151 0.107500
0 0.513208 0.272500 0.067925 0.085000
0 0.577358 0.277500 0.037736 0.070000
