0 0.241742 0.412000 0.129129 0.216000
0 0.391892 0.402000 0.105105 0.176000
0 0.509009 0.395000 0.105105 0.178000
0 0.656156 0.395000 0.111111 0.186000
0 0.792793 0.387000 0.120120 0.194000
0 0.887387 0.396000 0.117117 0.192000
0 0.981982 0.389000 0.102102 0.170000
0 1.100601 0.391000 0.105105 0.170000
0 1.267267 0.374000 0.126126 0.208000
0 1.331832 0.390000 0.105105 0.172000
0 1.049550 0.456000 0.105105 0.176000
0 0.231231 0.597000 0.180180 0.106000
0 0.265766 0.566000 0.135135 0.112000
0 0.346847 0.570000 0.099099 0.100000
0 0.612613 0.584000 0.120120 0.116000
0 0.807808 0.583000 0.120120 0.094000
0 0.852853 0.589000 0.108108 0.086000
0 1.046547 0.547000 0.123123 0.110000
0 1.144144 0.553000 0.096096 0.114000
