0 0.071667 0.278750 0.076667 0.282500
0 0.093333 0.276250 0.066667 0.252500
0 0.138333 0.212500 0.040000 0.145000
0 0.153333 0.218750 0.036667 0.137500
0 0.174167 0.222500 0.041667 0.150000
0 0.124167 0.741250 0.058333 0.217500
0 0.155000 0.680000 0.023333 0.090000
0 0.171667 0.681250 0.030000 0.107500
0 0.213333 0.751250 0.080000 0.292500
0 0.340000 0.740000 0.073333 0.275000
0 0.285833 0.697500 0.038333 0.140000
0 0.244167 0.691250 0.028333 0.112500
0 0.299167 0.681250 0.021667 0.082500
0 0.383333 0.662500 0.013333 0.055000
0 0.398333 0.661250 0.010000 0.042500
0 0.849167 0.506250 0.055000 0.207500
0 0.906667 0.422500 0.026667 0.100000
0 0.710000 0.498750 0.060000 0.222500
0 0.581667 0.475000 0.053333 0.195000
0 0.805000 0.440000 0.036667 0.135000
0 0.744167 0.411250 0.021667 0.087500
0 0.544167 0.432500 0.025000 0.090000
0 0.264167 0.297500 0.141667 0.270000
0 0.245833 0.150000 0.035000 0.070000
0 0.284167 0.156250 0.031667 0.057500
0 0.621667 0.513750 0.066667 0.187500
0 0.765833 0.561250 0.055000 0.212500
0 0.735833 0.478750 0.021667 0.107500
0 0.487500 0.431250 0.091667 0.162500
0 0.624167 0.402500 0.035000 0.100000
