0 0.085417 0.310937 0.025000 0.050000
0 0.137500 0.314844 0.025000 0.051562
0 0.218750 0.307031 0.025000 0.048438
0 0.285417 0.309375 0.029167 0.056250
0 0.302083 0.306250 0.029167 0.053125
0 0.506250 0.339844 0.037500 0.070312
0 0.523958 0.331250 0.039583 0.078125
0 0.561458 0.325000 0.056250 0.103125
0 0.597917 0.327344 0.045833 0.085938
0 0.651042 0.312500 0.031250 0.062500
0 0.725000 0.332813 0.037500 0.068750
0 0.756250 0.339844 0.033333 0.064062
0 0.783333 0.328906 0.050000 0.092188
0 0.809375 0.340625 0.043750 0.081250
0 0.906250 0.314063 0.025000 0.050000
0 0.948958 0.310156 0.022917 0.042188
0 1.134375 0.301563 0.022917 0.040625
0 0.351042 0.303906 0.014583 0.026562
0 0.410417 0.313281 0.029167 0.054688
0 0.861458 0.342969 0.056250 0.107813
