0 0.030060 0.268827 0.030060 0.131349
0 0.124749 0.693520 0.045090 0.196147
0 0.165832 0.267075 0.031062 0.138354
0 0.285070 0.274081 0.027054 0.120841
0 0.408317 0.265324 0.029058 0.127846
0 0.531563 0.273205 0.025050 0.108581
0 0.677355 0.275832 0.034068 0.145359
0 0.776553 0.298599 0.022044 0.099825
0 0.774048 0.165499 0.027054 0.117338
0 0.966934 0.317863 0.026052 0.113835
0 0.429860 0.631349 0.042084 0.183888
0 0.417836 0.659370 0.046092 0.197898
0 0.470942 0.690893 0.050100 0.218914
0 0.521543 0.610333 0.043086 0.187391
0 0.555611 0.650613 0.045090 0.194396
0 0.583166 0.687391 0.044088 0.194396
0 0.604709 0.616462 0.043086 0.182137
0 0.617234 0.642732 0.042084 0.182137
0 0.639279 0.654991 0.044088 0.192644
0 0.651303 0.689142 0.044088 0.194396
0 0.675351 0.603327 0.042084 0.180385
0 0.692886 0.620841 0.041082 0.176883
0 0.729459 0.683888 0.040080 0.169877
0 0.770541 0.651489 0.044088 0.192644
0 0.846192 0.668126 0.047094 0.201401
0 0.834669 0.648862 0.042084 0.180385
0 0.872745 0.617338 0.042084 0.183888
