0 0.296000 0.493939 0.264000 0.981818
0 0.435000 0.616667 0.194000 0.718182
0 0.926000 0.659091 0.148000 0.645455
0 0.836000 0.534848 0.208000 0.766667
0 0.765000 0.622727 0.150000 0.554545
0 0.732000 0.539394 0.132000 0.496970
0 0.659000 0.548485 0.170000 0.636364
0 0.612000 0.525758 0.172000 0.633333
0 0.551000 0.593939 0.118000 0.436364
0 0.499000 0.550000 0.130000 0.487879
0 0.025000 0.586364 0.046000 0.172727
0 0.050000 0.586364 0.040000 0.154545
0 0.083000 0.589394 0.050000 0.184848
0 0.111000 0.593939 0.050000 0.187879
0 0.142000 0.559091 0.068000 0.251515
0 0.166000 0.589394 0.056000 0.209091
0 0.951000 0.313636 0.078000 0.190909
0 0.875000 0.412121 0.086000 0.127273
0 0.783000 0.331818 0.054000 0.100000
0 0.375000 0.360606 0.026000 0.090909
0 0.400000 0.350000 0.036000 0.063636
0 0.040000 0.483333 0.048000 0.081818
0 0.086000 0.477273 0.028000 0.051515
0 0.182000 0.475758 0.032000 0.054545
