0 0.206818 0.242504 0.286364 0.269841
0 0.334091 0.252205 0.277273 0.264550
0 0.518182 0.262787 0.254545 0.246914
0 0.915909 0.250441 0.268182 0.253968
0 1.350000 0.243386 0.290909 0.278660
0 1.156818 0.231922 0.204545 0.199295
0 1.568182 0.240741 0.254545 0.241623
0 1.659091 0.257496 0.272727 0.257496
0 1.781818 0.223104 0.200000 0.188713
0 1.911364 0.237213 0.250000 0.241623
0 2.043182 0.219577 0.231818 0.223986
0 2.145455 0.260141 0.263636 0.252205
0 2.263636 0.219577 0.236364 0.223986
0 2.343182 0.231922 0.222727 0.209877
0 2.479545 0.238977 0.195455 0.273369
0 0.645455 0.111111 0.090909 0.052910
0 0.240909 0.092593 0.463636 0.075838
0 1.256818 0.084656 0.522727 0.081129
