0 0.089744 0.817778 0.076923 0.275556
0 0.134992 0.824444 0.073906 0.271111
0 0.208145 0.788889 0.060332 0.217778
0 0.240573 0.841111 0.073906 0.264444
0 0.021870 0.726667 0.028658 0.106667
0 0.334842 0.766667 0.036199 0.137778
0 0.382353 0.801111 0.046757 0.175556
0 0.399698 0.805556 0.054299 0.202222
0 0.433635 0.808889 0.052790 0.195556
0 0.475113 0.783333 0.045249 0.162222
0 0.493967 0.805556 0.040724 0.153333
0 0.520362 0.798889 0.045249 0.171111
0 0.537707 0.828889 0.067873 0.248889
0 0.564857 0.811111 0.055807 0.208889
0 0.604827 0.814444 0.051282 0.188889
0 0.650830 0.832222 0.067873 0.251111
0 0.684766 0.780000 0.036199 0.133333
0 0.721719 0.764444 0.028658 0.106667
0 0.735294 0.771111 0.028658 0.111111
0 0.765460 0.781111 0.031674 0.113333
0 0.782805 0.791111 0.036199 0.137778
0 0.802413 0.787778 0.027149 0.104444
0 0.820513 0.762222 0.024133 0.093333
0 0.858220 0.780000 0.030166 0.106667
0 0.871041 0.780000 0.028658 0.102222
0 0.897436 0.802222 0.048265 0.177778
0 0.929110 0.772222 0.027149 0.100000
0 0.936652 0.764444 0.027149 0.097778
0 0.965309 0.801111 0.039216 0.148889
