0 0.950407 0.763557 0.099187 0.347072
0 0.890244 0.706074 0.069919 0.232104
0 0.813821 0.697397 0.069919 0.227766
0 0.786992 0.708243 0.071545 0.240781
0 0.758537 0.708243 0.082927 0.271150
0 0.675610 0.720174 0.082927 0.268980
0 0.716260 0.661605 0.047154 0.151844
0 0.547154 0.725597 0.092683 0.305857
0 0.451220 0.711497 0.099187 0.329718
0 0.490244 0.699566 0.082927 0.271150
0 0.350407 0.732104 0.108943 0.353579
0 0.397561 0.654013 0.043902 0.145336
0 0.282927 0.648590 0.039024 0.134490
0 0.249593 0.654013 0.034146 0.110629
0 0.214634 0.652928 0.039024 0.125813
0 0.171545 0.655098 0.040650 0.130152
0 0.139837 0.651844 0.045528 0.149675
0 0.076423 0.644252 0.045528 0.151844
0 0.012195 0.606291 0.024390 0.084599
0 0.053659 0.607375 0.022764 0.078091
0 0.104065 0.613883 0.022764 0.078091
0 0.121138 0.608460 0.021138 0.071584
