0 0.194853 0.438750 0.279412 0.462500
0 0.347426 0.422500 0.290441 0.490000
0 0.608456 0.288750 0.084559 0.147500
0 0.659926 0.295000 0.062500 0.105000
0 0.731618 0.293750 0.095588 0.167500
0 0.941176 0.400000 0.227941 0.385000
0 1.016544 0.426250 0.283088 0.477500
0 1.121324 0.441250 0.286765 0.477500
0 1.264706 0.428750 0.301471 0.502500
0 1.444853 0.277500 0.051471 0.095000
0 1.409926 0.262500 0.047794 0.085000
0 1.378676 0.266250 0.051471 0.092500
0 0.505515 0.351250 0.180147 0.302500
0 0.253676 0.232500 0.051471 0.095000
0 0.551471 0.242500 0.044118 0.080000
0 0.562500 0.242500 0.044118 0.080000
