0 0.073770 0.551724 0.100182 0.396552
0 0.026412 0.465517 0.052823 0.212644
0 0.119308 0.617816 0.132969 0.511494
0 0.167577 0.494253 0.072860 0.281609
0 0.202186 0.534483 0.094718 0.367816
0 0.238616 0.484195 0.047359 0.181034
0 0.256831 0.456897 0.051002 0.206897
0 0.297814 0.571839 0.100182 0.396552
0 0.320583 0.522989 0.080146 0.316092
0 0.345173 0.456897 0.045537 0.178161
0 0.373406 0.466954 0.047359 0.181034
0 0.425319 0.637931 0.140255 0.545977
0 0.509107 0.518678 0.081967 0.324713
0 0.493625 0.451149 0.047359 0.183908
0 0.550091 0.482759 0.051002 0.206897
0 0.572860 0.587644 0.122040 0.479885
0 0.634791 0.462644 0.056466 0.218391
0 0.647541 0.500000 0.041894 0.160920
0 0.671220 0.580460 0.111111 0.425287
0 0.750455 0.525862 0.102004 0.390805
0 0.785064 0.649425 0.149362 0.580460
0 0.843352 0.492816 0.054645 0.209770
0 0.888889 0.613506 0.127505 0.497126
0 0.928962 0.583333 0.109290 0.419540
0 0.969945 0.544540 0.060109 0.382184
0 0.966302 0.482759 0.056466 0.218391
0 0.724954 0.458333 0.051002 0.198276
