0 0.092727 0.548343 0.141818 0.527624
0 0.241818 0.433702 0.094545 0.348066
0 0.340000 0.570442 0.174545 0.654696
0 0.470000 0.437845 0.096364 0.367403
0 0.576364 0.450276 0.105455 0.392265
0 0.517273 0.372928 0.074545 0.281768
0 0.623636 0.401934 0.083636 0.312155
0 0.714545 0.638122 0.181818 0.674033
0 0.818182 0.480663 0.109091 0.403315
0 0.945455 0.429558 0.098182 0.372928
0 0.171818 0.361878 0.070909 0.265193
0 0.400000 0.295580 0.043636 0.171271
0 0.417273 0.323204 0.034545 0.127072
0 0.899091 0.338398 0.049091 0.190608
0 0.107273 0.263812 0.043636 0.124309
0 0.666364 0.241713 0.252727 0.080110
