0 0.638889 0.489167 0.113333 0.208333
0 0.764444 0.490000 0.111111 0.206667
0 0.723333 0.479167 0.100000 0.188333
0 0.916667 0.509167 0.117778 0.218333
0 0.828889 0.476667 0.106667 0.196667
0 1.005556 0.480833 0.108889 0.201667
0 1.047778 0.471667 0.104444 0.193333
0 1.088889 0.465000 0.093333 0.170000
0 1.173333 0.512500 0.128889 0.241667
0 1.205556 0.495833 0.122222 0.225000
0 0.697778 0.364167 0.044444 0.085000
0 0.725556 0.364167 0.042222 0.081667
0 0.348889 0.371667 0.035556 0.096667
0 0.408889 0.347500 0.040000 0.031667
0 0.424444 0.333333 0.026667 0.050000
0 0.447778 0.349167 0.033333 0.038333
0 0.472222 0.347500 0.024444 0.035000
0 0.498889 0.348333 0.033333 0.030000
0 0.512222 0.349167 0.020000 0.031667
0 0.544444 0.349167 0.031111 0.031667
0 0.574444 0.351667 0.037778 0.036667
0 0.892222 0.408333 0.060000 0.076667
0 1.280000 0.457500 0.102222 0.208333
