0 0.305233 0.437273 0.110465 0.172727
0 0.485465 0.391818 0.098837 0.150909
0 0.629360 0.419091 0.078488 0.118182
0 0.584302 0.397273 0.075581 0.114545
0 0.777616 0.423636 0.072674 0.109091
0 0.825581 0.414545 0.133721 0.203636
0 0.930233 0.406364 0.075581 0.118182
0 1.000000 0.410909 0.052326 0.083636
0 1.040698 0.409091 0.075581 0.116364
0 1.088663 0.420909 0.055233 0.089091
0 1.207849 0.418182 0.055233 0.083636
0 1.325581 0.419091 0.058140 0.089091
0 1.460756 0.416364 0.031977 0.054545
0 1.482558 0.412727 0.034884 0.058182
0 1.443314 0.411818 0.037791 0.056364
