0 0.157950 0.548896 0.131799 0.492114
0 0.311715 0.564669 0.163180 0.605678
0 0.391213 0.541009 0.121339 0.457413
0 0.745816 0.589905 0.165272 0.605678
0 0.706067 0.545741 0.123431 0.454259
0 0.421548 0.548896 0.035565 0.138801
0 0.444561 0.552050 0.035565 0.132492
0 0.486402 0.555205 0.031381 0.126183
0 0.564854 0.514196 0.058577 0.214511
0 0.475941 0.517350 0.052301 0.195584
0 0.442469 0.501577 0.056485 0.208202
0 0.615063 0.525237 0.058577 0.223975
0 0.658996 0.512618 0.066946 0.249211
0 0.847280 0.558360 0.050209 0.189274
0 0.894351 0.553628 0.056485 0.217666
0 0.962343 0.526814 0.075314 0.315457
0 0.934100 0.528391 0.060669 0.223975
0 0.592050 0.520505 0.054393 0.208202
0 0.804393 0.550473 0.069038 0.167192
0 0.482218 0.413249 0.156904 0.069401
0 0.872385 0.433754 0.171548 0.123028
