0 0.327500 0.621951 0.407500 0.746717
0 0.584375 0.532364 0.128750 0.235460
0 0.088750 0.409475 0.070000 0.130394
0 0.030625 0.412758 0.061250 0.125704
0 0.651875 0.439962 0.086250 0.157598
0 0.685625 0.441370 0.073750 0.136023
0 0.721250 0.432927 0.072500 0.132270
0 0.922500 0.563321 0.155000 0.445591
0 0.886250 0.447936 0.085000 0.156660
0 0.850625 0.445591 0.066250 0.123827
0 0.132500 0.393527 0.037500 0.070356
0 0.750625 0.424015 0.068750 0.129456
0 0.791875 0.433396 0.071250 0.131332
0 0.814375 0.426360 0.071250 0.132270
0 0.250000 0.400094 0.037500 0.064728
0 0.428125 0.389306 0.073750 0.060038
0 0.480000 0.407129 0.062500 0.073171
0 0.569375 0.400094 0.078750 0.077861
0 0.527500 0.395403 0.032500 0.057223
