0 0.120000 0.737333 0.152000 0.493333
0 0.749000 0.661333 0.158000 0.512000
0 0.622000 0.618667 0.076000 0.245333
0 0.932000 0.609333 0.096000 0.317333
0 0.404000 0.530667 0.136000 0.442667
0 0.542000 0.597333 0.044000 0.149333
0 0.508000 0.594667 0.036000 0.117333
0 0.479000 0.598667 0.046000 0.152000
0 0.448000 0.604000 0.052000 0.168000
0 0.665000 0.592000 0.042000 0.144000
0 0.834000 0.626667 0.084000 0.277333
0 0.017000 0.624000 0.034000 0.133333
0 0.231000 0.598667 0.030000 0.104000
0 0.186000 0.566667 0.052000 0.029333
0 0.294000 0.602667 0.088000 0.101333
0 0.524000 0.586667 0.032000 0.138667
0 0.575000 0.594667 0.058000 0.160000
0 0.702000 0.565333 0.064000 0.181333
