0 0.714444 0.755000 0.113333 0.423333
0 0.552222 0.705000 0.113333 0.416667
0 0.520000 0.723333 0.093333 0.353333
0 0.452222 0.708333 0.100000 0.363333
0 0.398889 0.696667 0.091111 0.333333
0 0.368889 0.686667 0.088889 0.333333
0 0.341111 0.683333 0.091111 0.340000
0 0.168889 0.673333 0.057778 0.220000
0 0.182222 0.655000 0.057778 0.216667
0 0.206667 0.633333 0.044444 0.166667
0 0.245556 0.668333 0.082222 0.303333
0 0.286667 0.665000 0.080000 0.290000
0 0.317778 0.676667 0.088889 0.326667
0 0.606667 0.671667 0.053333 0.196667
0 0.023333 0.645000 0.028889 0.110000
0 0.011111 0.651667 0.022222 0.110000
0 0.644444 0.650000 0.111111 0.213333
0 0.857778 0.643333 0.271111 0.220000
