0 0.802486 0.373418 0.267956 0.428571
0 0.381215 0.425859 0.276243 0.443038
0 0.132597 0.379747 0.265193 0.517179
0 1.015193 0.358047 0.201657 0.325497
0 1.203039 0.305606 0.174033 0.282098
0 1.288674 0.306510 0.162983 0.258590
0 1.412983 0.246835 0.229282 0.446655
0 1.038674 0.252260 0.193370 0.309222
0 0.838398 0.238698 0.273481 0.437613
0 0.665746 0.258590 0.298343 0.481013
0 0.437845 0.280289 0.345304 0.556962
0 0.730663 0.226944 0.151934 0.349005
0 1.136740 0.113924 0.113260 0.184448
0 1.142265 0.043400 0.179558 0.079566
0 0.526243 0.059675 0.091160 0.086799
0 0.309392 0.132911 0.121547 0.262206
0 0.063536 0.023508 0.055249 0.047016
0 0.085635 0.042495 0.027624 0.052441
