0 0.580000 0.345000 0.151111 0.276667
0 0.707778 0.346667 0.135556 0.246667
0 0.993333 0.345000 0.177778 0.326667
0 1.088889 0.343333 0.155556 0.283333
0 1.224444 0.378333 0.106667 0.200000
0 0.100000 0.341667 0.088889 0.166667
0 0.137778 0.245833 0.080000 0.151667
0 0.060000 0.238333 0.071111 0.130000
0 0.021111 0.232500 0.042222 0.125000
0 0.193333 0.331667 0.093333 0.170000
0 0.775556 0.335833 0.102222 0.188333
0 0.237778 0.291667 0.066667 0.090000
0 1.177778 0.376667 0.057778 0.133333
0 0.055556 0.353333 0.102222 0.146667
