0 0.670940 0.354839 0.149573 0.274194
0 0.460470 0.447581 0.126068 0.230645
0 0.610043 0.321774 0.134615 0.253226
0 0.767094 0.287903 0.072650 0.137097
0 0.916667 0.289516 0.068376 0.130645
0 0.990385 0.287903 0.070513 0.133871
0 0.278846 0.291129 0.096154 0.182258
0 0.470085 0.275806 0.051282 0.093548
0 0.432692 0.263710 0.049145 0.091935
0 0.408120 0.272581 0.051282 0.100000
0 0.063034 0.262903 0.032051 0.064516
0 0.126068 0.249194 0.025641 0.053226
0 1.013889 0.281452 0.053419 0.101613
0 0.364316 0.258065 0.070513 0.058065
0 1.073718 0.255645 0.087607 0.053226
