0 0.034058 0.615721 0.068116 0.379913
0 0.093478 0.485808 0.076812 0.286026
0 0.164493 0.592795 0.088406 0.325328
0 0.235507 0.635371 0.105797 0.388646
0 0.292029 0.577511 0.082609 0.307860
0 0.386957 0.614629 0.095652 0.351528
0 0.452174 0.644105 0.153623 0.563319
0 0.516667 0.660480 0.102899 0.382096
0 0.562319 0.580786 0.078261 0.292576
0 0.593478 0.629913 0.097101 0.364629
0 0.630435 0.574236 0.075362 0.279476
0 0.668116 0.614629 0.092754 0.347162
0 0.751449 0.658297 0.134783 0.495633
0 0.839855 0.655022 0.108696 0.406114
0 0.900725 0.637555 0.097101 0.358079
0 0.953623 0.610262 0.092754 0.360262
0 0.336232 0.482533 0.066667 0.253275
0 0.234058 0.421397 0.059420 0.100437
0 0.254348 0.395197 0.033333 0.122271
0 0.287681 0.401747 0.033333 0.109170
0 0.027536 0.430131 0.049275 0.192140
0 0.568841 0.373362 0.500000 0.113537
0 0.915942 0.432314 0.153623 0.113537
0 0.593478 0.233624 0.285507 0.161572
0 0.318116 0.162664 0.160870 0.272926
