0 0.215455 0.716923 0.110909 0.461538
0 0.035455 0.676923 0.070909 0.406154
0 0.085455 0.635385 0.072727 0.310769
0 0.135455 0.560000 0.052727 0.215385
0 0.323636 0.595385 0.061818 0.261538
0 0.247273 0.644615 0.090909 0.378462
0 0.370000 0.583077 0.063636 0.261538
0 0.420000 0.652308 0.094545 0.387692
0 0.467273 0.607692 0.072727 0.298462
0 0.556364 0.640000 0.083636 0.356923
0 0.525455 0.587692 0.058182 0.246154
0 0.634545 0.570769 0.054545 0.230769
0 0.662727 0.600000 0.070909 0.295385
0 0.763636 0.590769 0.065455 0.270769
0 0.819091 0.560000 0.056364 0.233846
0 0.857273 0.553846 0.052727 0.221538
0 0.908182 0.547692 0.049091 0.203077
0 0.940909 0.540000 0.045455 0.187692
0 0.980000 0.535385 0.040000 0.166154
0 0.363636 0.480000 0.200000 0.055385
0 0.497273 0.561538 0.045455 0.249231
0 0.545455 0.472308 0.029091 0.070769
0 0.694545 0.521538 0.120000 0.156923
0 0.870909 0.466154 0.203636 0.064615
