0 0.242424 0.335079 0.078788 0.115183
0 0.046970 0.336824 0.081818 0.115183
0 0.119697 0.337696 0.075758 0.106457
0 0.404545 0.388307 0.172727 0.242583
0 0.504545 0.395288 0.166667 0.239092
0 0.598485 0.387435 0.172727 0.244328
0 0.668182 0.396161 0.166667 0.233857
0 0.756061 0.380454 0.166667 0.240838
0 0.851515 0.381326 0.181818 0.256545
0 0.953030 0.394415 0.160606 0.230366
0 1.062121 0.390052 0.166667 0.239092
0 1.181818 0.397906 0.157576 0.226876
0 1.286364 0.384817 0.172727 0.242583
0 1.418182 0.390052 0.169697 0.239092
0 0.054545 0.338569 0.060606 0.027923
0 0.131818 0.342932 0.039394 0.019197
0 0.095455 0.341187 0.033333 0.019197
0 0.177273 0.342932 0.027273 0.019197
0 0.206061 0.340314 0.030303 0.017452
0 0.315152 0.334206 0.066667 0.036649
0 1.474242 0.123909 0.518182 0.160558
0 0.954545 0.113438 0.509091 0.146597
0 0.510606 0.105585 0.372727 0.144852
0 0.163636 0.098604 0.309091 0.148342
0 1.593939 0.323735 0.272727 0.057592
