0 0.228889 0.593851 0.191111 0.676375
0 0.405556 0.538835 0.166667 0.592233
0 0.467778 0.524272 0.140000 0.498382
0 0.590000 0.566343 0.157778 0.569579
0 0.551111 0.351133 0.075556 0.275081
0 0.491111 0.368932 0.075556 0.278317
0 0.452222 0.355987 0.077778 0.284790
0 0.628889 0.389968 0.106667 0.378641
0 0.648889 0.381877 0.102222 0.362460
0 0.673333 0.354369 0.088889 0.320388
0 0.726667 0.317152 0.075556 0.278317
0 0.758889 0.302589 0.068889 0.249191
0 0.784444 0.307443 0.062222 0.220065
0 0.846667 0.292880 0.062222 0.223301
0 0.864444 0.263754 0.057778 0.203883
0 0.893333 0.257282 0.053333 0.190939
0 0.903333 0.242718 0.046667 0.168285
0 0.934444 0.252427 0.051111 0.187702
