0 0.096250 0.280669 0.077500 0.278810
0 0.136250 0.262082 0.062500 0.234201
0 0.160000 0.267658 0.060000 0.223048
0 0.202500 0.230483 0.075000 0.275093
0 0.263750 0.262082 0.062500 0.234201
0 0.382500 0.304833 0.070000 0.252788
0 0.465000 0.308550 0.065000 0.237918
0 0.537500 0.308550 0.060000 0.223048
0 0.625000 0.304833 0.060000 0.230483
0 0.603750 0.276952 0.062500 0.234201
0 0.708750 0.299257 0.067500 0.241636
0 0.688750 0.275093 0.067500 0.245353
0 0.787500 0.284387 0.065000 0.249071
0 0.873750 0.308550 0.072500 0.260223
0 0.917500 0.308550 0.075000 0.275093
0 0.508750 0.815985 0.972500 0.353160
