0 0.154396 0.514003 0.102198 0.372323
0 0.183516 0.467875 0.096703 0.359143
0 0.247253 0.471170 0.094505 0.349259
0 0.315934 0.477759 0.097802 0.362438
0 0.409890 0.495881 0.096703 0.355848
0 0.493956 0.481878 0.102198 0.377265
0 0.569231 0.461285 0.028571 0.105437
0 0.635165 0.463756 0.028571 0.107084
0 0.652747 0.455519 0.032967 0.123558
0 0.753846 0.457990 0.028571 0.108731
0 0.764835 0.456343 0.032967 0.121911
0 0.793407 0.459638 0.030769 0.112026
0 0.851648 0.452224 0.035165 0.130148
0 0.913736 0.457990 0.031868 0.118616
0 0.936813 0.459638 0.031868 0.121911
