0 1.094340 0.401770 0.132075 0.240708
0 1.170991 0.336283 0.030660 0.060177
0 1.211085 0.336283 0.025943 0.053097
0 1.237028 0.328319 0.035377 0.069027
0 1.280660 0.333628 0.037736 0.069027
0 1.262972 0.335398 0.030660 0.058407
0 0.244104 0.436283 0.115566 0.214159
0 0.329009 0.430088 0.110849 0.205310
0 0.420991 0.406195 0.110849 0.207080
0 0.482311 0.401770 0.101415 0.191150
0 0.557783 0.398230 0.087264 0.162832
0 0.620283 0.390265 0.094340 0.178761
0 0.733491 0.381416 0.084906 0.161062
0 0.045991 0.436283 0.091981 0.231858
0 0.143868 0.425664 0.108491 0.200000
0 0.193396 0.430973 0.113208 0.210619
0 0.893868 0.480531 0.212264 0.210619
0 1.035377 0.457522 0.094340 0.207080
0 1.090802 0.397345 0.082547 0.125664
0 1.214623 0.413274 0.080189 0.129204
0 0.320755 0.395575 0.636792 0.178761
0 0.899764 0.346018 0.356132 0.104425
