0 1.156863 0.519512 0.111111 0.200000
0 1.031046 0.524390 0.088235 0.165854
0 0.959150 0.514634 0.094771 0.170732
0 0.895425 0.515854 0.098039 0.178049
0 0.851307 0.523171 0.101307 0.192683
0 0.802288 0.528049 0.094771 0.173171
0 0.751634 0.529268 0.098039 0.180488
0 0.153595 0.536585 0.098039 0.180488
0 0.207516 0.535366 0.088235 0.163415
0 0.253268 0.540244 0.088235 0.158537
0 0.331699 0.535366 0.088235 0.168293
0 0.395425 0.530488 0.091503 0.168293
0 0.465686 0.535366 0.088235 0.163415
0 0.504902 0.535366 0.088235 0.168293
0 0.545752 0.536585 0.091503 0.165854
0 0.594771 0.534146 0.091503 0.170732
0 0.640523 0.537805 0.078431 0.148780
0 0.689542 0.536585 0.091503 0.165854
0 0.723856 0.529268 0.094771 0.170732
0 0.300654 0.532927 0.078431 0.148780
