0 0.101792 0.347168 0.086319 0.127930
0 0.179967 0.426758 0.187296 0.275391
0 0.245928 0.380371 0.153094 0.225586
0 0.351792 0.413086 0.172638 0.251953
0 0.540717 0.363281 0.097720 0.144531
0 0.739414 0.405762 0.146580 0.215820
0 0.875407 0.312012 0.060261 0.090820
0 0.843648 0.314941 0.058632 0.086914
0 0.617264 0.324707 0.058632 0.084961
0 0.790717 0.318359 0.047231 0.068359
0 0.968241 0.446289 0.206840 0.302734
0 1.079805 0.421387 0.156352 0.229492
0 1.145765 0.338379 0.086319 0.129883
0 1.165309 0.329590 0.079805 0.118164
0 1.198697 0.345703 0.081433 0.121094
0 1.346091 0.465332 0.171010 0.250977
0 1.578176 0.446289 0.179153 0.300781
0 0.032573 0.345703 0.065147 0.125000
0 0.656352 0.317383 0.039088 0.060547
0 1.325733 0.326172 0.081433 0.121094
0 0.846091 0.297363 0.271987 0.061523
