0 0.974654 0.341696 0.036866 0.067474
0 0.895161 0.336505 0.043779 0.084775
0 0.706221 0.333910 0.029954 0.058824
0 0.683180 0.324394 0.029954 0.053633
0 0.468894 0.385813 0.066820 0.121107
0 0.410138 0.391003 0.064516 0.117647
0 0.061060 0.391003 0.025346 0.048443
0 0.093318 0.387543 0.025346 0.051903
0 0.160138 0.378893 0.025346 0.044983
0 0.264977 0.421280 0.041475 0.077855
0 0.350230 0.390138 0.036866 0.070934
0 0.525346 0.356401 0.027650 0.051903
0 0.294931 0.418685 0.041475 0.031142
0 0.820276 0.364187 0.069124 0.067474
0 0.951613 0.493080 0.138249 0.249135
0 0.947005 0.491349 0.064516 0.117647
