0 0.341250 0.802632 0.062500 0.229323
0 0.665000 0.815789 0.065000 0.240602
0 0.150000 0.586466 0.040000 0.157895
0 0.250000 0.590226 0.045000 0.165414
0 0.330000 0.511278 0.040000 0.150376
0 0.428750 0.520677 0.042500 0.154135
0 0.557500 0.590226 0.045000 0.172932
0 0.660000 0.590226 0.050000 0.180451
0 0.721250 0.505639 0.042500 0.161654
0 0.816250 0.511278 0.042500 0.165414
0 0.866250 0.421053 0.037500 0.142857
0 0.911250 0.492481 0.037500 0.150376
0 0.760000 0.238722 0.030000 0.109023
0 0.691250 0.203008 0.027500 0.112782
0 0.621250 0.148496 0.032500 0.131579
0 0.567500 0.142857 0.030000 0.112782
0 0.510000 0.193609 0.030000 0.109023
0 0.448750 0.233083 0.027500 0.105263
0 0.203750 0.251880 0.317500 0.203008
0 0.662500 0.310150 0.620000 0.146617
0 0.182500 0.075188 0.270000 0.127820
