0 0.120536 0.406716 0.214286 0.291045
0 0.243304 0.424129 0.183036 0.256219
0 0.395089 0.410448 0.200893 0.278607
0 0.506696 0.419154 0.174107 0.241294
0 0.627232 0.409204 0.200893 0.271144
0 0.792411 0.401741 0.209821 0.286070
0 0.863839 0.402985 0.200893 0.278607
0 0.995536 0.406716 0.205357 0.286070
0 1.120536 0.419154 0.187500 0.261194
0 1.234375 0.405473 0.209821 0.283582
0 1.350446 0.399254 0.209821 0.291045
0 1.421875 0.409204 0.174107 0.236318
0 0.332589 0.421642 0.075893 0.251244
0 0.566964 0.315920 0.089286 0.084577
0 1.062500 0.318408 0.071429 0.054726
0 1.283482 0.296020 0.066964 0.049751
0 0.037946 0.434080 0.075893 0.221393
