0 0.035000 0.484167 0.070000 0.251667
0 0.060000 0.496667 0.082500 0.266667
0 0.094375 0.515000 0.086250 0.286667
0 0.137500 0.541667 0.095000 0.313333
0 0.198750 0.555833 0.110000 0.361667
0 0.233125 0.567500 0.116250 0.381667
0 0.275000 0.593333 0.122500 0.403333
0 0.317500 0.602500 0.130000 0.425000
0 0.364375 0.660833 0.141250 0.458333
0 0.488750 0.565000 0.105000 0.346667
0 0.515000 0.500833 0.075000 0.248333
0 0.575000 0.579167 0.125000 0.405000
0 0.645000 0.511667 0.092500 0.300000
0 0.675000 0.486667 0.077500 0.253333
0 0.724375 0.532500 0.096250 0.318333
0 0.821875 0.516667 0.093750 0.303333
0 0.930625 0.485000 0.073750 0.243333
0 0.906875 0.461667 0.063750 0.206667
0 0.971250 0.468333 0.057500 0.236667
0 0.393125 0.473333 0.056250 0.206667
0 0.495000 0.353333 0.985000 0.106667
