0 0.026829 0.189003 0.053659 0.254296
0 0.062195 0.197595 0.075610 0.271478
0 0.290244 0.450172 0.234146 0.810997
0 0.529268 0.197595 0.078049 0.271478
0 0.498780 0.199313 0.080488 0.274914
0 0.471951 0.197595 0.075610 0.264605
0 0.659756 0.302405 0.158537 0.556701
0 0.768293 0.209622 0.102439 0.357388
0 0.869512 0.099656 0.036585 0.123711
0 0.563415 0.201031 0.078049 0.278351
0 0.135366 0.144330 0.060976 0.206186
0 0.175610 0.132302 0.053659 0.092784
0 0.217073 0.111684 0.034146 0.092784
0 0.245122 0.113402 0.046341 0.089347
0 0.395122 0.134021 0.043902 0.178694
0 0.423171 0.146048 0.056098 0.189003
0 0.632927 0.077320 0.036585 0.072165
0 0.732927 0.183849 0.051220 0.298969
0 0.806098 0.097938 0.017073 0.085911
0 0.786585 0.087629 0.017073 0.065292
