0 0.089157 0.347581 0.086747 0.146774
0 0.169880 0.353226 0.089157 0.145161
0 0.281928 0.357258 0.077108 0.130645
0 0.557831 0.391129 0.093976 0.153226
0 0.631325 0.412097 0.086747 0.146774
0 0.755422 0.404839 0.098795 0.164516
0 0.855422 0.400806 0.086747 0.143548
0 0.921687 0.391129 0.079518 0.133871
0 0.991566 0.431452 0.108434 0.179032
0 1.042169 0.420161 0.093976 0.153226
0 1.139759 0.401613 0.081928 0.135484
0 1.248193 0.418548 0.110843 0.185484
0 1.212048 0.365323 0.053012 0.088710
0 1.390361 0.396774 0.053012 0.090323
0 1.338554 0.389516 0.045783 0.079032
0 1.172289 0.340323 0.012048 0.025806
0 1.286747 0.402419 0.067470 0.198387
0 1.103614 0.400806 0.048193 0.127419
0 1.053012 0.340323 0.038554 0.035484
0 1.022892 0.351613 0.036145 0.041935
0 0.959036 0.392742 0.038554 0.117742
0 0.839759 0.326613 0.026506 0.030645
0 0.883133 0.333065 0.026506 0.030645
0 0.802410 0.313710 0.053012 0.050000
0 0.775904 0.311290 0.028916 0.009677
0 0.714458 0.390323 0.065060 0.122581
0 0.696386 0.375000 0.057831 0.104839
0 0.677108 0.316129 0.028916 0.022581
0 0.654217 0.308065 0.021687 0.019355
0 0.656627 0.353226 0.045783 0.077419
0 0.625301 0.320968 0.031325 0.025806
0 0.630120 0.305645 0.026506 0.014516
0 0.562651 0.307258 0.050602 0.062903
0 0.593976 0.318548 0.026506 0.033871
0 0.509639 0.350000 0.065060 0.096774
0 0.474699 0.299194 0.043373 0.043548
0 0.448193 0.329839 0.048193 0.069355
0 0.416867 0.343548 0.048193 0.109677
0 0.373494 0.320968 0.057831 0.070968
0 0.349398 0.323387 0.038554 0.056452
0 0.320482 0.295161 0.038554 0.035484
0 0.248193 0.287097 0.067470 0.048387
0 0.232530 0.344355 0.036145 0.108065
0 0.207229 0.295968 0.043373 0.040323
0 0.133735 0.308065 0.040964 0.061290
0 0.260241 0.392742 0.086747 0.111290
0 0.377108 0.396774 0.093976 0.109677
0 0.442169 0.377419 0.050602 0.051613
0 0.479518 0.399194 0.081928 0.091935
