0 1.714891 0.280829 0.163438 0.246294
0 1.585654 0.295485 0.195521 0.265499
0 1.526029 0.275606 0.122276 0.165768
0 1.453692 0.296159 0.196731 0.267520
0 1.309625 0.290431 0.214891 0.292453
0 1.145581 0.278639 0.115617 0.157682
0 1.018462 0.279481 0.132567 0.180256
0 0.871065 0.278302 0.134383 0.182615
0 0.736985 0.276112 0.139831 0.189690
0 0.577482 0.273753 0.181598 0.247642
0 0.350182 0.284367 0.177361 0.241914
0 0.153148 0.272237 0.188862 0.257412
0 1.782990 0.270553 0.023608 0.152965
0 1.649818 0.276112 0.028450 0.174865
0 1.766646 0.290431 0.040557 0.087601
