0 0.024468 0.367857 0.048936 0.095714
0 0.142553 0.352143 0.055319 0.092857
0 0.170213 0.367143 0.055319 0.094286
0 0.230851 0.372857 0.057447 0.097143
0 0.304255 0.359286 0.051064 0.087143
0 0.370213 0.361429 0.055319 0.094286
0 0.436170 0.367857 0.063830 0.104286
0 0.480851 0.357143 0.051064 0.082857
0 0.561702 0.365000 0.055319 0.095714
0 0.608511 0.370714 0.059574 0.101429
0 0.658511 0.362857 0.053191 0.085714
0 0.705319 0.368571 0.053191 0.088571
0 0.787234 0.367857 0.063830 0.104286
0 0.872340 0.371429 0.059574 0.100000
0 0.954255 0.370000 0.061702 0.102857
0 1.023404 0.387143 0.068085 0.111429
0 1.088298 0.370714 0.065957 0.112857
0 1.159574 0.373571 0.055319 0.090000
0 1.245745 0.386429 0.078723 0.130000
0 1.302128 0.374286 0.055319 0.094286
0 1.345745 0.373571 0.057447 0.098571
0 1.382979 0.371429 0.051064 0.085714
0 1.304255 0.298571 0.055319 0.094286
0 1.191489 0.296429 0.046809 0.078571
0 0.878723 0.289286 0.046809 0.078571
0 1.013830 0.292143 0.048936 0.081429
0 0.782979 0.297857 0.046809 0.075714
0 0.677660 0.302143 0.036170 0.064286
0 0.560638 0.295000 0.036170 0.061429
0 0.250000 0.351429 0.048936 0.082857
0 0.530851 0.359286 0.044681 0.095714
0 0.736170 0.352857 0.051064 0.080000
0 0.852128 0.350714 0.057447 0.084286
0 1.017021 0.334286 0.038298 0.045714
