0 0.280488 0.434122 0.082317 0.113176
0 0.420732 0.426943 0.091463 0.125845
0 0.537348 0.426098 0.077744 0.107264
0 0.678354 0.425676 0.097561 0.131757
0 0.792683 0.419764 0.079268 0.108108
0 0.913110 0.419341 0.094512 0.130912
0 1.051829 0.419764 0.076220 0.104730
0 1.206555 0.423986 0.092988 0.125000
0 1.331555 0.421453 0.077744 0.104730
0 1.487805 0.423142 0.097561 0.131757
0 0.942835 0.304054 0.010671 0.015203
0 0.478659 0.358530 0.027439 0.038007
0 0.991616 0.290963 0.007622 0.012669
0 0.999238 0.288851 0.007622 0.010135
0 0.332317 0.361064 0.045732 0.022804
0 0.437500 0.365287 0.039634 0.029561
