0 0.067969 0.830211 0.073438 0.269321
0 0.285938 0.836066 0.068750 0.257611
0 0.326562 0.713115 0.062500 0.236534
0 0.364063 0.730679 0.059375 0.224824
0 0.408594 0.723653 0.054688 0.206089
0 0.444531 0.729508 0.057813 0.213115
0 0.471094 0.791569 0.085938 0.318501
0 0.529687 0.716628 0.059375 0.220141
0 0.574219 0.822014 0.076563 0.281030
0 0.621094 0.807963 0.098437 0.360656
0 0.653125 0.817330 0.078125 0.285714
0 0.728906 0.813817 0.070312 0.264637
0 0.900000 0.811475 0.071875 0.269321
0 0.312500 0.578454 0.046875 0.121780
0 0.350781 0.539813 0.054688 0.077283
0 0.365625 0.617096 0.037500 0.072600
0 0.389062 0.599532 0.034375 0.088993
0 0.407813 0.545667 0.040625 0.084309
0 0.432031 0.592506 0.042188 0.060890
0 0.460938 0.601874 0.021875 0.051522
0 0.482812 0.579625 0.037500 0.053864
0 0.494531 0.637002 0.026562 0.098361
0 0.460156 0.538642 0.042188 0.065574
0 0.491406 0.518735 0.057813 0.058548
0 0.540625 0.529274 0.046875 0.065574
0 0.527344 0.588993 0.042188 0.063232
0 0.560156 0.580796 0.035937 0.056206
0 0.546875 0.607728 0.025000 0.063232
0 0.564063 0.654567 0.043750 0.063232
0 0.591406 0.591335 0.023438 0.039813
0 0.607031 0.586651 0.035937 0.058548
0 0.602344 0.511710 0.073438 0.091335
0 0.649219 0.576112 0.029687 0.056206
0 0.626563 0.622951 0.037500 0.065574
0 0.600000 0.635831 0.040625 0.063232
0 0.658594 0.638173 0.026562 0.058548
0 0.676562 0.604215 0.025000 0.074941
0 0.666406 0.528103 0.035937 0.063232
0 0.704688 0.566745 0.028125 0.042155
0 0.701562 0.637002 0.037500 0.046838
0 0.720313 0.605386 0.040625 0.067916
0 0.735938 0.639344 0.040625 0.051522
0 0.756250 0.614754 0.040625 0.053864
0 0.759375 0.565574 0.046875 0.063232
0 0.771875 0.629977 0.015625 0.060890
0 0.796875 0.626464 0.046875 0.072600
0 0.804688 0.631148 0.037500 0.081967
0 0.844531 0.625293 0.035937 0.079625
0 0.868750 0.592506 0.021875 0.070258
0 0.892188 0.627635 0.034375 0.084309
0 0.821094 0.569087 0.042188 0.079625
0 0.801562 0.859485 0.068750 0.173302
0 0.675781 0.806792 0.045312 0.288056
0 0.733594 0.432084 0.064062 0.250585
0 0.788281 0.428571 0.057813 0.187354
0 0.838281 0.403981 0.085938 0.325527
0 0.904687 0.419204 0.043750 0.177986
0 0.948438 0.437939 0.068750 0.234192
