0 0.055921 0.715190 0.085526 0.411392
0 0.126645 0.702532 0.088816 0.417722
0 0.180921 0.712025 0.085526 0.405063
0 0.254112 0.708861 0.083882 0.405063
0 0.312500 0.708861 0.078947 0.379747
0 0.379934 0.719937 0.072368 0.351266
0 0.427632 0.734177 0.075658 0.367089
0 0.481086 0.737342 0.080592 0.386076
0 0.537829 0.732595 0.085526 0.401899
0 0.600329 0.734177 0.082237 0.386076
0 0.668586 0.729430 0.080592 0.382911
0 0.724507 0.721519 0.087171 0.411392
0 0.789474 0.715190 0.088816 0.417722
0 0.872533 0.718354 0.090461 0.424051
0 0.946546 0.710443 0.093750 0.439873
