0 0.078457 0.372987 0.156915 0.316637
0 0.123670 0.389088 0.226064 0.373882
0 0.238032 0.332737 0.194149 0.322004
0 0.311170 0.363148 0.191489 0.314848
0 0.413564 0.363148 0.220745 0.361360
0 0.497340 0.337209 0.180851 0.295170
0 0.615691 0.364043 0.226064 0.370304
0 0.805851 0.358676 0.218085 0.363148
0 0.912234 0.353309 0.154255 0.252236
0 1.017287 0.367621 0.194149 0.323792
0 1.142287 0.368515 0.172872 0.289803
0 1.228723 0.340787 0.143617 0.237925
0 1.313830 0.396243 0.223404 0.366726
0 0.257979 0.220036 0.037234 0.060823
0 0.466755 0.222719 0.045213 0.037567
0 0.718085 0.353309 0.074468 0.313059
0 0.885638 0.236136 0.042553 0.057245
