0 0.043050 0.060516 0.009840 0.041667
0 0.067036 0.129960 0.018450 0.077381
0 0.061501 0.175595 0.017220 0.073413
0 0.048585 0.324405 0.079951 0.315476
0 0.092866 0.436508 0.097171 0.388889
0 0.104551 0.393849 0.083641 0.327381
0 0.116236 0.324405 0.082411 0.323413
0 0.199262 0.382937 0.086101 0.345238
0 0.202337 0.474206 0.097171 0.380952
0 0.057196 0.612103 0.114391 0.474206
0 0.182042 0.780754 0.108241 0.430556
0 0.403444 0.597222 0.113161 0.452381
0 0.230627 0.313492 0.077491 0.305556
0 0.261378 0.336310 0.077491 0.303571
0 0.291513 0.311508 0.063961 0.257937
0 0.332718 0.345238 0.077491 0.305556
0 0.359779 0.311508 0.060271 0.242063
0 0.378844 0.290675 0.059041 0.232143
0 0.432349 0.301587 0.062731 0.253968
0 0.465560 0.328373 0.075031 0.295635
0 0.400984 0.191468 0.024600 0.097222
0 0.506150 0.479167 0.079951 0.319444
0 0.622386 0.323413 0.061501 0.246032
0 0.634071 0.347222 0.060271 0.238095
0 0.629151 0.738095 0.129151 0.507937
0 0.734932 0.597222 0.097171 0.384921
0 0.674047 0.462302 0.081181 0.317460
0 0.968635 0.494048 0.062731 0.376984
0 0.956950 0.428571 0.086101 0.369048
0 0.917589 0.367063 0.068881 0.269841
0 0.881919 0.401786 0.076261 0.303571
0 0.837023 0.350198 0.062731 0.248016
0 0.800123 0.385913 0.072571 0.287698
0 0.773063 0.350198 0.065191 0.255952
0 0.746617 0.289683 0.059041 0.238095
0 0.351169 0.117063 0.020910 0.043651
0 0.150677 0.227183 0.023370 0.061508
0 0.444649 0.135913 0.023370 0.037698
0 0.469865 0.165675 0.022140 0.037698
0 0.907134 0.214286 0.028290 0.055556
0 0.156212 0.104167 0.044280 0.045635
0 0.207257 0.160714 0.013530 0.071429
0 0.306888 0.155754 0.065191 0.061508
0 0.380689 0.155754 0.025830 0.053571
0 0.430504 0.157738 0.024600 0.033730
