0 0.138710 0.441130 0.225806 0.405024
0 0.231183 0.317896 0.075269 0.133438
0 0.297849 0.421507 0.178495 0.321821
0 0.423656 0.333595 0.094624 0.171115
0 0.517204 0.335165 0.092473 0.164835
0 0.629032 0.340659 0.092473 0.169545
0 0.738710 0.324961 0.092473 0.169545
0 0.847312 0.340659 0.077419 0.141287
0 0.939785 0.337520 0.081720 0.150706
0 1.016129 0.342229 0.083871 0.153846
0 1.134409 0.320251 0.062366 0.113030
0 1.212903 0.472527 0.219355 0.389325
0 1.140860 0.532182 0.126882 0.310832
0 1.023656 0.532182 0.107527 0.301413
0 0.918280 0.521193 0.103226 0.320251
0 0.811828 0.514129 0.105376 0.337520
0 0.704301 0.510989 0.101075 0.312402
0 0.600000 0.508634 0.107527 0.304553
0 0.477419 0.507849 0.133333 0.306122
0 0.354839 0.504710 0.111828 0.312402
0 0.222581 0.523548 0.148387 0.296703
