0 0.122500 0.716080 0.108333 0.407035
0 0.260833 0.694724 0.115000 0.424623
0 0.317500 0.669598 0.078333 0.293970
0 0.382500 0.690955 0.098333 0.366834
0 0.448333 0.679648 0.086667 0.324121
0 0.476667 0.641960 0.050000 0.188442
0 0.507500 0.701005 0.101667 0.376884
0 0.562500 0.675879 0.081667 0.301508
0 0.609167 0.699749 0.088333 0.329146
0 0.647500 0.723618 0.101667 0.381910
0 0.672500 0.668342 0.061667 0.231156
0 0.717500 0.668342 0.055000 0.211055
0 0.738333 0.682161 0.066667 0.248744
0 0.791667 0.680905 0.073333 0.271357
0 0.590000 0.570352 0.020000 0.040201
0 0.545000 0.574121 0.016667 0.022613
