0 0.422500 0.293991 0.118333 0.373391
0 0.573333 0.307940 0.090000 0.285408
0 0.549167 0.218884 0.045000 0.145923
0 0.076667 0.273605 0.100000 0.315451
0 0.137500 0.300429 0.111667 0.351931
0 0.195000 0.253219 0.076667 0.240343
0 0.244167 0.295064 0.118333 0.375536
0 0.285833 0.244635 0.085000 0.270386
0 0.371667 0.246781 0.080000 0.253219
0 0.469167 0.292918 0.088333 0.285408
0 0.613333 0.233906 0.046667 0.154506
0 0.636667 0.208155 0.033333 0.103004
0 0.675000 0.293991 0.080000 0.253219
0 0.510000 0.246781 0.063333 0.197425
0 0.709167 0.229614 0.038333 0.124464
0 0.781667 0.282189 0.066667 0.216738
0 0.815000 0.261803 0.046667 0.154506
0 0.938333 0.269313 0.060000 0.190987
0 0.898333 0.227468 0.026667 0.085837
0 0.840000 0.213519 0.030000 0.096567
0 0.743333 0.207082 0.030000 0.092275
0 0.731667 0.201717 0.026667 0.090129
0 0.868333 0.198498 0.013333 0.045064
0 0.911667 0.228541 0.036667 0.118026
0 0.695000 0.184549 0.016667 0.055794
0 0.657500 0.197425 0.031667 0.098712
0 0.715833 0.215665 0.035000 0.118026
0 0.767500 0.181330 0.015000 0.049356
0 0.514167 0.700644 0.031667 0.105150
0 0.525000 0.692060 0.033333 0.109442
0 0.580833 0.697425 0.028333 0.090129
0 0.615833 0.683476 0.021667 0.075107
0 0.625833 0.663090 0.018333 0.055794
0 0.802500 0.773605 0.065000 0.203863
0 0.775833 0.687768 0.018333 0.057940
0 0.687500 0.727468 0.031667 0.098712
0 0.668333 0.698498 0.023333 0.079399
0 0.629167 0.671674 0.011667 0.038627
0 0.820833 0.725322 0.048333 0.154506
0 0.848333 0.739270 0.033333 0.109442
0 0.835000 0.714592 0.036667 0.120172
0 0.901667 0.702790 0.020000 0.062232
0 0.870833 0.716738 0.038333 0.120172
0 0.485833 0.693133 0.025000 0.085837
0 0.473333 0.687768 0.020000 0.066524
0 0.433333 0.707082 0.026667 0.083691
0 0.415833 0.685622 0.015000 0.053648
0 0.386667 0.686695 0.013333 0.047210
0 0.367500 0.694206 0.018333 0.062232
0 0.356667 0.697425 0.020000 0.068670
0 0.348333 0.697425 0.020000 0.068670
0 0.340000 0.693133 0.020000 0.068670
0 0.328333 0.695279 0.023333 0.072961
0 0.316667 0.703863 0.023333 0.081545
0 0.301667 0.706009 0.023333 0.081545
0 0.286667 0.704936 0.026667 0.083691
0 0.267500 0.712446 0.028333 0.094421
0 0.244167 0.717811 0.021667 0.075107
0 0.210000 0.710300 0.030000 0.098712
0 0.165833 0.767167 0.085000 0.272532
0 0.395000 0.687768 0.016667 0.057940
0 0.223333 0.697425 0.023333 0.072961
0 0.115000 0.711373 0.033333 0.109442
0 0.100000 0.712446 0.030000 0.098712
0 0.083333 0.714592 0.036667 0.115880
0 0.060000 0.721030 0.033333 0.111588
0 0.035000 0.725322 0.033333 0.103004
0 0.252500 0.700644 0.025000 0.079399
0 0.128333 0.698498 0.023333 0.075107
0 0.408333 0.686695 0.010000 0.034335
0 0.141667 0.668455 0.013333 0.040773
0 0.564167 0.713519 0.025000 0.062232
0 0.600000 0.709227 0.040000 0.070815
0 0.642500 0.702790 0.025000 0.066524
0 0.721667 0.721030 0.030000 0.072961
0 0.961667 0.684549 0.023333 0.051502
0 0.935000 0.683476 0.030000 0.040773
0 0.949167 0.748927 0.031667 0.090129
0 0.918333 0.748927 0.026667 0.090129
0 0.885000 0.765021 0.033333 0.109442
0 0.105000 0.144850 0.030000 0.053648
0 0.485000 0.135193 0.016667 0.038627
0 0.034167 0.262876 0.018333 0.169528
0 0.530000 0.155579 0.030000 0.036481
0 0.566667 0.142704 0.016667 0.032189
0 0.606667 0.156652 0.013333 0.034335
0 0.637500 0.144850 0.018333 0.019313
0 0.681667 0.153433 0.013333 0.023605
0 0.799167 0.166309 0.041667 0.027897
0 0.752500 0.159871 0.021667 0.027897
0 0.884167 0.195279 0.018333 0.055794
0 0.560000 0.652361 0.016667 0.012876
0 0.541667 0.663090 0.020000 0.034335
0 0.599167 0.668455 0.015000 0.019313
0 0.600000 0.807940 0.110000 0.130901
0 0.650833 0.919528 0.138333 0.092275
0 0.762500 0.660944 0.015000 0.021459
0 0.808333 0.660944 0.013333 0.021459
0 0.932500 0.652361 0.021667 0.025751
0 0.890833 0.670601 0.011667 0.032189
0 0.862500 0.667382 0.018333 0.025751
0 0.743333 0.667382 0.016667 0.034335
0 0.729167 0.665236 0.011667 0.038627
0 0.718333 0.666309 0.016667 0.040773
0 0.704167 0.668455 0.015000 0.023605
0 0.688333 0.653433 0.020000 0.032189
0 0.672500 0.658798 0.011667 0.017167
0 0.756667 0.692060 0.020000 0.036481
0 0.530833 0.900215 0.051667 0.122318
0 0.447500 0.666309 0.021667 0.027897
0 0.196667 0.668455 0.013333 0.019313
0 0.240833 0.662017 0.008333 0.019313
0 0.263333 0.665236 0.010000 0.017167
