0 0.111111 0.477612 0.082437 0.288557
0 0.909498 0.504975 0.084229 0.283582
0 0.956989 0.476368 0.086022 0.305970
0 0.874552 0.483831 0.082437 0.286070
0 0.845878 0.385572 0.025090 0.094527
0 0.785842 0.402985 0.023297 0.084577
0 0.752688 0.395522 0.017921 0.059701
0 0.722222 0.396766 0.021505 0.077114
0 0.689068 0.410448 0.026882 0.094527
0 0.652330 0.404229 0.028674 0.097015
0 0.621864 0.402985 0.021505 0.079602
0 0.593190 0.400498 0.014337 0.049751
0 0.557348 0.425373 0.017921 0.069652
0 0.536738 0.380597 0.023297 0.079602
0 0.501792 0.388060 0.017921 0.069652
0 0.743728 0.373134 0.025090 0.089552
0 0.706093 0.370647 0.017921 0.059701
0 0.684588 0.356965 0.021505 0.072139
0 0.638889 0.350746 0.019713 0.069652
0 0.577061 0.361940 0.021505 0.072139
0 0.439068 0.375622 0.028674 0.099502
0 0.474014 0.384328 0.016129 0.062189
0 0.395161 0.384328 0.030466 0.106965
0 0.352151 0.386816 0.026882 0.097015
0 0.318996 0.386816 0.025090 0.092040
0 0.263441 0.399254 0.025090 0.087065
0 0.215054 0.409204 0.021505 0.077114
0 0.170251 0.425373 0.035842 0.124378
0 0.129032 0.465174 0.071685 0.248756
0 0.189068 0.385572 0.026882 0.089552
0 0.228495 0.390547 0.023297 0.084577
0 0.416667 0.375622 0.030466 0.104478
0 0.144265 0.549751 0.059140 0.199005
0 0.198029 0.542289 0.048387 0.203980
0 0.239247 0.529851 0.037634 0.179104
0 0.282258 0.524876 0.044803 0.174129
0 0.319892 0.519900 0.026882 0.169154
0 0.347670 0.502488 0.032258 0.149254
0 0.380824 0.503731 0.037634 0.151741
0 0.416667 0.504975 0.030466 0.144279
0 0.453405 0.501244 0.032258 0.171642
0 0.476703 0.446517 0.014337 0.052239
0 0.492832 0.503731 0.021505 0.146766
0 0.509857 0.436567 0.023297 0.047264
0 0.535842 0.497512 0.028674 0.164179
0 0.564516 0.507463 0.028674 0.169154
0 0.597670 0.508706 0.030466 0.166667
0 0.631720 0.516169 0.034050 0.171642
0 0.671147 0.517413 0.044803 0.184080
0 0.706989 0.518657 0.026882 0.181592
0 0.733871 0.529851 0.026882 0.174129
0 0.762545 0.468905 0.030466 0.087065
0 0.794803 0.533582 0.037634 0.201493
0 0.839606 0.541045 0.048387 0.196517
0 0.149642 0.358209 0.019713 0.054726
0 0.167563 0.345771 0.019713 0.029851
0 0.207885 0.335821 0.025090 0.049751
0 0.244624 0.356965 0.019713 0.047264
0 0.267025 0.342040 0.025090 0.032338
0 0.288530 0.368159 0.021505 0.049751
0 0.337814 0.339552 0.016129 0.032338
0 0.358423 0.322139 0.021505 0.027363
0 0.367384 0.350746 0.017921 0.034826
0 0.489247 0.356965 0.017921 0.047264
0 0.519713 0.351990 0.021505 0.057214
0 0.537634 0.324627 0.021505 0.032338
0 0.561828 0.344527 0.019713 0.047264
0 0.603047 0.343284 0.016129 0.039801
0 0.616487 0.343284 0.017921 0.029851
0 0.663978 0.340796 0.023297 0.039801
0 0.728495 0.335821 0.019713 0.034826
0 0.775986 0.333333 0.014337 0.039801
0 0.790323 0.337065 0.017921 0.037313
0 0.803763 0.363184 0.019713 0.039801
0 0.903226 0.353234 0.021505 0.039801
0 0.381720 0.339552 0.014337 0.042289
0 0.467742 0.334577 0.025090 0.027363
