0 0.200980 0.316364 0.098039 0.090909
0 0.318627 0.290909 0.078431 0.076364
0 0.348039 0.281818 0.078431 0.072727
0 0.443627 0.263636 0.053922 0.047273
0 0.487745 0.280000 0.053922 0.054545
0 0.536765 0.275455 0.073529 0.067273
0 0.688725 0.281818 0.053922 0.054545
0 0.732843 0.281818 0.053922 0.050909
0 0.838235 0.290909 0.088235 0.080000
0 0.916667 0.292727 0.068627 0.061818
0 1.019608 0.296364 0.058824 0.058182
0 1.056373 0.302727 0.044118 0.045455
0 1.110294 0.311818 0.044118 0.038182
0 1.245098 0.338182 0.058824 0.058182
0 0.029412 0.228182 0.039216 0.034545
0 0.063725 0.254545 0.058824 0.058182
0 0.132353 0.278182 0.068627 0.061818
0 0.169118 0.251818 0.044118 0.045455
0 0.245098 0.265455 0.068627 0.061818
0 0.093137 0.239091 0.039216 0.038182
0 0.203431 0.239091 0.044118 0.038182
0 0.321078 0.231818 0.024510 0.027273
0 0.399510 0.220909 0.024510 0.027273
0 0.384804 0.260000 0.063725 0.058182
0 0.465686 0.221818 0.019608 0.021818
0 0.419118 0.233636 0.024510 0.027273
0 0.497549 0.226364 0.024510 0.023636
0 0.522059 0.238182 0.024510 0.029091
0 0.622549 0.223636 0.029412 0.029091
0 0.764706 0.217273 0.029412 0.027273
0 0.718137 0.221818 0.024510 0.025455
0 1.156863 0.300909 0.029412 0.027273
0 0.333333 0.180909 0.019608 0.016364
0 0.156863 0.184545 0.019608 0.020000
0 0.012255 0.183636 0.024510 0.021818
0 0.036765 0.182727 0.024510 0.023636
0 0.105392 0.185455 0.014706 0.018182
0 1.477941 0.322727 0.093137 0.089091
0 1.544118 0.299091 0.058824 0.060000
0 1.634804 0.312727 0.122549 0.109091
0 1.688725 0.319091 0.102941 0.096364
0 1.784314 0.304545 0.107843 0.103636
0 1.875000 0.291818 0.102941 0.092727
0 1.931373 0.275455 0.058824 0.060000
0 2.029412 0.264545 0.049020 0.045455
0 2.002451 0.265455 0.044118 0.040000
0 1.727941 0.276364 0.053922 0.047273
0 2.075980 0.310909 0.112745 0.105455
0 2.120098 0.266364 0.083333 0.081818
0 2.149510 0.270000 0.073529 0.067273
0 2.367647 0.255455 0.068627 0.063636
0 2.409314 0.254545 0.073529 0.065455
0 2.448529 0.250909 0.063725 0.061818
0 2.482843 0.249091 0.063725 0.058182
0 2.306373 0.254545 0.053922 0.047273
0 2.257353 0.241818 0.044118 0.040000
0 2.230392 0.244545 0.039216 0.041818
0 0.066176 0.215455 0.024510 0.016364
0 0.254902 0.222727 0.068627 0.020000
0 1.193627 0.198182 0.230392 0.032727
0 1.026961 0.200000 0.093137 0.040000
0 0.909314 0.213636 0.151961 0.030909
0 0.887255 0.182727 0.176471 0.027273
0 0.715686 0.180909 0.156863 0.027273
0 0.539216 0.180909 0.205882 0.020000
0 1.252451 0.289091 0.132353 0.025455
0 1.200980 0.314545 0.049020 0.025455
0 1.291667 0.319091 0.053922 0.034545
0 1.401961 0.330909 0.078431 0.076364
