0 0.191176 0.473899 0.083333 0.138662
0 0.241422 0.473899 0.085784 0.138662
0 0.290441 0.479608 0.075980 0.123980
0 0.334559 0.481240 0.075980 0.127243
0 0.397059 0.473899 0.073529 0.122349
0 0.197304 0.353997 0.026961 0.048940
0 0.251225 0.349918 0.026961 0.047308
0 0.428922 0.349918 0.029412 0.047308
0 0.482843 0.349103 0.019608 0.035889
0 0.546569 0.367863 0.049020 0.079935
0 0.310049 0.332790 0.017157 0.029364
0 0.274510 0.375204 0.024510 0.039152
0 0.299020 0.394780 0.024510 0.039152
0 0.345588 0.402936 0.029412 0.052202
0 0.397059 0.394780 0.014706 0.029364
0 0.436275 0.403752 0.024510 0.040783
0 0.495098 0.398858 0.024510 0.044046
0 0.522059 0.376835 0.039216 0.065253
0 0.589461 0.344209 0.031863 0.055465
0 0.612745 0.375204 0.034314 0.055465
0 0.628676 0.399674 0.031863 0.052202
0 0.642157 0.472268 0.083333 0.135400
0 0.579657 0.476346 0.075980 0.127243
0 0.638480 0.341762 0.026961 0.044046
0 0.700980 0.344209 0.024510 0.045677
0 0.670343 0.373573 0.026961 0.048940
0 0.688725 0.403752 0.029412 0.047308
0 0.727941 0.372757 0.029412 0.047308
0 0.758578 0.396411 0.026961 0.045677
0 0.761029 0.353181 0.031863 0.050571
0 0.316176 0.371126 0.024510 0.044046
0 0.466912 0.374388 0.022059 0.040783
0 0.860294 0.364600 0.014706 0.027732
0 0.800245 0.476346 0.080882 0.130506
0 0.747549 0.429853 0.029412 0.053834
0 0.888480 0.349103 0.026961 0.048940
0 0.936275 0.349918 0.024510 0.040783
0 0.979167 0.336052 0.017157 0.029364
0 1.091912 0.352365 0.036765 0.065253
0 1.143382 0.358075 0.046569 0.076672
0 1.196078 0.368679 0.058824 0.094617
0 1.257353 0.336052 0.014706 0.026101
0 1.254902 0.382545 0.029412 0.050571
0 1.268382 0.479608 0.085784 0.140294
0 1.204657 0.477977 0.085784 0.143556
0 1.160539 0.477162 0.080882 0.135400
0 1.050245 0.476346 0.080882 0.137031
0 0.993873 0.477162 0.075980 0.128874
0 0.894608 0.474715 0.083333 0.133768
0 0.937500 0.422512 0.022059 0.035889
0 0.843137 0.429038 0.029412 0.048940
0 0.905637 0.402936 0.026961 0.045677
0 1.006127 0.404568 0.022059 0.039152
0 1.064951 0.415987 0.046569 0.078303
0 1.037990 0.377651 0.031863 0.050571
0 0.977941 0.389886 0.039216 0.068515
0 0.917892 0.375204 0.026961 0.042414
0 0.802696 0.388254 0.022059 0.035889
0 1.278186 0.405383 0.026961 0.047308
0 1.223039 0.398858 0.024510 0.044046
0 1.165441 0.390701 0.017157 0.030995
0 1.117647 0.397227 0.024510 0.044046
0 1.112745 0.431485 0.029412 0.053834
0 0.703431 0.475530 0.073529 0.125612
0 0.843137 0.349918 0.019608 0.034258
0 0.859069 0.406199 0.026961 0.048940
0 0.568627 0.407015 0.029412 0.053834
0 0.368873 0.344209 0.036765 0.022838
0 0.365196 0.369494 0.034314 0.027732
0 0.414216 0.366232 0.024510 0.024470
0 1.039216 0.336868 0.039216 0.024470
0 1.105392 0.495922 0.068627 0.127243
0 1.006127 0.492659 0.061275 0.123980
0 0.938725 0.496737 0.068627 0.112561
0 0.851716 0.495922 0.071078 0.117455
0 0.764706 0.494290 0.068627 0.117455
0 0.672794 0.491028 0.066176 0.117455
0 0.591912 0.495106 0.061275 0.115824
0 0.508578 0.496737 0.056373 0.122349
0 0.446078 0.493475 0.063725 0.128874
0 0.376225 0.491028 0.066176 0.130506
0 0.801471 0.357259 0.029412 0.022838
0 0.806373 0.336052 0.034314 0.022838
0 0.566176 0.362153 0.034314 0.022838
0 0.247549 0.387439 0.034314 0.021207
0 0.187500 0.393148 0.026961 0.016313
0 0.185049 0.367863 0.031863 0.027732
0 0.230392 0.366232 0.029412 0.021207
