0 0.038265 0.430000 0.076531 0.183333
0 0.057398 0.397500 0.089286 0.141667
0 0.100765 0.405833 0.094388 0.151667
0 0.147959 0.415833 0.096939 0.155000
0 0.201531 0.374167 0.066327 0.105000
0 0.242347 0.377500 0.066327 0.111667
0 0.283163 0.381667 0.071429 0.113333
0 0.338010 0.389167 0.068878 0.115000
0 0.390306 0.395833 0.076531 0.121667
0 0.436224 0.400833 0.071429 0.118333
0 0.299745 0.338333 0.028061 0.046667
0 0.355867 0.376667 0.063776 0.100000
0 0.459184 0.384167 0.061224 0.101667
0 0.510204 0.389167 0.066327 0.108333
0 0.535714 0.380000 0.061224 0.096667
0 0.589286 0.382500 0.061224 0.101667
0 0.616071 0.395833 0.068878 0.111667
0 0.644133 0.391667 0.058673 0.093333
0 0.720663 0.378333 0.048469 0.083333
0 0.697704 0.348333 0.048469 0.076667
0 0.785714 0.385833 0.045918 0.078333
0 0.769133 0.367500 0.053571 0.085000
0 0.482143 0.375833 0.056122 0.088333
0 0.563776 0.356667 0.040816 0.066667
0 0.668367 0.358333 0.045918 0.073333
0 0.744898 0.353333 0.035714 0.063333
0 0.825255 0.371667 0.048469 0.076667
0 0.816327 0.362500 0.045918 0.075000
0 0.854592 0.375833 0.051020 0.081667
0 0.924745 0.372500 0.053571 0.091667
0 0.896684 0.370833 0.048469 0.078333
0 0.965561 0.370833 0.043367 0.075000
0 0.983418 0.362500 0.038265 0.061667
0 1.019133 0.365833 0.038265 0.061667
0 1.003827 0.355000 0.028061 0.050000
0 0.946429 0.362500 0.040816 0.065000
0 1.047194 0.357500 0.028061 0.048333
0 1.063776 0.364167 0.035714 0.058333
0 1.095663 0.359167 0.033163 0.055000
0 1.118622 0.358333 0.038265 0.066667
0 1.158163 0.357500 0.030612 0.055000
0 1.135204 0.352500 0.030612 0.055000
0 1.198980 0.352500 0.030612 0.051667
0 1.182398 0.351667 0.028061 0.050000
0 1.225765 0.352500 0.033163 0.051667
0 1.251276 0.351667 0.022959 0.040000
0 1.266582 0.350000 0.028061 0.043333
0 1.280612 0.346667 0.025510 0.043333
0 1.316327 0.348333 0.025510 0.040000
0 1.345663 0.350833 0.043367 0.075000
0 1.371173 0.342500 0.028061 0.048333
0 1.396684 0.392500 0.058673 0.098333
0 1.423469 0.379167 0.066327 0.105000
0 0.118622 0.320833 0.038265 0.028333
0 0.156888 0.324167 0.033163 0.025000
0 0.448980 0.311667 0.030612 0.023333
0 0.369898 0.320833 0.035714 0.018333
0 0.413265 0.326667 0.030612 0.020000
0 0.579082 0.330833 0.020408 0.025000
0 0.610969 0.325000 0.017857 0.016667
0 0.318878 0.331667 0.020408 0.023333
0 0.516582 0.324167 0.063776 0.015000
0 0.876276 0.345833 0.033163 0.048333
0 1.067602 0.329167 0.033163 0.015000
0 1.026786 0.326667 0.033163 0.013333
0 0.957908 0.325000 0.038265 0.016667
