0 0.107629 0.484545 0.128065 0.212727
0 0.294278 0.460000 0.070845 0.120000
0 0.325613 0.467273 0.100817 0.170909
0 0.438692 0.454545 0.087193 0.141818
0 0.534060 0.438182 0.065395 0.109091
0 0.645777 0.443636 0.059946 0.098182
0 0.723433 0.442727 0.084469 0.143636
0 0.832425 0.436364 0.089918 0.152727
0 0.683924 0.427273 0.038147 0.069091
0 0.919619 0.453636 0.073569 0.125455
0 0.888283 0.420909 0.032698 0.052727
0 0.147139 0.458182 0.087193 0.141818
0 0.960490 0.414545 0.024523 0.043636
0 0.987738 0.432727 0.051771 0.090909
0 1.008174 0.437273 0.059946 0.103636
0 1.042234 0.436364 0.068120 0.112727
0 1.080381 0.438182 0.079019 0.134545
0 1.164850 0.460000 0.117166 0.192727
0 1.216621 0.473636 0.144414 0.241818
0 1.267030 0.448182 0.092643 0.154545
0 1.397820 0.460909 0.108992 0.183636
0 0.772480 0.408182 0.051771 0.049091
