0 0.027571 0.675000 0.037258 0.080000
0 0.046945 0.673125 0.040238 0.083750
0 0.070045 0.681875 0.032787 0.066250
0 0.084203 0.672500 0.037258 0.080000
0 0.097615 0.672500 0.040238 0.082500
0 0.181073 0.653125 0.031297 0.063750
0 0.213860 0.644375 0.031297 0.063750
0 0.200447 0.660625 0.025335 0.053750
0 0.236960 0.660625 0.032787 0.066250
0 0.251863 0.653125 0.026826 0.058750
0 0.277198 0.655625 0.032787 0.066250
0 0.322653 0.650000 0.034277 0.070000
0 0.350224 0.654375 0.032787 0.066250
0 0.382265 0.646875 0.028316 0.061250
0 0.400149 0.647500 0.028316 0.057500
0 0.421013 0.646250 0.028316 0.062500
0 0.453055 0.640000 0.029806 0.062500
0 0.472429 0.638125 0.026826 0.056250
0 0.538748 0.638750 0.028316 0.057500
0 0.569300 0.633750 0.026826 0.055000
0 0.590164 0.627500 0.026826 0.057500
0 0.601341 0.626875 0.028316 0.061250
0 0.630402 0.630000 0.026826 0.057500
0 0.257079 0.775000 0.019374 0.040000
0 0.318182 0.778750 0.019374 0.042500
0 0.338301 0.775000 0.014903 0.035000
0 0.377794 0.790000 0.016393 0.037500
0 0.498510 0.617500 0.013413 0.030000
0 0.712370 0.618750 0.026826 0.055000
0 0.730253 0.618125 0.023845 0.048750
0 0.742921 0.601875 0.013413 0.026250
0 0.660209 0.621250 0.023845 0.050000
0 0.648286 0.623125 0.026826 0.053750
0 0.777198 0.603125 0.007452 0.018750
0 0.788376 0.604375 0.005961 0.016250
0 0.814456 0.601250 0.007452 0.020000
0 0.360656 0.658750 0.023845 0.050000
0 0.007452 0.628750 0.005961 0.012500
0 0.002235 0.610625 0.004471 0.018750
0 0.022355 0.635000 0.005961 0.015000
0 0.756334 0.612500 0.019374 0.042500
0 1.130402 0.617500 0.117735 0.060000
0 1.011923 0.605625 0.119225 0.041250
0 0.917288 0.605625 0.070045 0.041250
0 0.859911 0.606250 0.044709 0.040000
0 0.683308 0.606250 0.028316 0.030000
0 0.721311 0.593750 0.008942 0.020000
0 0.542474 0.601250 0.014903 0.020000
0 0.575261 0.603750 0.014903 0.022500
0 0.395678 0.611875 0.016393 0.013750
0 0.365872 0.619375 0.019374 0.021250
