0 0.246212 0.410596 0.184343 0.294702
0 0.339646 0.420530 0.164141 0.268212
0 0.452020 0.416391 0.166667 0.269868
0 0.540404 0.419702 0.166667 0.269868
0 0.660354 0.418046 0.169192 0.273179
0 0.760101 0.419702 0.161616 0.263245
0 0.867424 0.413907 0.159091 0.254967
0 0.955808 0.411424 0.169192 0.273179
0 1.051768 0.417219 0.164141 0.261589
0 1.131313 0.419702 0.156566 0.253311
0 1.223485 0.423841 0.148990 0.241722
0 1.309343 0.422185 0.159091 0.254967
0 1.435606 0.411424 0.169192 0.276490
0 0.973485 0.471026 0.143939 0.200331
0 0.842172 0.476821 0.123737 0.188742
0 0.715909 0.470199 0.128788 0.198675
0 0.585859 0.463576 0.131313 0.215232
0 0.452020 0.465232 0.126263 0.208609
