0 0.023734 0.226923 0.034810 0.050000
0 0.058544 0.227885 0.028481 0.048077
0 0.093354 0.227885 0.034810 0.051923
0 0.071203 0.445192 0.142405 0.313462
0 0.096519 0.367308 0.060127 0.092308
0 0.337025 0.390385 0.117089 0.173077
0 0.439873 0.413462 0.132911 0.196154
0 0.613924 0.434615 0.177215 0.265385
0 0.694620 0.380769 0.117089 0.180769
0 0.876582 0.444231 0.208861 0.311538
0 0.950949 0.380769 0.104430 0.161538
0 0.841772 0.204808 0.025316 0.036538
0 1.104430 0.421154 0.158228 0.238462
0 1.151899 0.399038 0.113924 0.175000
0 1.242089 0.386538 0.085443 0.130769
0 1.405063 0.408654 0.139241 0.209615
0 1.525316 0.448077 0.202532 0.303846
0 0.916139 0.219231 0.028481 0.046154
0 1.598101 0.297115 0.063291 0.094231
0 0.234177 0.366346 0.056962 0.082692
0 0.207278 0.365385 0.053797 0.084615
0 0.291139 0.371154 0.044304 0.069231
0 0.264241 0.366346 0.053797 0.078846
0 0.754747 0.369231 0.047468 0.073077
0 0.650316 0.362500 0.053797 0.078846
0 0.553797 0.368269 0.050633 0.078846
0 0.531646 0.366346 0.056962 0.082692
0 0.500000 0.366346 0.056962 0.086538
0 1.231013 0.249038 0.082278 0.051923
0 1.139241 0.246154 0.107595 0.065385
