0 0.07692307692307693 0.7908653846153846 0.13221153846153846 0.3918269230769231
0 0.14302884615384615 0.7836538461538461 0.15144230769230768 0.4326923076923077
0 0.19110576923076922 0.6971153846153846 0.07211538461538461 0.2283653846153846
0 0.2824519230769231 0.7524038461538461 0.18990384615384615 0.4951923076923077
0 0.33774038461538464 0.6129807692307693 0.040865384615384616 0.08173076923076923
0 0.7247596153846154 0.671875 0.27403846153846156 0.6129807692307693
0 0.9050480769230769 0.6538461538461539 0.18990384615384615 0.5769230769230769
0 0.4987980769230769 0.7259615384615384 0.36778846153846156 0.5480769230769231
0 0.8245192307692307 0.5805288461538461 0.08173076923076923 0.23076923076923078
0 0.6105769230769231 0.6057692307692307 0.07692307692307693 0.2283653846153846
0 0.5661057692307693 0.5793269230769231 0.06490384615384616 0.1778846153846154
0 0.7836538461538461 0.6009615384615384 0.10576923076923077 0.30528846153846156