0 0.2283653846153846 0.27884615384615385 0.14182692307692307 0.2692307692307692
0 0.125 0.3629807692307692 0.11899038461538461 0.23918269230769232
0 0.7776442307692307 0.39302884615384615 0.14543269230769232 0.42908653846153844
0 0.6045673076923077 0.4110576923076923 0.11177884615384616 0.3004807692307692
0 0.2860576923076923 0.4110576923076923 0.0829326923076923 0.16706730769230768
0 0.07932692307692307 0.4326923076923077 0.14543269230769232 0.2776442307692308
0 0.9194711538461539 0.5528846153846154 0.15985576923076922 0.44471153846153844
0 0.4230769230769231 0.5769230769230769 0.12860576923076922 0.6899038461538461
0 0.6346153846153846 0.6394230769230769 0.30288461538461536 0.7163461538461539
0 0.38100961538461536 0.6514423076923077 0.13581730769230768 0.6622596153846154
0 0.25721153846153844 0.6754807692307693 0.203125 0.6165865384615384
0 0.18870192307692307 0.7451923076923077 0.3485576923076923 0.5084134615384616