0 0.39302884615384615 0.27403846153846156 0.037259615384615384 0.0829326923076923
0 0.24639423076923078 0.2920673076923077 0.019230769230769232 0.040865384615384616
0 0.2764423076923077 0.30408653846153844 0.021634615384615384 0.04567307692307692
0 0.7908653846153846 0.31009615384615385 0.036057692307692304 0.07211538461538461
0 0.7007211538461539 0.3125 0.03485576923076923 0.0673076923076923
0 0.20072115384615385 0.31850961538461536 0.038461538461538464 0.09375
0 0.65625 0.31971153846153844 0.03365384615384615 0.07692307692307693
0 0.7572115384615384 0.32211538461538464 0.036057692307692304 0.07211538461538461
0 0.30408653846153844 0.3233173076923077 0.036057692307692304 0.07451923076923077
0 0.12860576923076922 0.3233173076923077 0.027644230769230768 0.06129807692307692
0 0.4639423076923077 0.3293269230769231 0.03485576923076923 0.09254807692307693
0 0.4074519230769231 0.33413461538461536 0.055288461538461536 0.1141826923076923
0 0.2403846153846154 0.34615384615384615 0.04567307692307692 0.11538461538461539
0 0.9675480769230769 0.3473557692307692 0.06370192307692307 0.09495192307692307
0 0.8305288461538461 0.3473557692307692 0.037259615384615384 0.07692307692307693
0 0.6057692307692307 0.35096153846153844 0.028846153846153848 0.12980769230769232
0 0.546875 0.3581730769230769 0.0673076923076923 0.17307692307692307
0 0.8978365384615384 0.3641826923076923 0.057692307692307696 0.14302884615384615
0 0.3401442307692308 0.3713942307692308 0.06129807692307692 0.16706730769230768
0 0.1622596153846154 0.38100961538461536 0.07932692307692307 0.17307692307692307
0 0.4182692307692308 0.40865384615384615 0.06971153846153846 0.16947115384615385
0 0.8617788461538461 0.42908653846153844 0.078125 0.16947115384615385
0 0.2980769230769231 0.43149038461538464 0.0829326923076923 0.23557692307692307
0 0.7704326923076923 0.4567307692307692 0.15745192307692307 0.24879807692307693
0 0.45552884615384615 0.4723557692307692 0.07932692307692307 0.19110576923076922
0 0.9483173076923077 0.49399038461538464 0.0985576923076923 0.23798076923076922
0 0.6057692307692307 0.5252403846153846 0.09495192307692307 0.24519230769230768
0 0.055288461538461536 0.5300480769230769 0.109375 0.3425480769230769
0 0.2848557692307692 0.5564903846153846 0.14423076923076922 0.3581730769230769
0 0.20552884615384615 0.6959134615384616 0.21754807692307693 0.5564903846153846
0 0.7379807692307693 0.703125 0.23918269230769232 0.5913461538461539
0 0.9423076923076923 0.7067307692307693 0.11298076923076923 0.5853365384615384
0 0.5024038461538461 0.7079326923076923 0.22115384615384615 0.5576923076923077