0 0.43509615384615385 0.2848557692307692 0.09254807692307693 0.109375
0 0.9579326923076923 0.2920673076923077 0.0829326923076923 0.1310096153846154
0 0.12139423076923077 0.30408653846153844 0.11658653846153846 0.09735576923076923
0 0.7668269230769231 0.3125 0.06610576923076923 0.09735576923076923
0 0.32211538461538464 0.3173076923076923 0.11298076923076923 0.12860576923076922
0 0.21153846153846154 0.3233173076923077 0.10216346153846154 0.12379807692307693
0 0.6310096153846154 0.33774038461538464 0.1045673076923077 0.14423076923076922
0 0.5204326923076923 0.35216346153846156 0.08052884615384616 0.12620192307692307
0 0.8401442307692307 0.3605769230769231 0.078125 0.12620192307692307
0 0.71875 0.3605769230769231 0.09735576923076923 0.16947115384615385
0 0.25961538461538464 0.4014423076923077 0.10576923076923077 0.10817307692307693
0 0.4170673076923077 0.4098557692307692 0.08653846153846154 0.13822115384615385
0 0.9290865384615384 0.43149038461538464 0.09735576923076923 0.12740384615384615
0 0.11899038461538461 0.4362980769230769 0.15384615384615385 0.140625
0 0.59375 0.4362980769230769 0.10096153846153846 0.15745192307692307
0 0.8365384615384616 0.44711538461538464 0.10697115384615384 0.10336538461538461
0 0.4891826923076923 0.46033653846153844 0.10096153846153846 0.15985576923076922
0 0.28966346153846156 0.49038461538461536 0.11899038461538461 0.13341346153846154
0 0.7055288461538461 0.5 0.14903846153846154 0.12740384615384615
0 0.13701923076923078 0.5492788461538461 0.16826923076923078 0.10336538461538461
0 0.5901442307692307 0.5540865384615384 0.14903846153846154 0.171875
0 0.3894230769230769 0.5625 0.12379807692307693 0.17668269230769232
0 0.953125 0.5829326923076923 0.08653846153846154 0.1875
0 0.8233173076923077 0.6009615384615384 0.11778846153846154 0.18990384615384615
0 0.4795673076923077 0.640625 0.14543269230769232 0.13942307692307693
0 0.203125 0.6634615384615384 0.1875 0.1310096153846154
0 0.7007211538461539 0.6911057692307693 0.12860576923076922 0.14423076923076922
0 0.8786057692307693 0.7283653846153846 0.23798076923076922 0.15865384615384615
0 0.08173076923076923 0.7355769230769231 0.15144230769230768 0.140625
0 0.3245192307692308 0.7379807692307693 0.21514423076923078 0.15985576923076922
0 0.5348557692307693 0.7752403846153846 0.1778846153846154 0.17427884615384615
0 0.7620192307692307 0.8052884615384616 0.2403846153846154 0.18870192307692307
0 0.14903846153846154 0.8629807692307693 0.21394230769230768 0.1875
0 0.42788461538461536 0.8810096153846154 0.19831730769230768 0.18509615384615385
0 0.6899038461538461 0.9290865384615384 0.16346153846153846 0.13581730769230768
0 0.25961538461538464 0.15504807692307693 0.171875 0.21754807692307693
0 0.4675480769230769 0.16826923076923078 0.15745192307692307 0.17307692307692307
0 0.7872596153846154 0.18269230769230768 0.14302884615384615 0.13581730769230768
0 0.6237980769230769 0.19471153846153846 0.0829326923076923 0.08533653846153846
0 0.17307692307692307 0.21033653846153846 0.12379807692307693 0.10216346153846154
0 0.0625 0.23197115384615385 0.10697115384615384 0.11298076923076923
0 0.8990384615384616 0.2512019230769231 0.10336538461538461 0.14543269230769232
0 0.6995192307692307 0.25841346153846156 0.125 0.10336538461538461
0 0.5829326923076923 0.2668269230769231 0.09375 0.057692307692307696