0 0.043359375 0.78359375 0.04296875 0.076953125
0 0.081640625 0.826171875 0.0390625 0.124609375
0 0.17109375 0.7875 0.066796875 0.147265625
0 0.12109375 0.694921875 0.035546875 0.104296875
0 0.157421875 0.671484375 0.041015625 0.1140625
0 0.4859375 0.74375 0.037109375 0.12578125
0 0.44609375 0.8578125 0.037109375 0.068359375
0 0.340625 0.88828125 0.103125 0.11484375
0 0.367578125 0.82265625 0.055859375 0.139453125
0 0.418359375 0.7890625 0.048828125 0.134375
0 0.375 0.70390625 0.05 0.10625
0 0.3453125 0.694140625 0.025390625 0.100390625
0 0.308984375 0.7234375 0.053125 0.11796875
0 0.26015625 0.6984375 0.051171875 0.081640625
0 0.2953125 0.619921875 0.03125 0.04375
0 0.31640625 0.6078125 0.02578125 0.0546875
0 0.59375 0.704296875 0.02265625 0.076171875
0 0.56953125 0.660546875 0.03359375 0.140234375
0 0.81796875 0.73125 0.031640625 0.07109375
0 0.867578125 0.678515625 0.02734375 0.084765625
0 0.89375 0.705859375 0.03046875 0.059375
0 0.94375 0.69453125 0.035546875 0.076171875
0 0.8015625 0.646875 0.044921875 0.089453125
0 0.756640625 0.580859375 0.02578125 0.06328125
0 0.728125 0.58203125 0.02421875 0.075
0 0.751171875 0.55234375 0.015625 0.03125
0 0.70234375 0.533984375 0.01640625 0.044921875
0 0.681640625 0.544921875 0.021484375 0.059375
0 0.659765625 0.533984375 0.016796875 0.03125
0 0.634375 0.574609375 0.01953125 0.0546875
0 0.6203125 0.58828125 0.016796875 0.048828125
0 0.6078125 0.637890625 0.03125 0.11875
0 0.58359375 0.578515625 0.017578125 0.056640625
0 0.558984375 0.5546875 0.01953125 0.053515625
0 0.476171875 0.568359375 0.01640625 0.04765625
0 0.425390625 0.58046875 0.018359375 0.0390625
0 0.5 0.572265625 0.01953125 0.0796875
0 0.61328125 0.491796875 0.01171875 0.0390625
0 0.821875 0.571875 0.037890625 0.06015625
0 0.8015625 0.551171875 0.020703125 0.046484375
0 0.8828125 0.5296875 0.024609375 0.0875
0 0.85234375 0.530078125 0.01796875 0.083984375
0 0.8265625 0.514453125 0.01953125 0.062890625
0 0.7828125 0.50859375 0.016015625 0.066015625
0 0.762890625 0.511328125 0.015234375 0.065625
0 0.6796875 0.4875 0.010546875 0.061328125
0 0.7359375 0.467578125 0.01015625 0.033203125
0 0.7453125 0.465625 0.007421875 0.03125
0 0.905859375 0.498828125 0.013671875 0.026171875
0 0.826953125 0.480859375 0.011328125 0.021484375
0 0.9734375 0.48046875 0.01328125 0.04921875
0 0.9890625 0.481640625 0.0171875 0.060546875
0 0.9125 0.478125 0.01015625 0.024609375
0 0.752734375 0.4484375 0.0109375 0.036328125
0 0.7640625 0.445703125 0.011328125 0.037890625
0 0.838671875 0.43671875 0.01015625 0.016796875