0 0.805078125 0.85078125 0.027734375 0.09375
0 0.715234375 0.853515625 0.02421875 0.0453125
0 0.69140625 0.85 0.01875 0.054296875
0 0.6640625 0.846484375 0.0203125 0.075390625
0 0.634765625 0.86484375 0.0234375 0.053125
0 0.53671875 0.865234375 0.023046875 0.086328125
0 0.478125 0.858984375 0.021484375 0.0765625
0 0.41015625 0.858203125 0.025390625 0.072265625
0 0.355078125 0.85546875 0.018359375 0.0734375
0 0.291015625 0.85078125 0.0328125 0.0875
0 0.19375 0.882421875 0.023046875 0.0484375
0 0.1640625 0.88125 0.022265625 0.054296875
0 0.174609375 0.873046875 0.01953125 0.060546875