0 0.170703125 0.571875 0.032421875 0.11640625
0 0.223828125 0.576953125 0.032421875 0.11015625
0 0.263671875 0.580859375 0.026171875 0.10234375
0 0.2984375 0.578515625 0.02421875 0.1
0 0.33671875 0.582421875 0.02890625 0.097265625
0 0.373046875 0.586328125 0.02265625 0.106640625
0 0.413671875 0.57890625 0.023828125 0.11640625
0 0.44453125 0.57734375 0.0265625 0.121484375
0 0.496875 0.582421875 0.033984375 0.11796875
0 0.554296875 0.589453125 0.026171875 0.112890625
0 0.612109375 0.5890625 0.0328125 0.13984375